# Pose library auto-generated by Bento Buddy 

poses = {
    "turn_head": {
        "pose_matrix": {
            "Hips": [(1.0, 0.0, 0.0, 0.0), (0.0, 1.0, 0.0, 0.0), (0.0, 0.0, 1.0, 0.0), (0.0, 0.0, 0.0, 1.0)],
            "Spine": [(1.0, 0.0, 0.0, 0.0), (0.0, 1.0, 0.0, 0.0), (0.0, 0.0, 1.0, 0.0), (0.0, 0.0, 0.0, 1.0)],
            "Spine1": [(0.9999862909317017, 0.0027840430848300457, -0.004432328976690769, -6.698246579617262e-08), (-0.0026116555090993643, 0.9992576837539673, 0.03843503072857857, -2.4655486541291793e-08), (0.004536043386906385, -0.038422927260398865, 0.9992512464523315, 5.955362212262116e-07), (0.0, 0.0, 0.0, 1.0)],
            "Spine2": [(0.9998844265937805, 0.008551722392439842, -0.01256825216114521, 1.2078118061253917e-08), (-0.007097539957612753, 0.9937382340431213, 0.11150743812322617, 3.451766161788328e-08), (0.013443133793771267, -0.11140535026788712, 0.9936841130256653, -8.337507324540638e-07), (0.0, 0.0, 0.0, 1.0)],
            "Neck": [(0.9778428077697754, 0.19513039290905, -0.07581313699483871, -1.5815453480172437e-07), (-0.11498100310564041, 0.8032600283622742, 0.5844250917434692, 1.8447438776547642e-07), (0.17493675649166107, -0.5627588033676147, 0.8078982830047607, 1.7920365280588157e-06), (0.0, 0.0, 0.0, 1.0)],
            "Head": [(0.4204975962638855, -0.23661455512046814, 0.8758968710899353, 1.598857352291816e-06), (0.10728911310434341, 0.9715893268585205, 0.21095789968967438, -3.8275030078693817e-07), (-0.900927722454071, 0.005266912281513214, 0.433937132358551, 5.686314352715272e-07), (0.0, 0.0, 0.0, 1.0)],
            "HeadTop_End": [(1.0, 0.0, 0.0, 0.0), (0.0, 1.0, 0.0, 0.0), (0.0, 0.0, 1.0, 0.0), (0.0, 0.0, 0.0, 1.0)],
            "LeftShoulder": [(1.0, 0.0, 0.0, 0.0), (0.0, 1.0, 0.0, 0.0), (0.0, 0.0, 1.0, 0.0), (0.0, 0.0, 0.0, 1.0)],
            "LeftArm": [(0.5304888486862183, -0.6847955584526062, -0.4996364414691925, 0.0), (0.12312695384025574, 0.6454038023948669, -0.7538525462150574, 0.0), (0.8387021422386169, 0.33839166164398193, 0.4266963303089142, 0.0), (0.0, 0.0, 0.0, 1.0)],
            "LeftForeArm": [(0.29248788952827454, -0.9197791814804077, -0.26164284348487854, 0.0), (0.5379288792610168, 0.3844674825668335, -0.7502114176750183, 0.0), (0.7906220555305481, 0.07868245244026184, 0.6072279214859009, 0.0), (0.0, 0.0, 0.0, 1.0)],
            "LeftHand": [(1.0, 0.0, 0.0, 0.0), (0.0, 1.0, 0.0, 0.0), (0.0, 0.0, 1.0, 0.0), (0.0, 0.0, 0.0, 1.0)],
            "LeftHandThumb1": [(1.0, 0.0, 0.0, 0.0), (0.0, 1.0, 0.0, 0.0), (0.0, 0.0, 1.0, 0.0), (0.0, 0.0, 0.0, 1.0)],
            "LeftHandThumb2": [(0.9914458990097046, 0.11676979064941406, -0.0583084300160408, 4.061789695697371e-07), (-0.11671135574579239, 0.9931560754776001, 0.0044183386489748955, -2.2478681671600498e-07), (0.05842529982328415, 0.0024247118271887302, 0.9982888102531433, 1.0891856305761394e-07), (0.0, 0.0, 0.0, 1.0)],
            "LeftHandThumb3": [(0.9958964586257935, 0.08107879757881165, -0.040205247700214386, 2.0923616261825373e-07), (-0.08093181252479553, 0.9967057108879089, 0.005272719543427229, -1.0577566911251779e-07), (0.040500301867723465, -0.00199719937518239, 0.9991775155067444, 4.330300029664613e-08), (0.0, 0.0, 0.0, 1.0)],
            "LeftHandThumb4": [(1.0, 0.0, 0.0, 0.0), (0.0, 1.0, 0.0, 0.0), (0.0, 0.0, 1.0, 0.0), (0.0, 0.0, 0.0, 1.0)],
            "LeftHandIndex1": [(0.9775959253311157, -0.21049050986766815, -0.00011514691868796945, -1.5868471336943912e-06), (0.20668047666549683, 0.9600040912628174, -0.18887929618358612, 5.597828311998398e-10), (0.0398678332567215, 0.1846238225698471, 0.9820002913475037, -2.003702803676788e-08), (0.0, 0.0, 0.0, 1.0)],
            "LeftHandIndex2": [(0.99908846616745, -0.006800100207328796, -0.04214201495051384, 0.0), (-0.001756434328854084, 0.9798452854156494, -0.19975028932094574, 0.0), (0.0426509752869606, 0.19964224100112915, 0.9789401888847351, 0.0), (0.0, 0.0, 0.0, 1.0)],
            "LeftHandIndex3": [(0.9961020946502686, -0.023348096758127213, -0.08506172895431519, 2.0292159206292126e-06), (-0.013132143765687943, 0.9143323302268982, -0.40475165843963623, 9.772085832082666e-06), (0.08722487092018127, 0.404291033744812, 0.9104617238044739, 4.099262241652468e-06), (0.0, 0.0, 0.0, 1.0)],
            "LeftHandIndex4": [(1.0, 0.0, 0.0, 0.0), (0.0, 1.0, 0.0, 0.0), (0.0, 0.0, 1.0, 0.0), (0.0, 0.0, 0.0, 1.0)],
            "LeftHandMiddle1": [(0.99976646900177, -0.019261326640844345, 0.009797967970371246, -1.1919490106038211e-07), (0.02068576030433178, 0.9841724038124084, -0.17600217461585999, -4.2798259380916193e-10), (-0.006252854596823454, 0.17616376280784607, 0.984341025352478, -1.8009758129267084e-09), (0.0, 0.0, 0.0, 1.0)],
            "LeftHandMiddle2": [(0.9985392093658447, -0.04512891173362732, 0.02971247211098671, -2.797054037273483e-07), (0.05356858670711517, 0.8987162113189697, -0.4352464973926544, 3.7601923850161256e-06), (-0.007060878444463015, 0.43620234727859497, 0.8998209238052368, -6.80098366956372e-07), (0.0, 0.0, 0.0, 1.0)],
            "LeftHandMiddle3": [(0.9999529719352722, -0.000281207641819492, -0.009693087078630924, 0.0), (-0.0011693977285176516, 0.988787829875946, -0.14932265877723694, 0.0), (0.009626396931707859, 0.14932696521282196, 0.9887410402297974, 0.0), (0.0, 0.0, 0.0, 1.0)],
            "LeftHandMiddle4": [(1.0, 0.0, 0.0, 0.0), (0.0, 1.0, 0.0, 0.0), (0.0, 0.0, 1.0, 0.0), (0.0, 0.0, 0.0, 1.0)],
            "LeftHandRing1": [(0.9893556237220764, 0.14530813694000244, -0.007809340953826904, 7.151128897930903e-07), (-0.14350327849388123, 0.9653541445732117, -0.21794083714485168, 9.655662935870168e-10), (-0.024129794910550117, 0.2167416512966156, 0.9759307503700256, 1.4261350322897215e-08), (0.0, 0.0, 0.0, 1.0)],
            "LeftHandRing2": [(0.9999986886978149, -0.0006798433605581522, -0.001459693070501089, 2.3575350382998295e-07), (0.00044640564010478556, 0.9880173802375793, -0.15434202551841736, 3.5445754775764726e-08), (0.001547130523249507, 0.1543411761522293, 0.9880164265632629, 2.704883206305908e-09), (0.0, 0.0, 0.0, 1.0)],
            "LeftHandRing3": [(0.999241828918457, 0.037579894065856934, -0.010176192969083786, -7.325567707994196e-08), (-0.03883504867553711, 0.9435120820999146, -0.32905444502830505, 3.5814782677334733e-06), (-0.0027644692454487085, 0.3292001783847809, 0.9442561268806458, -1.3953275583844515e-06), (0.0, 0.0, 0.0, 1.0)],
            "LeftHandRing4": [(1.0, 0.0, 0.0, 0.0), (0.0, 1.0, 0.0, 0.0), (0.0, 0.0, 1.0, 0.0), (0.0, 0.0, 0.0, 1.0)],
            "LeftHandPinky1": [(0.945151686668396, 0.3265504539012909, -0.007287468295544386, 1.4303687976280344e-06), (-0.3256897032260895, 0.9404977560043335, -0.09690289944410324, -1.745974143041451e-09), (-0.02478983625769615, 0.09396138787269592, 0.9952671527862549, 2.0132084443957865e-08), (0.0, 0.0, 0.0, 1.0)],
            "LeftHandPinky2": [(0.99790358543396, 0.0044135404750704765, 0.06456740200519562, 0.0), (0.011134862899780273, 0.971085786819458, -0.2384708970785141, 0.0), (-0.06375298649072647, 0.23868991434574127, 0.9690008759498596, 0.0), (0.0, 0.0, 0.0, 1.0)],
            "LeftHandPinky3": [(0.9999509453773499, -0.0013765426119789481, 0.009810705669224262, 4.504374260250188e-07), (0.0029064517002552748, 0.9874852895736694, -0.15768423676490784, 1.5638795503036818e-07), (-0.009470868855714798, 0.15770502388477325, 0.987440824508667, -4.743307080445902e-09), (0.0, 0.0, 0.0, 1.0)],
            "LeftHandPinky4": [(1.0, 0.0, 0.0, 0.0), (0.0, 1.0, 0.0, 0.0), (0.0, 0.0, 1.0, 0.0), (0.0, 0.0, 0.0, 1.0)],
            "RightShoulder": [(0.9984923601150513, 0.054720688611269, 0.004315218422561884, 0.0), (-0.05441806837916374, 0.9971264600753784, -0.052701909095048904, 0.0), (-0.007186703383922577, 0.052387628704309464, 0.998600959777832, 0.0), (0.0, 0.0, 0.0, 1.0)],
            "RightArm": [(0.5894855260848999, 0.8047499656677246, 0.06988732516765594, 0.0), (-0.7078873515129089, 0.5563269257545471, -0.43519628047943115, 0.0), (-0.3891043961048126, 0.2070695459842682, 0.8976190686225891, 0.0), (0.0, 0.0, 0.0, 1.0)],
            "RightForeArm": [(0.7650125622749329, 0.559836208820343, 0.3183382451534271, 0.0), (-0.1395333856344223, 0.6266447901725769, -0.7667116522789001, 0.0), (-0.6287178993225098, 0.5421252250671387, 0.5575069785118103, 0.0), (0.0, 0.0, 0.0, 1.0)],
            "RightHand": [(0.9972217082977295, -0.0503581240773201, -0.05489020422101021, 0.0), (0.05822912976145744, 0.9865407943725586, 0.15279614925384521, 0.0), (0.046456899493932724, -0.15556783974170685, 0.9867321848869324, 0.0), (0.0, 0.0, 0.0, 1.0)],
            "RightHandThumb1": [(1.0, 0.0, 0.0, 0.0), (0.0, 1.0, 0.0, 0.0), (0.0, 0.0, 1.0, 0.0), (0.0, 0.0, 0.0, 1.0)],
            "RightHandThumb2": [(0.9942278861999512, -0.09595533460378647, 0.04799484834074974, -3.040048284219665e-07), (0.09595222026109695, 0.995383083820343, 0.0023741291370242834, -1.6853967110819212e-07), (-0.04800107330083847, 0.002244786825031042, 0.9988447427749634, 8.410184904050766e-08), (0.0, 0.0, 0.0, 1.0)],
            "RightHandThumb3": [(0.9465407729148865, -0.28912150859832764, 0.14307087659835815, -1.0443792461956036e-06), (0.2879994511604309, 0.9571928977966309, 0.028949368745088577, -5.24641052379593e-07), (-0.14531631767749786, 0.013802575878798962, 0.9892889857292175, 2.3475267596495542e-07), (0.0, 0.0, 0.0, 1.0)],
            "RightHandThumb4": [(1.0, 0.0, 0.0, 0.0), (0.0, 1.0, 0.0, 0.0), (0.0, 0.0, 1.0, 0.0), (0.0, 0.0, 0.0, 1.0)],
            "RightHandIndex1": [(0.9925076365470886, 0.1221209317445755, -0.0038868668489158154, 4.917211526844767e-07), (-0.1212964579463005, 0.9809845685958862, -0.15151378512382507, 2.624851169752418e-10), (-0.014690049923956394, 0.1508500576019287, 0.9884474873542786, -4.097845618389329e-09), (0.0, 0.0, 0.0, 1.0)],
            "RightHandIndex2": [(0.9995063543319702, -0.0012862400617450476, 0.03139163553714752, -4.314526620419201e-07), (0.011000845581293106, 0.9502379298210144, -0.31133076548576355, 3.7459583381860284e-06), (-0.029429078102111816, 0.31152239441871643, 0.9497829675674438, -5.783170422546391e-07), (0.0, 0.0, 0.0, 1.0)],
            "RightHandIndex3": [(0.9975792765617371, -0.06208609789609909, 0.03131888434290886, 1.7770679505701992e-07), (0.0694381594657898, 0.9135382175445557, -0.40078216791152954, 1.9607334422744316e-08), (-0.0037280041724443436, 0.4019867181777954, 0.9156379103660583, -3.2032037022844406e-09), (0.0, 0.0, 0.0, 1.0)],
            "RightHandIndex4": [(1.0, 0.0, 0.0, 0.0), (0.0, 1.0, 0.0, 0.0), (0.0, 0.0, 1.0, 0.0), (0.0, 0.0, 0.0, 1.0)],
            "RightHandMiddle1": [(0.999666154384613, -0.010112340562045574, -0.0237770713865757, 1.192022267559878e-07), (0.008288352750241756, 0.9971040487289429, -0.07559675723314285, -3.033243656247464e-10), (0.0244726724922657, 0.07537444680929184, 0.9968549609184265, -1.2605889665451286e-09), (0.0, 0.0, 0.0, 1.0)],
            "RightHandMiddle2": [(0.9941248893737793, 0.10803395509719849, -0.0066569834016263485, 3.574071172351978e-07), (-0.1057998314499855, 0.9569011926651001, -0.2704560458660126, -2.975455215548095e-09), (-0.022848358377814293, 0.2695713937282562, 0.9627093076705933, -1.22046390771402e-08), (0.0, 0.0, 0.0, 1.0)],
            "RightHandMiddle3": [(0.9977376461029053, 0.06650351732969284, -0.009845232591032982, 4.7617226073271013e-07), (-0.06720414757728577, 0.9826996326446533, -0.1725834608078003, 1.7065962865103756e-08), (-0.0018025010358542204, 0.17285464704036713, 0.9849457144737244, -1.8501953746863364e-08), (0.0, 0.0, 0.0, 1.0)],
            "RightHandMiddle4": [(1.0, 0.0, 0.0, 0.0), (0.0, 1.0, 0.0, 0.0), (0.0, 0.0, 1.0, 0.0), (0.0, 0.0, 0.0, 1.0)],
            "RightHandRing1": [(0.9924529194831848, -0.12203105539083481, 0.012065710499882698, -7.152291345846606e-07), (0.12237220257520676, 0.9792636632919312, -0.1614551544189453, -7.34560856585631e-10), (0.007887029089033604, 0.1617131382226944, 0.9868062734603882, 6.114899253617523e-09), (0.0, 0.0, 0.0, 1.0)],
            "RightHandRing2": [(0.9982860088348389, -0.058500513434410095, -0.0016441164771094918, -2.3656600944832462e-07), (0.056896671652793884, 0.9767289757728577, -0.2067929208278656, 2.965225398554594e-08), (0.013703348115086555, 0.20634493231773376, 0.9783833622932434, -8.259696260282112e-10), (0.0, 0.0, 0.0, 1.0)],
            "RightHandRing3": [(0.9981147050857544, -0.061364296823740005, -0.0012288332218304276, -4.6903994643798796e-07), (0.059638313949108124, 0.9743831753730774, -0.21684247255325317, 8.487255342970457e-08), (0.014503740705549717, 0.21636037528514862, 0.9762058258056641, -1.3106797425166405e-08), (0.0, 0.0, 0.0, 1.0)],
            "RightHandRing4": [(1.0, 0.0, 0.0, 0.0), (0.0, 1.0, 0.0, 0.0), (0.0, 0.0, 1.0, 0.0), (0.0, 0.0, 0.0, 1.0)],
            "RightHandPinky1": [(0.9710220694541931, -0.23827320337295532, 0.018492622300982475, -9.536259995002183e-07), (0.23875738680362701, 0.9637582898139954, -0.11901626735925674, -9.447900239933915e-10), (0.010535971261560917, 0.11998267471790314, 0.9927200675010681, 9.53229584155224e-09), (0.0, 0.0, 0.0, 1.0)],
            "RightHandPinky2": [(0.9997262954711914, -0.004211428575217724, -0.023013629019260406, -4.630478827039042e-07), (-0.002068108646199107, 0.9639067053794861, -0.26623213291168213, 1.1377198205764216e-07), (0.023304209113121033, 0.26620686054229736, 0.963634192943573, -4.031165623530342e-09), (0.0, 0.0, 0.0, 1.0)],
            "RightHandPinky3": [(0.9994630217552185, -0.007339865434914827, -0.03193461894989014, 4.3771734681286034e-07), (-0.004514364060014486, 0.9344516396522522, -0.35606151819229126, 3.528920160533744e-06), (0.032454799860715866, 0.3560144603252411, 0.9339166879653931, -1.4609659046982415e-06), (0.0, 0.0, 0.0, 1.0)],
            "RightHandPinky4": [(1.0, 0.0, 0.0, 0.0), (0.0, 1.0, 0.0, 0.0), (0.0, 0.0, 1.0, 0.0), (0.0, 0.0, 0.0, 1.0)],
            "LeftUpLeg": [(0.9240773320198059, -0.3323051631450653, -0.18882371485233307, -6.019511289423463e-08), (0.027836287394165993, 0.5512393712997437, -0.8338826894760132, -7.705256393819582e-06), (0.38119056820869446, 0.7653158903121948, 0.5186379551887512, 3.967875727539649e-06), (0.0, 0.0, 0.0, 1.0)],
            "LeftLeg": [(0.8564775586128235, 0.48597368597984314, 0.17399953305721283, -1.019023102344363e-06), (-0.2743513584136963, 0.7141077518463135, -0.6440353393554688, 4.320442258176627e-06), (-0.4372386038303375, 0.5038648247718811, 0.7449448108673096, 3.6103951970289927e-06), (0.0, 0.0, 0.0, 1.0)],
            "LeftFoot": [(1.0, 0.0, 0.0, 0.0), (0.0, 1.0, 0.0, 0.0), (0.0, 0.0, 1.0, 0.0), (0.0, 0.0, 0.0, 1.0)],
            "LeftToeBase": [(1.0, 0.0, 0.0, 0.0), (0.0, 1.0, 0.0, 0.0), (0.0, 0.0, 1.0, 0.0), (0.0, 0.0, 0.0, 1.0)],
            "LeftToe_End": [(1.0, 0.0, 0.0, 0.0), (0.0, 1.0, 0.0, 0.0), (0.0, 0.0, 1.0, 0.0), (0.0, 0.0, 0.0, 1.0)],
            "RightUpLeg": [(0.9209458231925964, 0.3824721574783325, 0.07465822994709015, 2.445663994876668e-06), (-0.0554514043033123, 0.31825318932533264, -0.9463826417922974, -7.6258547778707e-06), (-0.385725200176239, 0.8674272298812866, 0.31430256366729736, 4.837847427552333e-06), (0.0, 0.0, 0.0, 1.0)],
            "RightLeg": [(0.9970202445983887, 0.0764542669057846, -0.010264864191412926, 3.94512767343258e-07), (-0.02665262296795845, 0.46628811955451965, 0.8842313289642334, -1.644066105654929e-05), (0.0723896399140358, -0.881322979927063, 0.4669364094734192, -2.987536163345794e-06), (0.0, 0.0, 0.0, 1.0)],
            "RightFoot": [(1.0, 0.0, 0.0, 0.0), (0.0, 1.0, 0.0, 0.0), (0.0, 0.0, 1.0, 0.0), (0.0, 0.0, 0.0, 1.0)],
            "RightToeBase": [(1.0, 0.0, 0.0, 0.0), (0.0, 1.0, 0.0, 0.0), (0.0, 0.0, 1.0, 0.0), (0.0, 0.0, 0.0, 1.0)],
            "RightToe_End": [(1.0, 0.0, 0.0, 0.0), (0.0, 1.0, 0.0, 0.0), (0.0, 0.0, 1.0, 0.0), (0.0, 0.0, 0.0, 1.0)],
            },
        },
    "carry on start": {
        "pose_matrix": {
            "mixamorig:Hips": [(1.0, 0.0, 0.0, 0.0), (0.0, 1.0, 0.0, 0.0), (0.0, 0.0, 1.0, 0.0), (0.0, 0.0, 0.0, 1.0)],
            "mixamorig:Spine": [(1.0, 0.0, 0.0, 0.0), (0.0, 1.0, 0.0, 0.0), (0.0, 0.0, 1.0, 0.0), (0.0, 0.0, 0.0, 1.0)],
            "mixamorig:Spine1": [(0.9999861717224121, 0.0027840433176606894, -0.0044323294423520565, 0.0), (-0.0026116555090993643, 0.9992576837539673, 0.03843503072857857, 0.0), (0.004536043386906385, -0.038422927260398865, 0.9992512464523315, 0.0), (0.0, 0.0, 0.0, 1.0)],
            "mixamorig:Spine2": [(0.9998841285705566, 0.008551722392439842, -0.01256825216114521, 0.0), (-0.007097537629306316, 0.9937382340431213, 0.11150743067264557, 0.0), (0.013443130999803543, -0.11140535026788712, 0.9936840534210205, 0.0), (0.0, 0.0, 0.0, 1.0)],
            "mixamorig:Neck": [(0.9778426885604858, 0.1951303780078888, -0.07581312209367752, 0.0), (-0.11498098820447922, 0.8032599687576294, 0.5844249725341797, 0.0), (0.17493674159049988, -0.56275874376297, 0.8078981637954712, 0.0), (0.0, 0.0, 0.0, 1.0)],
            "mixamorig:Head": [(0.9999998211860657, 0.0, 0.0, 0.0), (0.0, 0.9999998807907104, 0.0, 0.0), (0.0, 0.0, 0.9999997019767761, 0.0), (0.0, 0.0, 0.0, 1.0)],
            "mixamorig:HeadTop_End": [(1.0, 0.0, 0.0, 0.0), (0.0, 1.0, 0.0, 0.0), (0.0, 0.0, 1.0000001192092896, 0.0), (0.0, 0.0, 0.0, 1.0)],
            "mixamorig:LeftShoulder": [(0.9999999403953552, 0.0, 0.0, 0.0), (0.0, 0.9999997615814209, 0.0, 0.0), (0.0, 0.0, 0.9999997615814209, 0.0), (0.0, 0.0, 0.0, 1.0)],
            "mixamorig:LeftArm": [(0.5304888486862183, -0.684795618057251, -0.4996364712715149, 0.0), (0.12312699854373932, 0.6454038023948669, -0.7538526058197021, 0.0), (0.838702380657196, 0.33839163184165955, 0.4266963005065918, 0.0), (0.0, 0.0, 0.0, 1.0)],
            "mixamorig:LeftForeArm": [(0.2924879491329193, -0.9197795391082764, -0.2616429924964905, 0.0), (0.537929117679596, 0.38446757197380066, -0.7502116560935974, 0.0), (0.7906222939491272, 0.078682541847229, 0.6072280406951904, 0.0), (0.0, 0.0, 0.0, 1.0)],
            "mixamorig:LeftHand": [(1.0, 0.0, 0.0, 0.0), (0.0, 0.9999998211860657, 0.0, 0.0), (0.0, 0.0, 1.0, 0.0), (0.0, 0.0, 0.0, 1.0)],
            "mixamorig:LeftHandThumb1": [(1.0, 0.0, 0.0, 0.0), (0.0, 0.9999998807907104, 0.0, 0.0), (0.0, 0.0, 1.0, 0.0), (0.0, 0.0, 0.0, 1.0)],
            "mixamorig:LeftHandThumb2": [(0.9914460182189941, 0.11676978319883347, -0.0583084300160408, 0.0), (-0.11671137064695358, 0.9931560158729553, 0.004418339114636183, 0.0), (0.058425310999155045, 0.0024247118271887302, 0.9982886910438538, 0.0), (0.0, 0.0, 0.0, 1.0)],
            "mixamorig:LeftHandThumb3": [(0.995896577835083, 0.08107879012823105, -0.040205251425504684, 0.0), (-0.08093181997537613, 0.9967056512832642, 0.0052727204747498035, 0.0), (0.04050030559301376, -0.00199719937518239, 0.9991776347160339, 0.0), (0.0, 0.0, 0.0, 1.0)],
            "mixamorig:LeftHandThumb4": [(1.000000238418579, 0.0, 0.0, 0.0), (0.0, 1.0000001192092896, 0.0, 0.0), (0.0, 0.0, 1.0000001192092896, 0.0), (0.0, 0.0, 0.0, 1.0)],
            "mixamorig:LeftHandIndex1": [(0.9775959253311157, -0.21049049496650696, -0.0001151445831055753, 0.0), (0.20668047666549683, 0.9600039720535278, -0.18887929618358612, 0.0), (0.039867836982011795, 0.1846238076686859, 0.9820002913475037, 0.0), (0.0, 0.0, 0.0, 1.0)],
            "mixamorig:LeftHandIndex2": [(0.9990884065628052, -0.0068000988103449345, -0.04214201122522354, 0.0), (-0.0017564340960234404, 0.9798451066017151, -0.19975030422210693, 0.0), (0.042650967836380005, 0.19964222609996796, 0.9789401888847351, 0.0), (0.0, 0.0, 0.0, 1.0)],
            "mixamorig:LeftHandIndex3": [(0.9961022138595581, -0.023348094895482063, -0.08506172150373459, 0.0), (-0.013132145628333092, 0.9143322110176086, -0.40475162863731384, 0.0), (0.08722487837076187, 0.40429097414016724, 0.9104616641998291, 0.0), (0.0, 0.0, 0.0, 1.0)],
            "mixamorig:LeftHandIndex4": [(1.0000001192092896, 0.0, 0.0, 0.0), (0.0, 0.9999999403953552, 0.0, 0.0), (0.0, 0.0, 1.0, 0.0), (0.0, 0.0, 0.0, 1.0)],
            "mixamorig:LeftHandMiddle1": [(0.9997668266296387, -0.019261324778199196, 0.009797967970371246, 0.0), (0.020685767754912376, 0.9841724038124084, -0.17600218951702118, 0.0), (-0.006252857390791178, 0.17616376280784607, 0.984341025352478, 0.0), (0.0, 0.0, 0.0, 1.0)],
            "mixamorig:LeftHandMiddle2": [(0.9985392093658447, -0.04512890800833702, 0.02971247024834156, 0.0), (0.05356858670711517, 0.898716151714325, -0.43524646759033203, 0.0), (-0.007060878444463015, 0.4362023174762726, 0.899820864200592, 0.0), (0.0, 0.0, 0.0, 1.0)],
            "mixamorig:LeftHandMiddle3": [(0.9999529719352722, -0.00028120778733864427, -0.00969308614730835, 0.0), (-0.0011693978449329734, 0.9887879490852356, -0.14932265877723694, 0.0), (0.009626396931707859, 0.14932699501514435, 0.9887409210205078, 0.0), (0.0, 0.0, 0.0, 1.0)],
            "mixamorig:LeftHandMiddle4": [(0.9999998211860657, 0.0, 0.0, 0.0), (0.0, 1.000000238418579, 0.0, 0.0), (0.0, 0.0, 0.9999998807907104, 0.0), (0.0, 0.0, 0.0, 1.0)],
            "mixamorig:LeftHandRing1": [(0.9893553256988525, 0.14530815184116364, -0.007809339556843042, 0.0), (-0.14350324869155884, 0.9653541445732117, -0.2179408073425293, 0.0), (-0.02412979118525982, 0.2167416512966156, 0.9759306311607361, 0.0), (0.0, 0.0, 0.0, 1.0)],
            "mixamorig:LeftHandRing2": [(0.999998927116394, -0.0006798434187658131, -0.001459693186916411, 0.0), (0.0004464058147277683, 0.9880173802375793, -0.15434202551841736, 0.0), (0.0015471309889107943, 0.1543411761522293, 0.9880164265632629, 0.0), (0.0, 0.0, 0.0, 1.0)],
            "mixamorig:LeftHandRing3": [(0.999241828918457, 0.03757989779114723, -0.010176194831728935, 0.0), (-0.038835059851408005, 0.943511962890625, -0.32905447483062744, 0.0), (-0.002764470875263214, 0.32920020818710327, 0.9442559480667114, 0.0), (0.0, 0.0, 0.0, 1.0)],
            "mixamorig:LeftHandRing4": [(0.9999998807907104, 0.0, 0.0, 0.0), (0.0, 0.9999998807907104, 0.0, 0.0), (0.0, 0.0, 0.9999999403953552, 0.0), (0.0, 0.0, 0.0, 1.0)],
            "mixamorig:LeftHandPinky1": [(0.9451513886451721, 0.3265503942966461, -0.007287468295544386, 0.0), (-0.3256895840167999, 0.9404975771903992, -0.09690288454294205, 0.0), (-0.024789828807115555, 0.09396137297153473, 0.9952670335769653, 0.0), (0.0, 0.0, 0.0, 1.0)],
            "mixamorig:LeftHandPinky2": [(0.9979037046432495, 0.004413541406393051, 0.06456740200519562, 0.0), (0.011134864762425423, 0.971085786819458, -0.2384709119796753, 0.0), (-0.06375299394130707, 0.23868992924690247, 0.9690008759498596, 0.0), (0.0, 0.0, 0.0, 1.0)],
            "mixamorig:LeftHandPinky3": [(0.9999509453773499, -0.0013765422627329826, 0.009810706600546837, 0.0), (0.0029064517002552748, 0.9874852895736694, -0.15768425166606903, 0.0), (-0.009470869787037373, 0.15770503878593445, 0.987440824508667, 0.0), (0.0, 0.0, 0.0, 1.0)],
            "mixamorig:LeftHandPinky4": [(1.0, 0.0, 0.0, 0.0), (0.0, 1.0, 0.0, 0.0), (0.0, 0.0, 1.0000001192092896, 0.0), (0.0, 0.0, 0.0, 1.0)],
            "mixamorig:RightShoulder": [(0.9984923601150513, 0.0547206848859787, 0.004315218422561884, 0.0), (-0.05441806837916374, 0.9971264004707336, -0.052701909095048904, 0.0), (-0.007186703383922577, 0.052387624979019165, 0.998600959777832, 0.0), (0.0, 0.0, 0.0, 1.0)],
            "mixamorig:RightArm": [(0.5894854664802551, 0.8047499656677246, 0.06988734006881714, 0.0), (-0.7078872919082642, 0.5563269257545471, -0.43519625067710876, 0.0), (-0.38910436630249023, 0.207069531083107, 0.8976190686225891, 0.0), (0.0, 0.0, 0.0, 1.0)],
            "mixamorig:RightForeArm": [(0.7650124430656433, 0.5598361492156982, 0.3183382451534271, 0.0), (-0.1395333707332611, 0.6266446709632874, -0.7667117118835449, 0.0), (-0.628717839717865, 0.5421252250671387, 0.5575069189071655, 0.0), (0.0, 0.0, 0.0, 1.0)],
            "mixamorig:RightHand": [(0.9972217082977295, -0.0503581278026104, -0.0548902191221714, 0.0), (0.05822914466261864, 0.986540675163269, 0.1527961790561676, 0.0), (0.04645691066980362, -0.15556785464286804, 0.9867321848869324, 0.0), (0.0, 0.0, 0.0, 1.0)],
            "mixamorig:RightHandThumb1": [(0.9999999403953552, 0.0, 0.0, 0.0), (0.0, 1.0, 0.0, 0.0), (0.0, 0.0, 1.0, 0.0), (0.0, 0.0, 0.0, 1.0)],
            "mixamorig:RightHandThumb2": [(0.9942278861999512, -0.09595535695552826, 0.047994863241910934, 0.0), (0.09595222771167755, 0.9953832030296326, 0.0023741298355162144, 0.0), (-0.04800108075141907, 0.0022447872906923294, 0.9988448619842529, 0.0), (0.0, 0.0, 0.0, 1.0)],
            "mixamorig:RightHandThumb3": [(0.9465407133102417, -0.28912153840065, 0.14307090640068054, 0.0), (0.2879994511604309, 0.9571928977966309, 0.028949376195669174, 0.0), (-0.14531631767749786, 0.01380258146673441, 0.9892891049385071, 0.0), (0.0, 0.0, 0.0, 1.0)],
            "mixamorig:RightHandThumb4": [(1.0000004768371582, 0.0, 0.0, 0.0), (0.0, 1.000000238418579, 0.0, 0.0), (0.0, 0.0, 1.000000238418579, 0.0), (0.0, 0.0, 0.0, 1.0)],
            "mixamorig:RightHandIndex1": [(0.9925079941749573, 0.1221209391951561, -0.0038868675474077463, 0.0), (-0.12129651755094528, 0.9809845685958862, -0.15151381492614746, 0.0), (-0.014690055511891842, 0.1508500725030899, 0.9884476065635681, 0.0), (0.0, 0.0, 0.0, 1.0)],
            "mixamorig:RightHandIndex2": [(0.9995064735412598, -0.0012862395960837603, 0.03139163553714752, 0.0), (0.011000847443938255, 0.950238049030304, -0.31133076548576355, 0.0), (-0.029429081827402115, 0.3115224242210388, 0.9497829675674438, 0.0), (0.0, 0.0, 0.0, 1.0)],
            "mixamorig:RightHandIndex3": [(0.9975793957710266, -0.062086090445518494, 0.03131888806819916, 0.0), (0.06943816691637039, 0.9135380983352661, -0.40078216791152954, 0.0), (-0.0037280009128153324, 0.401986688375473, 0.9156379103660583, 0.0), (0.0, 0.0, 0.0, 1.0)],
            "mixamorig:RightHandIndex4": [(1.0000001192092896, 0.0, 0.0, 0.0), (0.0, 0.9999999403953552, 0.0, 0.0), (0.0, 0.0, 1.000000238418579, 0.0), (0.0, 0.0, 0.0, 1.0)],
            "mixamorig:RightHandMiddle1": [(0.9996662735939026, -0.010112343356013298, -0.0237770713865757, 0.0), (0.008288353681564331, 0.997104287147522, -0.07559675723314285, 0.0), (0.024472676217556, 0.07537446171045303, 0.9968549609184265, 0.0), (0.0, 0.0, 0.0, 1.0)],
            "mixamorig:RightHandMiddle2": [(0.9941248297691345, 0.1080339178442955, -0.006656982935965061, 0.0), (-0.10579981654882431, 0.9569008946418762, -0.2704559564590454, 0.0), (-0.022848358377814293, 0.26957133412361145, 0.9627090096473694, 0.0), (0.0, 0.0, 0.0, 1.0)],
            "mixamorig:RightHandMiddle3": [(0.9977376461029053, 0.06650352478027344, -0.009845233522355556, 0.0), (-0.06720414757728577, 0.9826997518539429, -0.1725834757089615, 0.0), (-0.0018025010358542204, 0.17285466194152832, 0.9849458336830139, 0.0), (0.0, 0.0, 0.0, 1.0)],
            "mixamorig:RightHandMiddle4": [(1.0, 0.0, 0.0, 0.0), (0.0, 1.0000001192092896, 0.0, 0.0), (0.0, 0.0, 1.000000238418579, 0.0), (0.0, 0.0, 0.0, 1.0)],
            "mixamorig:RightHandRing1": [(0.9924529194831848, -0.1220310851931572, 0.012065715156495571, 0.0), (0.12237222492694855, 0.9792636632919312, -0.1614551693201065, 0.0), (0.007887031883001328, 0.16171318292617798, 0.9868062138557434, 0.0), (0.0, 0.0, 0.0, 1.0)],
            "mixamorig:RightHandRing2": [(0.9982859492301941, -0.05850053206086159, -0.001644117757678032, 0.0), (0.056896671652793884, 0.9767292141914368, -0.20679296553134918, 0.0), (0.01370334904640913, 0.20634497702121735, 0.9783836007118225, 0.0), (0.0, 0.0, 0.0, 1.0)],
            "mixamorig:RightHandRing3": [(0.9981145858764648, -0.061364296823740005, -0.0012288328725844622, 0.0), (0.05963830649852753, 0.9743831753730774, -0.21684251725673676, 0.0), (0.014503738842904568, 0.21636039018630981, 0.9762059450149536, 0.0), (0.0, 0.0, 0.0, 1.0)],
            "mixamorig:RightHandRing4": [(0.9999997019767761, 0.0, 0.0, 0.0), (0.0, 1.0, 0.0, 0.0), (0.0, 0.0, 1.0, 0.0), (0.0, 0.0, 0.0, 1.0)],
            "mixamorig:RightHandPinky1": [(0.9710221886634827, -0.23827321827411652, 0.018492624163627625, 0.0), (0.2387574315071106, 0.9637582898139954, -0.11901628226041794, 0.0), (0.010535973124206066, 0.11998267471790314, 0.9927201867103577, 0.0), (0.0, 0.0, 0.0, 1.0)],
            "mixamorig:RightHandPinky2": [(0.999726414680481, -0.004211428575217724, -0.023013627156615257, 0.0), (-0.0020681091118603945, 0.9639067053794861, -0.26623210310935974, 0.0), (0.023304210975766182, 0.26620686054229736, 0.9636341333389282, 0.0), (0.0, 0.0, 0.0, 1.0)],
            "mixamorig:RightHandPinky3": [(0.9994633793830872, -0.007339866366237402, -0.031934622675180435, 0.0), (-0.004514365456998348, 0.9344517588615417, -0.35606154799461365, 0.0), (0.03245481103658676, 0.3560144901275635, 0.9339168071746826, 0.0), (0.0, 0.0, 0.0, 1.0)],
            "mixamorig:RightHandPinky4": [(1.000000238418579, 0.0, 0.0, 0.0), (0.0, 1.0000001192092896, 0.0, 0.0), (0.0, 0.0, 1.0000001192092896, 0.0), (0.0, 0.0, 0.0, 1.0)],
            "mixamorig:LeftUpLeg": [(0.9240777492523193, -0.33230531215667725, -0.18882375955581665, 0.0), (0.027836278080940247, 0.5512394905090332, -0.8338828682899475, 0.0), (0.38119077682495117, 0.7653161883354187, 0.518638014793396, 0.0), (0.0, 0.0, 0.0, 1.0)],
            "mixamorig:LeftLeg": [(0.8564773201942444, 0.48597365617752075, 0.17399948835372925, 0.0), (-0.2743512988090515, 0.7141076326370239, -0.6440353393554688, 0.0), (-0.43723854422569275, 0.5038647055625916, 0.7449447512626648, 0.0), (0.0, 0.0, 0.0, 1.0)],
            "mixamorig:LeftFoot": [(0.9999999403953552, 0.0, 0.0, 0.0), (0.0, 1.0000001192092896, 0.0, 0.0), (0.0, 0.0, 1.0000001192092896, 0.0), (0.0, 0.0, 0.0, 1.0)],
            "mixamorig:LeftToeBase": [(0.9999999403953552, 0.0, 0.0, 0.0), (0.0, 1.000000238418579, 0.0, 0.0), (0.0, 0.0, 0.9999999403953552, 0.0), (0.0, 0.0, 0.0, 1.0)],
            "mixamorig:LeftToe_End": [(0.9999998807907104, 0.0, 0.0, 0.0), (0.0, 1.000000238418579, 0.0, 0.0), (0.0, 0.0, 0.9999997615814209, 0.0), (0.0, 0.0, 0.0, 1.0)],
            "mixamorig:RightUpLeg": [(0.9209457635879517, 0.38247206807136536, 0.07465823739767075, 0.0), (-0.055451400578022, 0.3182530999183655, -0.9463827610015869, 0.0), (-0.3857251703739166, 0.8674270510673523, 0.31430259346961975, 0.0), (0.0, 0.0, 0.0, 1.0)],
            "mixamorig:RightLeg": [(0.9970202445983887, 0.0764542669057846, -0.01026486698538065, 0.0), (-0.02665262296795845, 0.46628811955451965, 0.8842315673828125, 0.0), (0.0723896399140358, -0.881322979927063, 0.46693652868270874, 0.0), (0.0, 0.0, 0.0, 1.0)],
            "mixamorig:RightFoot": [(1.0, 0.0, 0.0, 0.0), (0.0, 0.9999998807907104, 0.0, 0.0), (0.0, 0.0, 1.0000001192092896, 0.0), (0.0, 0.0, 0.0, 1.0)],
            "mixamorig:RightToeBase": [(0.9999999403953552, 0.0, 0.0, 0.0), (0.0, 1.000000238418579, 0.0, 0.0), (0.0, 0.0, 1.0000001192092896, 0.0), (0.0, 0.0, 0.0, 1.0)],
            "mixamorig:RightToe_End": [(1.0, 0.0, 0.0, 0.0), (0.0, 0.9999998807907104, 0.0, 0.0), (0.0, 0.0, 0.9999998807907104, 0.0), (0.0, 0.0, 0.0, 1.0)],
            },
        },
    }
