# Pose library auto-generated by Onigiri 

poses = {
    "new rest pose": {
        "pose_matrix": {
            "CC_Base_BoneRoot": [(1.0, 0.0, 0.0, 0.0), (0.0, 1.0, 0.0, 0.0), (0.0, 0.0, 1.0, 0.0), (0.0, 0.0, 0.0, 1.0)],
            "CC_Base_Hip": [(1.0, -0.00011643965262919664, -5.273092256175005e-07, 0.00021881991415284574), (0.00011643965262919664, 1.0, 7.768049385958875e-07, -9.945098876953125), (5.272187308946741e-07, -7.768663294882572e-07, 1.0, 0.5964063405990601), (0.0, 0.0, 0.0, 1.0)],
            "CC_Base_Pelvis": [(0.9999998211860657, 8.242141191772134e-09, 2.2351741790771484e-07, -6.217888312676223e-06), (-8.242137639058456e-09, 1.0, -9.448144488999333e-09, 2.3600945642243687e-09), (-2.2351741790771484e-07, 9.448144488999333e-09, 0.9999998211860657, 6.578359261766309e-07), (0.0, 0.0, 0.0, 1.0)],
            "CC_Base_L_Thigh": [(0.9999920725822449, 0.003968571778386831, 1.159966586783412e-06, 1.4715595170855522e-05), (-0.0039670430123806, 0.9996150732040405, -0.027457475662231445, -2.771615982055664e-05), (-0.00011012648610631004, 0.027457257732748985, 0.9996228814125061, -1.2693926692008972e-06), (0.0, 0.0, 0.0, 1.0)],
            "CC_Base_L_Calf": [(1.0000004768371582, 1.0536685294937342e-05, -0.00011181257286807522, 1.6524040802323725e-08), (-8.69757332111476e-06, 0.9998650550842285, 0.016435489058494568, -6.559013854712248e-05), (0.00011197064304724336, -0.01643548160791397, 0.9998654127120972, 4.789751983480528e-06), (0.0, 0.0, 0.0, 1.0)],
            "CC_Base_L_Foot": [(0.9999872446060181, -0.001183393644168973, 0.004845470655709505, 4.272900696378201e-05), (0.0011321452911943197, 0.9999437928199768, 0.010565538890659809, -0.00021518616995308548), (-0.0048576961271464825, -0.010559918358922005, 0.9999330639839172, -0.00020830132416449487), (0.0, 0.0, 0.0, 1.0)],
            "CC_Base_L_ToeBaseShareBone": [(0.9999997615814209, 1.7379412383888848e-05, 2.840479282895103e-07, -1.6855272406246513e-05), (-1.7379410564899445e-05, 0.9999998807907104, -6.287615406108671e-07, -4.4960688683204353e-07), (-2.8405889906935045e-07, 6.287568794505205e-07, 0.9999995827674866, 5.0248422667209525e-06), (0.0, 0.0, 0.0, 1.0)],
            "CC_Base_L_ToeBase": [(1.0, -2.5145698856476884e-08, -1.3504191542779154e-08, -1.9861225155182183e-05), (2.5145720172758956e-08, 1.0, 1.5251567901941598e-06, -1.5314049960579723e-05), (1.3504157791999205e-08, -1.5251574723151862e-06, 0.9999995827674866, -2.5834797270363197e-06), (0.0, 0.0, 0.0, 1.0)],
            "CC_Base_L_PinkyToe1": [(0.9999995827674866, -9.005906917991524e-07, -7.525069349867408e-07, -2.4065375328063965e-06), (9.005872243506019e-07, 0.9999997615814209, -4.310161784815136e-06, 3.904104232788086e-06), (7.525103455918725e-07, 4.310159511078382e-06, 1.0000001192092896, 4.537403583526611e-06), (0.0, 0.0, 0.0, 1.0)],
            "CC_Base_L_RingToe1": [(1.0000003576278687, -8.391231176574365e-07, -5.448214892567194e-07, 3.0983355827629566e-06), (8.391201617996558e-07, 1.0000004768371582, -5.1693059504032135e-06, 3.7779100239276886e-06), (5.448258661999716e-07, 5.1693059504032135e-06, 1.000000238418579, 6.464309990406036e-06), (0.0, 0.0, 0.0, 1.0)],
            "CC_Base_L_MidToe1": [(1.0000001192092896, -4.1397396444153856e-07, -5.722969262933475e-07, 9.281086931878235e-06), (4.1397180439162184e-07, 1.0, -3.856199782603653e-06, 7.0375344876083545e-06), (5.722984610656567e-07, 3.856198873108951e-06, 1.000000238418579, 8.32278783491347e-06), (0.0, 0.0, 0.0, 1.0)],
            "CC_Base_L_IndexToe1": [(1.0, -3.937175279133953e-07, -4.442401575488475e-07, 1.8533319234848022e-05), (3.9371570892399177e-07, 1.0000001192092896, -3.984664090239676e-06, 4.023313522338867e-06), (4.44241578634319e-07, 3.984663180744974e-06, 1.0000003576278687, 9.94652509689331e-06), (0.0, 0.0, 0.0, 1.0)],
            "CC_Base_L_BigToe1": [(1.0000004768371582, 6.010848707660443e-09, -2.296437742188573e-07, 2.6824222004506737e-05), (-6.010851816284912e-09, 1.0000003576278687, -1.2341843991237056e-08, 8.673698175698519e-06), (2.296437742188573e-07, 1.2341843991237056e-08, 1.0000004768371582, 4.777684807777405e-06), (0.0, 0.0, 0.0, 1.0)],
            "CC_Base_L_CalfTwist01": [(0.9999998807907104, 2.2003415267590754e-07, 0.00011176632688147947, 8.508055543643422e-06), (-2.2002473087923136e-07, 1.0000005960464478, -8.2918475641236e-08, -2.3312704797717743e-05), (-0.00011176626139786094, 8.289389796800606e-08, 1.0000004768371582, -1.2576267636177363e-06), (0.0, 0.0, 0.0, 1.0)],
            "CC_Base_L_CalfTwist02": [(0.9999971985816956, 6.634434335239803e-09, 0.002366760978475213, -4.0681916289031506e-06), (-6.382461226195346e-09, 1.000000238418579, -1.0647022463672329e-07, 7.05737984389998e-05), (-0.0023667607456445694, 1.0645483428106672e-07, 0.9999973177909851, -2.169757863157429e-06), (0.0, 0.0, 0.0, 1.0)],
            "CC_Base_L_KneeShareBone": [(0.9999999403953552, -4.119903678656556e-06, 0.00011187992640770972, 8.543346666556317e-06), (5.039190455136122e-06, 0.9999668002128601, -0.008218002505600452, -2.3312999474001117e-05), (-0.00011184222239535302, 0.008218002505600452, 0.9999668002128601, -9.827978146859095e-07), (0.0, 0.0, 0.0, 1.0)],
            "CC_Base_L_ThighTwist01": [(1.0000003576278687, 2.184454359621668e-07, -6.307310513875564e-07, -2.8822169042541645e-06), (-2.184455212272951e-07, 1.0000004768371582, -1.7680055464097677e-07, -2.6300400350010023e-05), (6.307309945441375e-07, 1.7680069674952392e-07, 1.0000004768371582, 2.4408141143794637e-06), (0.0, 0.0, 0.0, 1.0)],
            "CC_Base_L_ThighTwist02": [(1.0, -4.826051225315098e-10, 5.900567430217052e-07, -3.233674988223356e-06), (4.825548294284943e-10, 1.0, 8.514146543348033e-08, 0.00011444098345236853), (-5.900567430217052e-07, -8.514146543348033e-08, 1.0, -4.708881988335634e-06), (0.0, 0.0, 0.0, 1.0)],
            "CC_Base_R_Thigh": [(0.9999929070472717, -0.003727058181539178, -4.855629867961397e-06, -1.703319139778614e-05), (0.0037255289498716593, 0.999618411064148, -0.027367908507585526, -3.2588839530944824e-05), (0.00010685555025702342, 0.027367698028683662, 0.9996254444122314, 3.33273783326149e-06), (0.0, 0.0, 0.0, 1.0)],
            "CC_Base_R_Calf": [(0.9998707175254822, 8.169492502929643e-06, -0.016058538109064102, -7.005050429143012e-05), (-9.93124831438763e-06, 1.0, -0.00010962879605358467, 2.9486041057680268e-06), (0.016058536246418953, 0.00010977416241075844, 0.9998708963394165, -2.8170506993774325e-06), (0.0, 0.0, 0.0, 1.0)],
            "CC_Base_R_KneeShareBone": [(0.9999681115150452, -4.803016963705886e-06, 0.00802952516824007, -1.8045386241283268e-05), (3.922270479961298e-06, 0.9999999403953552, 0.00010970461880788207, -6.200107236509211e-06), (-0.008029523305594921, -0.00010966949776047841, 0.9999684691429138, -1.1981155694229528e-06), (0.0, 0.0, 0.0, 1.0)],
            "CC_Base_R_Foot": [(0.9999874234199524, 0.0011930853361263871, -0.004864329472184181, -5.389665602706373e-05), (-0.0011402403470128775, 0.9999411702156067, 0.010851917788386345, -0.00020942729315720499), (0.004876986145973206, -0.010846242308616638, 0.9999294281005859, -0.00018833861395251006), (0.0, 0.0, 0.0, 1.0)],
            "CC_Base_R_ToeBase": [(0.9999998211860657, 3.2596211951840814e-08, 1.1362136120851574e-07, 1.5059224097058177e-05), (-3.2596364718529e-08, 0.9999994039535522, 1.2672973070948501e-06, -2.4076845875242725e-05), (-1.1362135410308838e-07, -1.2672970797211747e-06, 0.9999995231628418, -8.120665370370261e-06), (0.0, 0.0, 0.0, 1.0)],
            "CC_Base_R_BigToe1": [(0.9999998211860657, 2.9012896973767965e-08, 1.8053106032311916e-07, -2.5183544494211674e-05), (-2.9012870328415374e-08, 1.0000001192092896, -1.0364600200318819e-07, 8.342205546796322e-06), (-1.8053106032311916e-07, 1.0364603042489762e-07, 0.9999998807907104, 1.4246208593249321e-05), (0.0, 0.0, 0.0, 1.0)],
            "CC_Base_R_PinkyToe1": [(0.9999995827674866, 7.078065777932352e-07, 6.090835427130514e-07, 1.3597309589385986e-06), (-7.078039061525487e-07, 0.9999997019767761, -4.364178039395483e-06, 1.0281801223754883e-06), (-6.090864417274133e-07, 4.3641771299007814e-06, 0.9999998807907104, 1.5124678611755371e-05), (0.0, 0.0, 0.0, 1.0)],
            "CC_Base_R_RingToe1": [(0.9999998211860657, 8.614748026047891e-07, 4.908048367724405e-07, -4.621688276529312e-08), (-8.61472017277265e-07, 1.0000001192092896, -5.1818788051605225e-06, 7.958151400089264e-07), (-4.90809100028855e-07, 5.1818788051605225e-06, 1.0000001192092896, 1.7029233276844025e-05), (0.0, 0.0, 0.0, 1.0)],
            "CC_Base_R_IndexToe1": [(0.9999997615814209, 4.372568014332501e-07, 3.828891408375057e-07, -1.3222917914390564e-05), (-4.3725509613068425e-07, 1.0000001192092896, -3.93961045119795e-06, 7.495284080505371e-06), (-3.828908177183621e-07, 3.939611360692652e-06, 0.9999998807907104, 1.920759677886963e-05), (0.0, 0.0, 0.0, 1.0)],
            "CC_Base_R_MidToe1": [(0.9999997615814209, 4.4144795197098574e-07, 5.271277814244968e-07, -9.809591574594378e-06), (-4.414458771861973e-07, 0.9999999403953552, -3.810579528362723e-06, 5.343546945368871e-06), (-5.271293730402249e-07, 3.8105788462416967e-06, 1.0, 1.8521848687669262e-05), (0.0, 0.0, 0.0, 1.0)],
            "CC_Base_R_ToeBaseShareBone": [(0.9999995827674866, -1.7371026842738502e-05, -1.6623805265680858e-07, 1.1774131053243764e-05), (1.7371032299706712e-05, 0.9999992847442627, -3.4889822586592345e-07, -2.856493665603921e-06), (1.6624412069177197e-07, 3.4889524158643326e-07, 0.9999995231628418, -4.569559678202495e-06), (0.0, 0.0, 0.0, 1.0)],
            "CC_Base_R_CalfTwist01": [(0.9999998807907104, -1.5573309042338224e-07, -0.00010959780775010586, -6.236001354409382e-06), (1.5573144196423527e-07, 1.000000238418579, -1.4570348483289308e-08, -1.8045211618300527e-05), (0.0001095977277145721, 1.4553275917705832e-08, 1.0000005960464478, 9.976520232157782e-07), (0.0, 0.0, 0.0, 1.0)],
            "CC_Base_R_CalfTwist02": [(0.9999973177909851, 4.783033968891459e-09, -0.0023772595450282097, 1.530412987449381e-06), (-5.029590077754165e-09, 1.0, -1.0370818870342191e-07, 8.392506424570456e-05), (0.002377259312197566, 1.0371982739343366e-07, 0.9999974370002747, -9.888427712212433e-07), (0.0, 0.0, 0.0, 1.0)],
            "CC_Base_R_ThighTwist01": [(0.9999997615814209, -1.643161198217058e-07, 2.4751145701884525e-06, 6.029643827787368e-06), (1.6431623350854352e-07, 0.9999997019767761, -5.148708837054983e-08, -2.4631506676087156e-05), (-2.475113888067426e-06, 5.1487479169054495e-08, 1.0, 3.457373338733305e-07), (0.0, 0.0, 0.0, 1.0)],
            "CC_Base_R_ThighTwist02": [(0.9999997019767761, -1.3853022062804143e-09, -2.444389792799484e-06, -8.084924729701015e-07), (1.3852926583624026e-09, 0.9999997019767761, -3.901564848973749e-09, 5.912730557611212e-05), (2.4443895654258085e-06, 3.90156085217086e-09, 0.9999998211860657, -1.505675299995346e-06), (0.0, 0.0, 0.0, 1.0)],
            "CC_Base_Waist": [(1.0, 0.00011233260011067614, -3.063927579205483e-05, 4.631260708265472e-09), (-0.00011233260011067614, 1.0, -1.7631312232424534e-07, -3.904022378264926e-06), (3.063925396418199e-05, 1.7975490607113898e-07, 1.0, -1.3470649719238281e-05), (0.0, 0.0, 0.0, 1.0)],
            "CC_Base_Spine01": [(1.0, 4.614909343558793e-09, -9.919285393067412e-10, 1.8263378365190874e-08), (-4.614908899469583e-09, 0.9999999403953552, 9.6857536391326e-07, 2.0305333237047307e-05), (9.919330912211421e-10, -9.6857536391326e-07, 0.9999999403953552, -1.1106596957688453e-06), (0.0, 0.0, 0.0, 1.0)],
            "CC_Base_Spine02": [(1.0, 2.173691348444917e-12, 6.452534361857387e-13, -1.2302775687089706e-08), (-2.173690481083179e-12, 1.0000003576278687, -1.8626452913395042e-07, 2.0246716303518042e-05), (-6.452536530261732e-13, 1.8626452913395042e-07, 1.0000003576278687, 4.810382961295545e-06), (0.0, 0.0, 0.0, 1.0)],
            "CC_Base_NeckTwist01": [(1.0, -7.219722419904429e-08, 3.843917895096638e-08, -3.0146093621397085e-08), (7.2197238409899e-08, 1.000000238418579, -6.705523105665634e-07, 2.773259620880708e-05), (-3.843911855483384e-08, 6.705523105665634e-07, 1.000000238418579, -7.506296697101789e-06), (0.0, 0.0, 0.0, 1.0)],
            "CC_Base_NeckTwist02": [(1.0, 7.136299728927042e-08, -5.157357874097102e-10, 2.8707071919598093e-07), (-7.136300439469778e-08, 0.9999999403953552, -7.022172781034897e-07, 2.640241655171849e-05), (5.156857718624508e-10, 7.022172781034897e-07, 0.9999999403953552, -1.6599446098553017e-05), (0.0, 0.0, 0.0, 1.0)],
            "CC_Base_Head": [(1.0, -5.781784556332936e-14, -1.2689200683041121e-14, 3.718000840535751e-08), (5.781781845827505e-14, 1.0000004768371582, 4.76837158203125e-07, 3.5788631066679955e-05), (1.2689167648756178e-14, -4.76837158203125e-07, 1.0000004768371582, -1.4546967577189207e-06), (0.0, 0.0, 0.0, 1.0)],
            "CC_Base_FacialBone": [(0.9999998807907104, -6.37826218508053e-08, 4.371254647139722e-08, -9.13920666789636e-05), (6.37826218508053e-08, 0.9999998807907104, -4.3712169883747265e-08, 7.772814569761977e-08), (-4.371254291868354e-08, 4.3712166331033586e-08, 1.0, -2.8812412525280884e-11), (0.0, 0.0, 0.0, 1.0)],
            "CC_Base_JawRoot": [(1.000000238418579, -3.6448732316785026e-06, 1.2208738553454168e-07, -0.00010582641698420048), (3.6448736864258535e-06, 1.0000001192092896, 1.0477332352820667e-06, -7.855661351641174e-06), (-1.2209122246531479e-07, -1.0477328942215536e-06, 1.0, -1.4821125660091639e-08), (0.0, 0.0, 0.0, 1.0)],
            "CC_Base_Tongue01": [(0.9999997615814209, -1.1846502729895292e-06, -4.9386560618813746e-08, -1.0552888625170453e-06), (1.1846501593026915e-06, 0.9999998807907104, 1.4378437640516495e-07, -1.181575271402835e-06), (4.9386382983129806e-08, -1.437844332485838e-07, 0.9999999403953552, -1.8809987523127347e-07), (0.0, 0.0, 0.0, 1.0)],
            "CC_Base_Tongue02": [(1.0000001192092896, -1.5795280887687113e-06, 4.7196529351367644e-08, -3.299627496744506e-05), (1.5795280887687113e-06, 1.0000001192092896, -1.5313135293126834e-07, -3.629954562711646e-06), (-4.7196287766837486e-08, 1.5313143819639663e-07, 1.0000001192092896, 4.4191487802436313e-08), (0.0, 0.0, 0.0, 1.0)],
            "CC_Base_Tongue03": [(1.0, 1.0873184237425448e-06, 5.495052590731575e-08, 1.2787073501385748e-05), (-1.087318764803058e-06, 0.9999997019767761, 1.4585035046366102e-07, -4.173721208644565e-06), (-5.495036958791388e-08, -1.4585036467451573e-07, 1.0, -2.1761402990705392e-07), (0.0, 0.0, 0.0, 1.0)],
            "CC_Base_Teeth02": [(0.9999998807907104, 2.2965382129314094e-07, 1.693704092531334e-07, 7.919973086245591e-07), (-2.2965370760630321e-07, 1.0, -4.7642581080253876e-07, -6.793158604523342e-07), (-1.6937052293997112e-07, 4.7642581080253876e-07, 0.9999998807907104, 2.0039442460983992e-07), (0.0, 0.0, 0.0, 1.0)],
            "CC_Base_R_Eye": [(1.0, 0.00014633193495683372, -0.00012923814938403666, 1.1503580026328564e-06), (-0.00014633144019171596, 1.000000238418579, 3.6767710298590828e-06, 7.647697202628478e-06), (0.00012923864414915442, -3.6578594517777674e-06, 1.000000238418579, 0.00012049976066919044), (0.0, 0.0, 0.0, 1.0)],
            "CC_Base_L_Eye": [(1.0, -0.0001465593377361074, 0.0001293749373871833, 3.7689460441470146e-07), (0.00014655884297098964, 1.000000238418579, 3.6767771689483197e-06, 7.335213012993336e-06), (-0.00012937543215230107, -3.6578160234057577e-06, 1.000000238418579, 0.00010525231482461095), (0.0, 0.0, 0.0, 1.0)],
            "CC_Base_UpperJaw": [(1.0, 3.475369112493354e-06, -2.156207301595714e-07, -4.368709051050246e-05), (-3.475369112493354e-06, 0.9999998807907104, 1.320737737842137e-06, 6.425033802770486e-07), (2.1562533447649912e-07, -1.3207370557211107e-06, 0.9999998807907104, 7.36281435820274e-08), (0.0, 0.0, 0.0, 1.0)],
            "CC_Base_Teeth01": [(1.0000003576278687, 3.958463068443052e-08, 1.849240049978107e-07, 6.199760537128896e-05), (-3.958466976428099e-08, 1.0000004768371582, 2.2801154386797862e-07, 6.514144388347631e-06), (-1.8492404763037484e-07, -2.280116291331069e-07, 1.0000001192092896, -1.0640576419973513e-08), (0.0, 0.0, 0.0, 1.0)],
            "CC_Base_L_Clavicle": [(0.9999973177909851, 4.3790016206912696e-05, -0.00242542359046638, -1.3684388250112534e-05), (-6.809442129451782e-05, 0.9999498724937439, -0.010021507740020752, -1.8368009477853775e-06), (0.0024248631671071053, 0.010021643713116646, 0.9999469518661499, 4.550442099571228e-06), (0.0, 0.0, 0.0, 1.0)],
            "CC_Base_L_Upperarm": [(0.8662776947021484, -0.4995083510875702, -0.007317672949284315, 8.800170689937659e-06), (0.49955570697784424, 0.8662476539611816, 0.007607338950037956, -1.2746202628477477e-05), (0.002538990695029497, -0.010245654731988907, 0.9999436140060425, -3.7432425870065344e-06), (0.0, 0.0, 0.0, 1.0)],
            "CC_Base_L_Forearm": [(0.9999997019767761, -0.0007708581979386508, -0.00014932379417587072, -4.221335984766483e-05), (0.0007668721955269575, 0.999685525894165, -0.025070201605558395, -0.000126788072520867), (0.00016860234609339386, 0.025070076808333397, 0.9996859431266785, 6.306192062766058e-06), (0.0, 0.0, 0.0, 1.0)],
            "CC_Base_L_ForearmTwist01": [(1.000000238418579, -2.8450077138586494e-07, 8.339330815942958e-05, -8.994467498268932e-05), (2.8449721867218614e-07, 0.9999999403953552, 4.332513370286506e-08, -4.518141577136703e-05), (-8.339332271134481e-05, -4.330140157549067e-08, 1.0000001192092896, -1.0908294825640041e-05), (0.0, 0.0, 0.0, 1.0)],
            "CC_Base_L_ForearmTwist02": [(1.0, 2.9000034373893868e-08, 0.0001726974151097238, 4.255287421983667e-05), (-2.89770198946826e-08, 1.000000238418579, -1.3322078018518368e-07, -2.4794289856799878e-05), (-0.0001726973569020629, 1.3321576375346922e-07, 1.0000003576278687, -4.656310011341702e-06), (0.0, 0.0, 0.0, 1.0)],
            "CC_Base_L_ElbowShareBone": [(1.000000238418579, 0.00045870497706346214, 0.00017891268362291157, -8.990563947008923e-05), (-0.0004613444907590747, 0.9998869895935059, 0.015042811632156372, -4.5230441173771396e-05), (-0.00017199218564201146, -0.015042888931930065, 0.9998872876167297, -1.1026382708223537e-05), (0.0, 0.0, 0.0, 1.0)],
            "CC_Base_L_Hand": [(0.9999488592147827, 0.010146836750209332, 8.124567830236629e-05, -0.00011712973355315626), (-0.01009903009980917, 0.9959520697593689, -0.08931681513786316, -0.00012568429519888014), (-0.0009871998336166143, 0.08931136131286621, 0.9960036277770996, -6.887259951326996e-05), (0.0, 0.0, 0.0, 1.0)],
            "CC_Base_L_Pinky1": [(0.9999703168869019, -0.007243737578392029, -0.0025287638418376446, -4.3120235204696655e-06), (0.007434302009642124, 0.9962714910507202, 0.08595399558544159, -3.5241246223449707e-06), (0.0018967067589983344, -0.08597027510404587, 0.9962958097457886, -3.332781489007175e-06), (0.0, 0.0, 0.0, 1.0)],
            "CC_Base_L_Pinky2": [(0.9999991059303284, 7.466291572200134e-05, -0.0012555463472381234, 0.0), (-6.506672070827335e-05, 0.9999707341194153, 0.007641355507075787, 0.0), (0.0012560797622427344, -0.007641265634447336, 0.9999702572822571, 0.0), (0.0, 0.0, 0.0, 1.0)],
            "CC_Base_L_Pinky3": [(0.9996070861816406, -0.02784832939505577, 0.0031193324830383062, 0.0), (0.027951650321483612, 0.9987932443618774, -0.040368955582380295, 0.0), (-0.0019913618452847004, 0.040440287441015244, 0.999179482460022, 0.0), (0.0, 0.0, 0.0, 1.0)],
            "CC_Base_L_Ring1": [(0.9999580979347229, -0.008684269152581692, -0.002810198348015547, 1.4297838788479567e-06), (0.008896942250430584, 0.9961220622062683, 0.08753229677677155, 1.8222772268927656e-07), (0.0020391454454511404, -0.08755363523960114, 0.9961579442024231, -2.9008810997765977e-06), (0.0, 0.0, 0.0, 1.0)],
            "CC_Base_L_Ring2": [(0.9999958276748657, 0.0017051140312105417, 0.0023731901310384274, 0.0), (-0.0017112363129854202, 0.9999951124191284, 0.0025799127761274576, 0.0), (-0.0023687800858169794, -0.0025839628651738167, 0.9999938011169434, 0.0), (0.0, 0.0, 0.0, 1.0)],
            "CC_Base_L_Ring3": [(0.9998796582221985, -0.015503489412367344, 0.000472198094939813, 0.0), (0.015508736483752728, 0.999772846698761, -0.014620770700275898, 0.0), (-0.00024541778839193285, 0.014626330696046352, 0.9998932480812073, 0.0), (0.0, 0.0, 0.0, 1.0)],
            "CC_Base_L_Mid1": [(0.9999555349349976, -0.008691173978149891, -0.003574051195755601, 2.603977918624878e-06), (0.008966709487140179, 0.9962446689605713, 0.08611416816711426, -1.3764016330242157e-05), (0.002812196034938097, -0.0861423909664154, 0.9962788820266724, -3.7383288145065308e-06), (0.0, 0.0, 0.0, 1.0)],
            "CC_Base_L_Mid2": [(1.0, -0.00029975268989801407, 0.0006641483050771058, 9.514923476672266e-06), (0.0002990463108289987, 0.9999996423721313, 0.0010634273057803512, -6.003186626912793e-06), (-0.0006644666427746415, -0.001063228235580027, 0.9999995827674866, -7.67396443279722e-07), (0.0, 0.0, 0.0, 1.0)],
            "CC_Base_L_Mid3": [(0.9999227523803711, -0.0124247120693326, 0.00015589666145388037, -7.802878099028021e-05), (0.012425512075424194, 0.9997614026069641, -0.017945948988199234, 2.9865755095670465e-06), (6.711380410706624e-05, 0.017946496605873108, 0.9998388886451721, -1.1482495665404713e-06), (0.0, 0.0, 0.0, 1.0)],
            "CC_Base_L_Index1": [(0.9999507069587708, -0.008893866091966629, -0.004291107878088951, -2.321600914001465e-05), (0.009231314063072205, 0.9962202310562134, 0.0863676369190216, 2.407468855381012e-07), (0.0035067463759332895, -0.086403027176857, 0.9962539076805115, -3.2886455301195383e-06), (0.0, 0.0, 0.0, 1.0)],
            "CC_Base_L_Index2": [(0.9999987483024597, -0.0007268500048667192, 0.0013350395020097494, 2.133510633939295e-06), (0.000726811122149229, 0.9999997615814209, 2.955677882710006e-05, 5.909229912504088e-06), (-0.0013350603403523564, -2.8586418920895085e-05, 0.9999992251396179, 5.293024400998547e-07), (0.0, 0.0, 0.0, 1.0)],
            "CC_Base_L_Index3": [(0.9998923540115356, -0.014662439934909344, -8.038960004341789e-07, -3.357850437168963e-05), (0.014662354253232479, 0.9998868703842163, -0.0033412461634725332, -2.3253301151271444e-06), (4.979462755727582e-05, 0.0033408754970878363, 0.9999942779541016, -1.0997619028785266e-06), (0.0, 0.0, 0.0, 1.0)],
            "CC_Base_L_Thumb1": [(0.9993980526924133, -0.009097510948777199, 0.033468153327703476, 4.5299530029296875e-06), (0.006123150233179331, 0.9961086511611938, 0.08792351186275482, 3.4924596548080444e-06), (-0.0341377817094326, -0.08766570687294006, 0.9955648183822632, -1.0147690773010254e-05), (0.0, 0.0, 0.0, 1.0)],
            "CC_Base_L_Thumb2": [(0.9995307922363281, 0.0019163846736773849, -0.030568161979317665, 4.019562766188756e-06), (-0.0032566364388912916, 0.9990323185920715, -0.043855346739292145, -1.960064037120901e-05), (0.030454546213150024, 0.04393431544303894, 0.9985700249671936, 7.344627192651387e-06), (0.0, 0.0, 0.0, 1.0)],
            "CC_Base_L_Thumb3": [(0.9996514916419983, 0.02630944736301899, -0.002269173739477992, 2.4284523533424363e-05), (-0.02635660395026207, 0.9993612170219421, -0.02413448505103588, -5.848022738064174e-06), (0.0016327586490660906, 0.02418586239218712, 0.9997067451477051, 2.7924004371016053e-06), (0.0, 0.0, 0.0, 1.0)],
            "CC_Base_L_UpperarmTwist01": [(0.9999966621398926, -5.255460564512759e-07, 0.002640695543959737, -9.367048187414184e-05), (5.266651896818075e-07, 1.0, -4.2308712977501273e-07, -3.200029823346995e-05), (-0.0026406950782984495, 4.244762976668426e-07, 0.9999967813491821, -6.897570528963115e-06), (0.0, 0.0, 0.0, 1.0)],
            "CC_Base_L_UpperarmTwist02": [(0.9999964237213135, 1.7278506447837572e-07, -0.0026406613178551197, -2.2484464352601208e-05), (-1.723608278325628e-07, 1.0, 1.608798783081511e-07, -6.008148193359375e-05), (0.002640661085024476, -1.604241788299987e-07, 0.999996542930603, -5.825977041240549e-06), (0.0, 0.0, 0.0, 1.0)],
            "CC_Base_L_RibsTwist": [(1.0, -9.599823442840716e-07, -2.22544349526288e-06, -1.8015707610175014e-06), (9.599820032235584e-07, 1.0000001192092896, -1.4901095823915966e-07, 3.3094402169808745e-06), (2.2254432678892044e-06, 1.4900882661095238e-07, 1.0000001192092896, 3.401227877475321e-05), (0.0, 0.0, 0.0, 1.0)],
            "CC_Base_L_Breast": [(1.0, -3.2319996288651676e-13, -4.0218520245931255e-13, -1.2958968227394507e-06), (3.231998815713538e-13, 1.0000001192092896, -1.270345677539808e-07, -4.649161382985767e-06), (4.0218520245931255e-13, 1.270345677539808e-07, 1.0000001192092896, 5.132526712259278e-05), (0.0, 0.0, 0.0, 1.0)],
            "CC_Base_R_RibsTwist": [(1.0, -9.851069080468733e-07, -2.106822194036795e-06, -1.2538148439489305e-06), (9.851071354205487e-07, 1.000000238418579, 1.7881268377095694e-07, 2.449436578899622e-06), (2.106821739289444e-06, -1.7881475855574536e-07, 1.000000238418579, 1.9667233573272824e-05), (0.0, 0.0, 0.0, 1.0)],
            "CC_Base_R_Breast": [(1.0, -8.769094391597454e-13, -1.6545093203465533e-12, 1.9073515886702808e-06), (8.769087886384419e-13, 1.0, -3.8913452726774267e-07, -5.364438038668595e-06), (1.6545097540274223e-12, 3.8913452726774267e-07, 1.0, 4.5362539822235703e-05), (0.0, 0.0, 0.0, 1.0)],
            "CC_Base_R_Clavicle": [(0.9999971985816956, -4.302381057641469e-05, 0.0024253716692328453, 2.4896813556551933e-05), (6.733046029694378e-05, 0.9999496936798096, -0.010022631846368313, -5.94649463891983e-07), (-0.0024248186964541674, 0.010022764094173908, 0.9999469518661499, 1.669861376285553e-06), (0.0, 0.0, 0.0, 1.0)],
            "CC_Base_R_Upperarm": [(0.8662777543067932, 0.4995087683200836, 0.0073183635249733925, -6.102372208260931e-05), (-0.49955594539642334, 0.8662480711936951, 0.007608156651258469, 2.3128792236093432e-05), (-0.002539177658036351, -0.01024671085178852, 0.9999441504478455, -1.026971858664183e-05), (0.0, 0.0, 0.0, 1.0)],
            "CC_Base_R_Forearm": [(1.0, 0.0007680704002268612, 0.00014689832460135221, 6.766885780962184e-05), (-0.0007641653064638376, 0.9996886253356934, -0.024955300614237785, -0.00019493090803734958), (-0.0001660199777688831, 0.024955185130238533, 0.9996888041496277, 4.438783776095079e-07), (0.0, 0.0, 0.0, 1.0)],
            "CC_Base_R_ElbowShareBone": [(1.0000001192092896, -0.00045698785106651485, -0.00017623841995373368, 8.552277722628787e-05), (0.00045957567635923624, 0.9998877644538879, 0.014973657205700874, -4.1304906517325435e-06), (0.0001693758968031034, -0.014973736368119717, 0.9998878836631775, -1.0567492608970497e-05), (0.0, 0.0, 0.0, 1.0)],
            "CC_Base_R_ForearmTwist01": [(1.000000238418579, 2.5750259169399214e-07, -8.21869689389132e-05, 8.553441148251295e-05), (-2.5749707788236265e-07, 0.9999997615814209, 6.842217459279709e-08, -4.083953172084875e-06), (8.218701259465888e-05, -6.840101463012616e-08, 0.9999997615814209, -1.0491013199498411e-05), (0.0, 0.0, 0.0, 1.0)],
            "CC_Base_R_ForearmTwist02": [(1.0, 1.2365941870484676e-07, 2.0052446814133873e-07, 5.265763320494443e-05), (-1.236594613374109e-07, 0.9999999403953552, 8.226174941228237e-08, -5.3395124268718064e-05), (-2.0052449656304816e-07, -8.22617778339918e-08, 0.9999998807907104, -1.186773346262271e-07), (0.0, 0.0, 0.0, 1.0)],
            "CC_Base_R_Hand": [(0.9999485015869141, -0.010146506130695343, -7.92476930655539e-05, 8.155380055541173e-05), (0.010098877362906933, 0.9959518909454346, -0.08931703120470047, -0.00010152761387871578), (0.0009851828217506409, 0.0893116295337677, 0.9960031509399414, -6.400045822374523e-05), (0.0, 0.0, 0.0, 1.0)],
            "CC_Base_R_Ring1": [(0.9999586939811707, 0.008684004656970501, 0.0028100472409278154, 3.3408905437681824e-05), (-0.008896669372916222, 0.9961221814155579, 0.08753233402967453, -9.198307452606969e-06), (-0.00203901925124228, -0.08755370229482651, 0.9961578249931335, -1.7273524122174422e-07), (0.0, 0.0, 0.0, 1.0)],
            "CC_Base_R_Ring2": [(0.9999958276748657, -0.001705302856862545, -0.002373354509472847, 5.027008569413738e-07), (0.00171142618637532, 0.9999947547912598, 0.0025799341965466738, -1.0385458153905347e-05), (0.002368943765759468, -0.0025839838199317455, 0.9999938607215881, -5.471201802720316e-08), (0.0, 0.0, 0.0, 1.0)],
            "CC_Base_R_Ring3": [(0.9998800754547119, 0.015503652393817902, -0.0004721682926174253, 0.0), (-0.015508901327848434, 0.9997730851173401, -0.01462103147059679, 0.0), (0.0002453818160574883, 0.014626600779592991, 0.9998928904533386, 0.0), (0.0, 0.0, 0.0, 1.0)],
            "CC_Base_R_Mid1": [(0.9999564290046692, 0.008690779097378254, 0.0035737543366849422, 3.40072438120842e-05), (-0.008966296911239624, 0.9962450265884399, 0.08611452579498291, -3.292085602879524e-05), (-0.002811933634802699, -0.08614277094602585, 0.9962789416313171, 1.7373822629451752e-06), (0.0, 0.0, 0.0, 1.0)],
            "CC_Base_R_Mid2": [(0.9999997019767761, 0.0003001132281497121, -0.0006639319472014904, 2.2748554329155013e-05), (-0.00029940728563815355, 0.9999994039535522, 0.0010630853939801455, -3.9914057197165675e-06), (0.0006642505759373307, -0.0010628864401951432, 0.9999991655349731, -7.744967547296255e-07), (0.0, 0.0, 0.0, 1.0)],
            "CC_Base_R_Mid3": [(0.999922513961792, 0.012424803338944912, -0.00015585286018904299, 1.8898850612458773e-05), (-0.012425598688423634, 0.9997615218162537, -0.017945900559425354, -1.0725836546043865e-05), (-6.715859490213916e-05, 0.017946453765034676, 0.9998385906219482, -4.677400283981115e-06), (0.0, 0.0, 0.0, 1.0)],
            "CC_Base_R_Thumb1": [(0.9993990063667297, 0.009097443893551826, -0.033467840403318405, 2.3186206817626953e-05), (-0.0061231013387441635, 0.9961084723472595, 0.08792399615049362, -8.158385753631592e-06), (0.03413749486207962, -0.08766617625951767, 0.9955649375915527, 1.4949589967727661e-05), (0.0, 0.0, 0.0, 1.0)],
            "CC_Base_R_Thumb2": [(0.9995307326316833, -0.0019168235594406724, 0.030568083748221397, 2.595459227450192e-05), (0.0032570709008723497, 0.9990323781967163, -0.043855343014001846, -2.8698183086817153e-05), (-0.030454445630311966, 0.043934326618909836, 0.9985700845718384, 9.827955182117876e-06), (0.0, 0.0, 0.0, 1.0)],
            "CC_Base_R_Thumb3": [(0.9996517896652222, -0.026308687403798103, 0.002268931595608592, 3.389119228813797e-05), (0.026355842128396034, 0.9993613958358765, -0.024134203791618347, -5.478010734805139e-06), (-0.0016325440956279635, 0.02418559603393078, 0.9997060298919678, 3.462932727416046e-05), (0.0, 0.0, 0.0, 1.0)],
            "CC_Base_R_Index1": [(0.9999518394470215, 0.008893446065485477, 0.0042909071780741215, 2.7525238692760468e-05), (-0.009230885654687881, 0.9962205290794373, 0.08636751770973206, -3.35020013153553e-05), (-0.0035065871197730303, -0.08640290796756744, 0.9962540864944458, 1.1534430086612701e-06), (0.0, 0.0, 0.0, 1.0)],
            "CC_Base_R_Index2": [(0.9999988079071045, 0.0007268525077961385, -0.0013349161017686129, 1.9832708858302794e-05), (-0.0007268134504556656, 0.9999996423721313, 2.9739658202743158e-05, -1.7823815142037347e-05), (0.001334937522187829, -2.8769391064997762e-05, 0.999998927116394, -1.8636351342138369e-06), (0.0, 0.0, 0.0, 1.0)],
            "CC_Base_R_Index3": [(0.9998924732208252, 0.014662444591522217, 7.86778230121854e-07, 0.0), (-0.014662365429103374, 0.9998865723609924, -0.003341339761391282, 0.0), (-4.977891512680799e-05, 0.003340967930853367, 0.9999943375587463, 0.0), (0.0, 0.0, 0.0, 1.0)],
            "CC_Base_R_Pinky1": [(0.9999709129333496, 0.007243418600410223, 0.002528742654249072, 5.295034497976303e-05), (-0.007433987222611904, 0.9962714910507202, 0.08595416694879532, -2.9787421226501465e-05), (-0.0018967128125950694, -0.0859704464673996, 0.9962958097457886, 2.942702849395573e-06), (0.0, 0.0, 0.0, 1.0)],
            "CC_Base_R_Pinky2": [(0.9999991655349731, -7.432087295455858e-05, 0.0012552720727398992, 0.0), (6.472703535109758e-05, 0.9999707937240601, 0.007641138508915901, 0.0), (-0.0012558032758533955, -0.007641051895916462, 0.9999699592590332, 0.0), (0.0, 0.0, 0.0, 1.0)],
            "CC_Base_R_Pinky3": [(0.9996073246002197, 0.027847837656736374, -0.003119284985587001, 0.0), (-0.027951152995228767, 0.9987934827804565, -0.04036905616521835, 0.0), (0.0019913313444703817, 0.040440384298563004, 0.9991798996925354, 0.0), (0.0, 0.0, 0.0, 1.0)],
            "CC_Base_R_UpperarmTwist01": [(0.9999967813491821, 4.930856221108115e-07, -0.0026351248379796743, 0.00012179535406176001), (-4.937789412906568e-07, 1.0000004768371582, -2.6249659867971786e-07, -8.244821219705045e-05), (0.0026351248379796743, 2.637969203078683e-07, 0.9999967813491821, -9.297285032516811e-06), (0.0, 0.0, 0.0, 1.0)],
            "CC_Base_R_UpperarmTwist02": [(0.9999967813491821, -1.3764756090495212e-07, 0.0026352424174547195, 3.6643894418375567e-05), (1.3724272207582544e-07, 0.9999998807907104, 1.5382180151846114e-07, -4.482252188608982e-05), (-0.002635243348777294, -1.5345959525348007e-07, 0.9999964833259583, -1.4375269756783382e-06), (0.0, 0.0, 0.0, 1.0)],
            },
        },
    "new T with hands": {
        "pose_matrix": {
            "CC_Base_BoneRoot": [(1.0, 0.0, 0.0, 0.0), (0.0, 1.0, 0.0, 0.0), (0.0, 0.0, 1.0, 0.0), (0.0, 0.0, 0.0, 1.0)],
            "CC_Base_Hip": [(1.0, -0.00011643965262919664, -5.273092256175005e-07, 0.00021881991415284574), (0.00011643965262919664, 1.0, 7.768049385958875e-07, -9.945098876953125), (5.272187308946741e-07, -7.768663294882572e-07, 1.0, 0.5964063405990601), (0.0, 0.0, 0.0, 1.0)],
            "CC_Base_Pelvis": [(0.9999998211860657, 8.242141191772134e-09, 2.2351743211856956e-07, -6.217888312676223e-06), (-8.242137639058456e-09, 1.0, -9.448144488999333e-09, 2.3600945642243687e-09), (-2.2351743211856956e-07, 9.448144488999333e-09, 0.9999998211860657, 6.578359261766309e-07), (0.0, 0.0, 0.0, 1.0)],
            "CC_Base_L_Thigh": [(0.9999920725822449, 0.003968571312725544, 1.159970224762219e-06, 1.4715595170855522e-05), (-0.0039670430123806, 0.9996150135993958, -0.027457477524876595, -2.771615982055664e-05), (-0.00011012649338226765, 0.027457257732748985, 0.9996228814125061, -1.2693926692008972e-06), (0.0, 0.0, 0.0, 1.0)],
            "CC_Base_L_Calf": [(1.0000004768371582, 1.0536685294937342e-05, -0.00011181256559211761, 1.6524040802323725e-08), (-8.69757332111476e-06, 0.9998650550842285, 0.016435490921139717, -6.559013854712248e-05), (0.00011197064304724336, -0.01643548347055912, 0.9998654127120972, 4.789751983480528e-06), (0.0, 0.0, 0.0, 1.0)],
            "CC_Base_L_Foot": [(0.9999872446060181, -0.001183393644168973, 0.004845471121370792, 4.272900696378201e-05), (0.0011321452911943197, 0.9999437928199768, 0.010565537959337234, -0.00021518616995308548), (-0.00485769659280777, -0.01055991742759943, 0.9999330639839172, -0.00020830132416449487), (0.0, 0.0, 0.0, 1.0)],
            "CC_Base_L_ToeBaseShareBone": [(0.9999997615814209, 1.7379412383888848e-05, 2.840479282895103e-07, -1.6855272406246513e-05), (-1.7379410564899445e-05, 0.9999998807907104, -6.287615406108671e-07, -4.4960688683204353e-07), (-2.8405889906935045e-07, 6.287568794505205e-07, 0.9999995827674866, 5.0248422667209525e-06), (0.0, 0.0, 0.0, 1.0)],
            "CC_Base_L_ToeBase": [(1.0, -2.5145698856476884e-08, -1.3504191542779154e-08, -1.9861225155182183e-05), (2.5145720172758956e-08, 1.0, 1.5251567901941598e-06, -1.5314049960579723e-05), (1.3504157791999205e-08, -1.5251574723151862e-06, 0.9999995827674866, -2.5834797270363197e-06), (0.0, 0.0, 0.0, 1.0)],
            "CC_Base_L_PinkyToe1": [(0.9999995827674866, -9.005906917991524e-07, -7.525069349867408e-07, -2.4065375328063965e-06), (9.005872243506019e-07, 0.9999997615814209, -4.310161784815136e-06, 3.904104232788086e-06), (7.525103455918725e-07, 4.310159511078382e-06, 1.0000001192092896, 4.537403583526611e-06), (0.0, 0.0, 0.0, 1.0)],
            "CC_Base_L_RingToe1": [(1.0000003576278687, -8.391231176574365e-07, -5.448214892567194e-07, 3.0983355827629566e-06), (8.391201617996558e-07, 1.0000004768371582, -5.1693059504032135e-06, 3.7779100239276886e-06), (5.448258661999716e-07, 5.1693059504032135e-06, 1.000000238418579, 6.464309990406036e-06), (0.0, 0.0, 0.0, 1.0)],
            "CC_Base_L_MidToe1": [(1.0000001192092896, -4.1397396444153856e-07, -5.722969262933475e-07, 9.281086931878235e-06), (4.1397180439162184e-07, 1.0, -3.856199782603653e-06, 7.0375344876083545e-06), (5.722984610656567e-07, 3.856198873108951e-06, 1.000000238418579, 8.32278783491347e-06), (0.0, 0.0, 0.0, 1.0)],
            "CC_Base_L_IndexToe1": [(1.0, -3.937175279133953e-07, -4.442401575488475e-07, 1.8533319234848022e-05), (3.9371570892399177e-07, 1.0000001192092896, -3.984664090239676e-06, 4.023313522338867e-06), (4.44241578634319e-07, 3.984663180744974e-06, 1.0000003576278687, 9.94652509689331e-06), (0.0, 0.0, 0.0, 1.0)],
            "CC_Base_L_BigToe1": [(1.0000004768371582, 6.010848707660443e-09, -2.296437742188573e-07, 2.6824222004506737e-05), (-6.010851816284912e-09, 1.0000003576278687, -1.2341843991237056e-08, 8.673698175698519e-06), (2.296437742188573e-07, 1.2341843991237056e-08, 1.0000004768371582, 4.777684807777405e-06), (0.0, 0.0, 0.0, 1.0)],
            "CC_Base_L_CalfTwist01": [(0.9999998807907104, 2.2003415267590754e-07, 0.00011176632688147947, 8.508055543643422e-06), (-2.2002473087923136e-07, 1.0000005960464478, -8.2918475641236e-08, -2.3312704797717743e-05), (-0.00011176626139786094, 8.289389796800606e-08, 1.0000004768371582, -1.2576267636177363e-06), (0.0, 0.0, 0.0, 1.0)],
            "CC_Base_L_CalfTwist02": [(0.9999971985816956, 6.634434335239803e-09, 0.002366760978475213, -4.0681916289031506e-06), (-6.382461226195346e-09, 1.000000238418579, -1.0647022463672329e-07, 7.05737984389998e-05), (-0.0023667607456445694, 1.0645483428106672e-07, 0.9999973177909851, -2.169757863157429e-06), (0.0, 0.0, 0.0, 1.0)],
            "CC_Base_L_KneeShareBone": [(0.9999999403953552, -4.119903223909205e-06, 0.00011187993368366733, 8.543346666556317e-06), (5.039190000388771e-06, 0.9999668002128601, -0.008218002505600452, -2.3312999474001117e-05), (-0.00011184222967131063, 0.008218003436923027, 0.9999668002128601, -9.827978146859095e-07), (0.0, 0.0, 0.0, 1.0)],
            "CC_Base_L_ThighTwist01": [(1.0000003576278687, 2.184454359621668e-07, -6.307310513875564e-07, -2.8822169042541645e-06), (-2.184455212272951e-07, 1.0000004768371582, -1.7680055464097677e-07, -2.6300400350010023e-05), (6.307309945441375e-07, 1.7680069674952392e-07, 1.0000004768371582, 2.4408141143794637e-06), (0.0, 0.0, 0.0, 1.0)],
            "CC_Base_L_ThighTwist02": [(1.0, -4.826051225315098e-10, 5.900567430217052e-07, -3.233674988223356e-06), (4.825548294284943e-10, 1.0, 8.514146543348033e-08, 0.00011444098345236853), (-5.900567430217052e-07, -8.514146543348033e-08, 1.0, -4.708881988335634e-06), (0.0, 0.0, 0.0, 1.0)],
            "CC_Base_R_Thigh": [(0.999992847442627, -0.0037270584143698215, -4.855630777456099e-06, -1.703319139778614e-05), (0.003725529182702303, 0.9996183514595032, -0.027367908507585526, -3.2588839530944824e-05), (0.00010685555753298104, 0.027367696166038513, 0.9996254444122314, 3.33273783326149e-06), (0.0, 0.0, 0.0, 1.0)],
            "CC_Base_R_Calf": [(0.9998707175254822, 8.169493412424345e-06, -0.016058538109064102, -7.005050429143012e-05), (-9.931249223882332e-06, 1.0, -0.00010962879605358467, 2.9486041057680268e-06), (0.016058536246418953, 0.00010977416241075844, 0.9998708963394165, -2.8170506993774325e-06), (0.0, 0.0, 0.0, 1.0)],
            "CC_Base_R_KneeShareBone": [(0.9999681115150452, -4.803016963705886e-06, 0.00802952516824007, -1.8045386241283268e-05), (3.922270479961298e-06, 0.9999999403953552, 0.00010970461880788207, -6.200107236509211e-06), (-0.008029523305594921, -0.00010966949776047841, 0.9999684691429138, -1.1981155694229528e-06), (0.0, 0.0, 0.0, 1.0)],
            "CC_Base_R_Foot": [(0.9999874234199524, 0.0011930853361263871, -0.004864329472184181, -5.389665602706373e-05), (-0.0011402403470128775, 0.9999411702156067, 0.010851917788386345, -0.00020942729315720499), (0.004876986145973206, -0.010846242308616638, 0.9999294281005859, -0.00018833861395251006), (0.0, 0.0, 0.0, 1.0)],
