# Pose library auto-generated by Onigiri 

poses = {
    "relaxed": {
        "pose_matrix": {
            "Hips": [(1.0, 1.603723231333605e-20, 1.1368683772161603e-13, 4.440892098500626e-16), (2.4847051572672448e-21, 1.0, -1.6292068494294654e-07, 0.0), (-1.1368683772161603e-13, 1.6292068494294654e-07, 1.0, -9.313273485744844e-10), (0.0, 0.0, 0.0, 1.0)],
            "Spine": [(1.0, -1.0658141036401503e-14, 4.218847493575595e-14, -4.4408844222645417e-16), (1.0658141036401503e-14, 1.0, -1.4901161193847656e-08, 9.159339953157541e-16), (-4.218847493575595e-14, 1.4901161193847656e-08, 1.0, -4.6455894686658894e-15), (0.0, 0.0, 0.0, 1.0)],
            "Spine 1": [(1.0, -4.66293585639271e-15, 1.7763568394002505e-15, 8.013112099043446e-15), (4.662936279909184e-15, 0.9999999403953552, -3.3527616238870905e-08, -1.617763523142912e-08), (-1.776356733521132e-15, 3.3527612686157227e-08, 1.0, 1.497427604135737e-08), (0.0, 0.0, 0.0, 1.0)],
            "Chest": [(1.0, 6.098961335965214e-10, -3.9967438247856535e-09, 4.331405636178072e-14), (-6.098961891076726e-10, 1.0000001192092896, -2.9802322387695312e-08, 2.395424871792784e-07), (3.996743380696444e-09, 2.9802322387695312e-08, 1.0000001192092896, 6.155257636919487e-08), (0.0, 0.0, 0.0, 1.0)],
            "Neck": [(1.0, 4.796163805193855e-14, -1.6964207816272392e-13, 1.3150145848541545e-14), (-4.7961631275674974e-14, 1.0, 3.725290298461914e-08, -2.388369750860875e-07), (1.6964207816272392e-13, -3.725290298461914e-08, 1.0, -8.014134067479972e-08), (0.0, 0.0, 0.0, 1.0)],
            "Head": [(1.0, -9.170092596377799e-08, -2.892441131052692e-08, 1.765116102326464e-13), (9.17009401746327e-08, 0.9999998807907104, 1.4901191391913926e-08, 8.75075514272794e-08), (2.892441131052692e-08, -1.4901193168270765e-08, 1.0, 3.155328087700582e-08), (0.0, 0.0, 0.0, 1.0)],
            "Jaw": [(1.0, 1.3131784726283513e-07, -1.473472224233774e-07, -3.1086244689504383e-15), (-1.3131786147368985e-07, 1.0000001192092896, -1.341102517926629e-07, -1.3364470419219288e-07), (1.4734717979081324e-07, 1.3411028021437232e-07, 1.0000001192092896, 4.00469168937434e-08), (0.0, 0.0, 0.0, 1.0)],
            "Lower_lip": [(0.9999999403953552, 3.7769250837982327e-08, -1.5646223516796454e-07, 1.2712553143501282e-07), (-3.7769225968986575e-08, 1.0, 1.5273913334112876e-07, 6.394884621840902e-14), (1.5646223516796454e-07, -1.5273914755198348e-07, 0.9999998807907104, 3.58559226754096e-08), (0.0, 0.0, 0.0, 1.0)],
            "Lower_lip_L": [(1.0, 7.171183824539185e-08, 2.2351736461700966e-08, -1.1932570487260818e-09), (-7.171183824539185e-08, 1.0, -1.30385160446167e-07, 5.085894372314215e-08), (-2.2351747119842003e-08, 1.30385160446167e-07, 1.0, -2.1600135369226336e-07), (0.0, 0.0, 0.0, 1.0)],
            "Lower_lip_R": [(1.0000001192092896, -4.656610741449185e-08, 2.8312203426139604e-07, -1.5133991837501526e-09), (4.6566157152483356e-08, 1.0000001192092896, -1.6763804921993142e-07, -5.011679604649544e-08), (-2.831220911048149e-07, 1.6763807764164085e-07, 0.9999999403953552, -2.1612504497170448e-07), (0.0, 0.0, 0.0, 1.0)],
            "Face": [(1.0, -8.986431510038528e-08, 1.0555957885571843e-08, 2.9531932455029164e-14), (8.986430088953057e-08, 1.0000001192092896, -1.4901278433399057e-08, -1.1641526498351595e-07), (-1.0555953444679744e-08, 1.4901276657042217e-08, 1.000000238418579, -4.190902203049518e-08), (0.0, 0.0, 0.0, 1.0)],
            "Upper_lip": [(0.9999998211860657, 1.8038248228435805e-08, 2.980232594040899e-08, 8.387723937630653e-08), (-1.8038244675722126e-08, 1.0, -3.711681273443901e-08, -4.64628335805628e-14), (-2.980232949312267e-08, 3.7116823392580045e-08, 0.9999997019767761, -6.891787052154541e-08), (0.0, 0.0, 0.0, 1.0)],
            "Upper_lip_L": [(0.9999999403953552, 8.940696716308594e-08, -7.636845111846924e-08, -1.280568540096283e-09), (-8.940696716308594e-08, 0.9999999403953552, 2.514571129097476e-08, 6.6356733441352844e-09), (7.636845111846924e-08, -2.514570596190424e-08, 0.9999998807907104, 1.7095590010285378e-07), (0.0, 0.0, 0.0, 1.0)],
            "Upper_lip_R": [(1.0, -6.705522537231445e-08, -1.6763809895792292e-08, -3.6088749766349792e-09), (6.705522537231445e-08, 1.0, 1.3038518709151958e-08, -5.587935447692871e-09), (1.6763808119435453e-08, -1.3038518709151958e-08, 1.0000001192092896, 1.7473939806222916e-07), (0.0, 0.0, 0.0, 1.0)],
            "Eye_L": [(1.0, -1.1315553122325309e-13, -3.040969575760985e-14, 3.9826898723394066e-11), (1.131555583283074e-13, 0.9999997615814209, -1.0803342576082287e-07, 2.8638174498496483e-08), (3.0409716086400584e-14, 1.0803341865539551e-07, 0.9999998211860657, -1.1407149003161976e-07), (0.0, 0.0, 0.0, 1.0)],
            "Eye_R": [(1.0, -5.195845110498448e-14, -1.9984012749186923e-14, -5.707493144768705e-09), (5.195846465751164e-14, 0.9999997615814209, -1.0058284516389904e-07, 2.7742238728478696e-08), (1.998402291358229e-14, 1.0058284516389904e-07, 0.9999998211860657, -1.1410255496002719e-07), (0.0, 0.0, 0.0, 1.0)],
            "Up_Lid_L": [(1.0000001192092896, 1.0550150336685604e-10, 3.201420795129195e-10, 5.344531928130891e-09), (-1.0550148948906823e-10, 0.9999998807907104, -1.4156120187180932e-07, -4.16184775531292e-09), (-3.2014219053522197e-10, 1.4156123029351875e-07, 0.9999997019767761, -1.1768634067266248e-07), (0.0, 0.0, 0.0, 1.0)],
            "Up_Lid_R": [(1.0000001192092896, -7.494236897720441e-10, -3.637977141757176e-10, 1.8878836272051558e-09), (7.494238007943466e-10, 0.9999998807907104, -2.905734959313122e-07, -3.179593477398157e-09), (3.63798047242625e-10, 2.9057352435302164e-07, 0.9999998211860657, -1.1726751836249605e-07), (0.0, 0.0, 0.0, 1.0)],
            "Lower_Lid_L": [(1.0, -3.637977141757176e-10, -1.4551905513915386e-10, 2.322167347301729e-09), (3.6379779744244445e-10, 0.9999997615814209, -7.450581307466564e-08, 6.565096555277705e-08), (1.455191106503051e-10, 7.450580596923828e-08, 0.9999998211860657, -9.728682925924659e-08), (0.0, 0.0, 0.0, 1.0)],
            "Lower_Lid_R": [(1.0000001192092896, 1.5279498499776167e-10, -2.328307269205965e-10, 2.4374458007514477e-10), (-1.527950127533373e-10, 0.9999998807907104, -2.9802320611338473e-08, 6.605841917917132e-08), (2.328308101873233e-10, 2.9802322387695312e-08, 0.9999998211860657, -9.792711352929473e-08), (0.0, 0.0, 0.0, 1.0)],
            "Eyebrow_L": [(1.0000001192092896, -3.166496753692627e-08, 9.313215976192168e-09, -6.542541086673737e-08), (3.166496398421259e-08, 1.0, 6.07222318649292e-07, 2.2817403078079224e-08), (-9.313236404295822e-09, -6.07222318649292e-07, 1.0, 1.1455267667770386e-07), (0.0, 0.0, 0.0, 1.0)],
            "Eyebrow_1_L": [(1.0, -4.09781861776537e-08, -5.9604641222676946e-08, 0.0), (4.0978189730367376e-08, 0.9999998807907104, 7.4505797087454084e-09, 0.0), (5.960464477539063e-08, -7.450581485102248e-09, 0.9999999403953552, 0.0), (0.0, 0.0, 0.0, 1.0)],
            "Eyebrow_R": [(1.000000238418579, -4.9825779058210173e-08, 8.288768782449552e-08, 6.193295121192932e-08), (4.982573287293235e-08, 1.0, 6.55185488085408e-07, 2.0489096641540527e-08), (-8.288773045705966e-08, -6.551854312419891e-07, 1.0000001192092896, 1.223525032401085e-07), (0.0, 0.0, 0.0, 1.0)],
            "Eyebrow_1_R": [(0.9999998211860657, -1.1175868230850483e-08, 1.8626460374093767e-08, 0.0), (1.1175870007207322e-08, 0.9999998211860657, -7.450581307466564e-08, 0.0), (-1.8626458597736928e-08, 7.450580596923828e-08, 0.9999999403953552, 0.0), (0.0, 0.0, 0.0, 1.0)],
            "Tongue": [(0.99024897813797, 0.07125340402126312, -0.11970744282007217, 4.440892098500626e-14), (-0.02104024402797222, 0.9259358048439026, 0.3770942986011505, 3.725290298461914e-08), (0.13771067559719086, -0.37089860439300537, 0.9184061884880066, 6.146715492150179e-08), (0.0, 0.0, 0.0, 1.0)],
            "Clavicle_L": [(1.0, -1.457519829273224e-07, 1.561129607807743e-07, 9.317664861896446e-09), (1.457519971381771e-07, 0.9999998807907104, -1.591978637804914e-08, 6.703731258994594e-08), (-1.5611294656991959e-07, 1.5919804141617533e-08, 1.0000001192092896, -2.3829123563245957e-07), (0.0, 0.0, 0.0, 1.0)],
            "Upper_Arm_L": [(0.9999998807907104, -2.328316428545918e-10, -7.916240996053148e-09, 0.0), (2.3283133754326e-10, 0.9999998211860657, -4.415051080286503e-08, 0.0), (7.916241884231567e-09, 4.415051435557871e-08, 0.9999997615814209, 0.0), (0.0, 0.0, 0.0, 1.0)],
            "Lower_Arm_L": [(1.0, -1.4873876352794468e-08, 5.238687261766017e-10, 0.0), (1.4873876352794468e-08, 1.0, 1.3067619875073433e-08, 0.0), (-5.238690037323579e-10, -1.3067621651430272e-08, 0.9999998807907104, 0.0), (0.0, 0.0, 0.0, 1.0)],
            "Hand_L": [(1.0, 3.686022154170132e-09, -1.5246256479528597e-09, 0.0), (-3.6860212659917124e-09, 1.000000238418579, 4.898172889511443e-08, 0.0), (1.524625981019767e-09, -4.8981743105969144e-08, 0.9999999403953552, 0.0), (0.0, 0.0, 0.0, 1.0)],
            "Index_L": [(1.0, 9.313240179054105e-10, 1.3969838619232178e-08, 1.6094418242573738e-08), (-9.313227966600834e-10, 0.9999998807907104, -9.639188647270203e-08, -9.837094694375992e-08), (-1.3969838619232178e-08, 9.639187226184731e-08, 1.0, 1.650187186896801e-07), (0.0, 0.0, 0.0, 1.0)],
            "Index_1_L": [(0.9999997615814209, 6.926713425059461e-09, -8.847565347025466e-09, 0.0), (-6.926712092791831e-09, 0.9999999403953552, 2.182805325379178e-10, 0.0), (8.847563570668626e-09, -2.1828046314897875e-10, 1.0, 0.0), (0.0, 0.0, 0.0, 1.0)],
            "Index_2_L": [(0.9999999403953552, -6.940012120537631e-09, 1.565058482810855e-08, 0.0), (6.94001345280526e-09, 0.9999997615814209, -7.427107817647993e-09, 0.0), (-1.565058305175171e-08, 7.427106041291154e-09, 1.0, 0.0), (0.0, 0.0, 0.0, 1.0)],
            "Thumb_L": [(0.9999997615814209, 1.0803341865539551e-07, 5.587934559514451e-09, 2.593151293694973e-08), (-1.0803342576082287e-07, 0.9999997019767761, 3.352762334429826e-08, -3.073364496231079e-08), (-5.587930562711563e-09, -3.3527616238870905e-08, 0.9999998807907104, 4.842877388000488e-08), (0.0, 0.0, 0.0, 1.0)],
            "Thumb_1_L": [(1.0, -5.76837919652462e-08, 2.561137080192566e-08, 0.0), (5.768379907067356e-08, 0.9999998807907104, -3.9581212973871516e-08, 0.0), (-2.561137080192566e-08, 3.9581212973871516e-08, 0.9999998807907104, 0.0), (0.0, 0.0, 0.0, 1.0)],
            "Thumb_2_L": [(1.0000001192092896, 2.9611781471317045e-08, -1.9499564185565532e-09, 0.0), (-2.9611786800387563e-08, 0.9999999403953552, 2.7655907786083844e-08, 0.0), (1.949957306734973e-09, -2.7655902457013326e-08, 1.0000001192092896, 0.0), (0.0, 0.0, 0.0, 1.0)],
            "Middle_L": [(0.9999999403953552, -8.847564458847046e-09, 2.0663726285619077e-09, 2.786691766232252e-09), (8.847565347025466e-09, 0.9999997615814209, -1.266735267790864e-07, -1.3751559890806675e-07), (-2.066371296294278e-09, 1.2667351256823167e-07, 0.9999998807907104, 1.2360192158666905e-07), (0.0, 0.0, 0.0, 1.0)],
            "Middle_1_L": [(0.9999999403953552, 4.016328603029251e-09, 4.190952473948073e-09, 0.0), (-4.016327714850831e-09, 1.0000001192092896, 7.440394256263971e-08, 0.0), (-4.190951585769653e-09, -7.440394256263971e-08, 1.0000001192092896, 0.0), (0.0, 0.0, 0.0, 1.0)],
            "Middle_2_L": [(1.0000001192092896, 4.3246470293745176e-10, -2.0081643015146255e-09, 0.0), (-4.3246470293745176e-10, 1.0000001192092896, 3.721979613402482e-09, 0.0), (2.0081643015146255e-09, -3.721979613402482e-09, 1.0000001192092896, 0.0), (0.0, 0.0, 0.0, 1.0)],
            "Ring_R": [(0.9999999403953552, -1.6763806343078613e-08, -1.1175870007207322e-08, -2.6368070393800735e-08), (1.6763808119435453e-08, 0.9999998211860657, -8.917414362485943e-08, -1.8312130123376846e-07), (1.1175871783564162e-08, 8.917413651943207e-08, 0.9999999403953552, 1.0442454367876053e-07), (0.0, 0.0, 0.0, 1.0)],
            "Ring_1_R": [(1.0, -1.3969840839678227e-09, 2.095475126751012e-09, 0.0), (1.3969843060124276e-09, 0.9999998807907104, 4.30736024625844e-09, 0.0), (-2.095474904706407e-09, -4.307359358080021e-09, 1.0000001192092896, 0.0), (0.0, 0.0, 0.0, 1.0)],
            "Ring_2_R": [(0.9999998807907104, -3.492460987075674e-09, -2.1333107724785805e-08, 0.0), (3.4924623193433035e-09, 0.9999997615814209, 3.795139136286707e-08, 0.0), (2.1333111277499484e-08, -3.795139136286707e-08, 0.9999997615814209, 0.0), (0.0, 0.0, 0.0, 1.0)],
            "Pinky_L": [(0.9999998807907104, -2.9802322387695312e-08, -7.450581485102248e-09, -4.190951585769653e-08), (2.980232594040899e-08, 0.9999997615814209, -9.499490971620617e-08, -9.452924132347107e-08), (7.450585037815927e-09, 9.499489550535145e-08, 0.9999999403953552, 6.146728992462158e-08), (0.0, 0.0, 0.0, 1.0)],
            "Pinky_1_L": [(1.0, 2.7939677238464355e-08, -5.4482363509578136e-08, 0.0), (-2.7939680791178034e-08, 0.9999998807907104, 1.3969839507410597e-08, 0.0), (5.448237061500549e-08, -1.3969837731053758e-08, 0.9999998807907104, 0.0), (0.0, 0.0, 0.0, 1.0)],
            "Pinky_2_L": [(1.0, 6.51925624595151e-09, 2.2118911147117615e-08, 0.0), (-6.51925757821914e-09, 0.9999999403953552, 2.7590427720269872e-08, 0.0), (-2.2118911147117615e-08, -2.7590425943913033e-08, 1.0, 0.0), (0.0, 0.0, 0.0, 1.0)],
            "Clavicle_R": [(1.0000001192092896, -2.188601122554701e-08, 1.0349323531499977e-07, -9.317663973718027e-09), (2.1886155110451e-08, 1.0, -1.3760292176812072e-06, 6.703731258994594e-08), (-1.0349320689329033e-07, 1.3760291039943695e-06, 1.0000001192092896, -2.2339007443861192e-07), (0.0, 0.0, 0.0, 1.0)],
            "Upper_Arm_R": [(0.9999998807907104, -1.4435499018361497e-08, 3.9581213862049935e-09, 0.0), (1.4435500794718337e-08, 0.9999997615814209, 3.021705197170377e-08, 0.0), (-3.9581213862049935e-09, -3.021704841899009e-08, 0.9999999403953552, 0.0), (0.0, 0.0, 0.0, 1.0)],
            "Lower_Arm_R": [(1.000000238418579, 1.4932078684637418e-08, -1.804438043429002e-09, 0.0), (-1.4932082237351096e-08, 1.0, -4.885077586891384e-08, 0.0), (1.804438043429002e-09, 4.88507829743412e-08, 0.9999998807907104, 0.0), (0.0, 0.0, 0.0, 1.0)],
            "Hand_R": [(1.000000238418579, -1.102242475070625e-08, 4.413812870751599e-09, 0.0), (1.1022427415241509e-08, 1.0, -1.8451828509569168e-08, 0.0), (-4.413813758930019e-09, 1.8451828509569168e-08, 1.0, 0.0), (0.0, 0.0, 0.0, 1.0)],
            "Index_R": [(0.9999998211860657, 1.7229465854029513e-08, -4.6566128730773926e-09, 1.0506482794880867e-08), (-1.7229462301315834e-08, 1.0, 6.693881005048752e-08, 1.2514647096395493e-07), (4.6566128730773926e-09, -6.693881005048752e-08, 1.0, -1.339358277618885e-07), (0.0, 0.0, 0.0, 1.0)],
            "Index_1_R": [(1.0000001192092896, -2.2701001078928584e-09, -5.587935891782081e-09, 6.833968946295954e-09), (2.2701007740266732e-09, 0.9999998211860657, -2.984597813338041e-08, -2.4880761895218484e-09), (5.58793766813892e-09, 2.984597813338041e-08, 0.9999998211860657, 1.2580750308188726e-07), (0.0, 0.0, 0.0, 1.0)],
            "Index_2_R": [(1.0, 9.532755029795226e-09, 8.549214114417225e-11, 0.0), (-9.532755029795226e-09, 1.0, -7.543612667859634e-08, 0.0), (-8.549286278913826e-11, 7.543612667859634e-08, 1.0, 0.0), (0.0, 0.0, 0.0, 1.0)],
            "Thumb_R": [(0.9999998211860657, -7.450578376477779e-09, 4.9360089349193004e-08, 1.2468080967664719e-07), (7.450580152834618e-09, 0.9999997615814209, -2.6077035641947077e-08, 1.6111880540847778e-07), (-4.9360089349193004e-08, 2.60770320892334e-08, 0.9999998807907104, -8.16071406006813e-08), (0.0, 0.0, 0.0, 1.0)],
            "Thumb_1_R": [(1.0, -1.6705598682165146e-08, -2.3748725652694702e-08, 0.0), (1.6705598682165146e-08, 1.0, 1.6996636986732483e-08, 0.0), (2.3748725652694702e-08, -1.6996636986732483e-08, 1.0, 0.0), (0.0, 0.0, 0.0, 1.0)],
            "Thumb_2_R": [(0.9999998807907104, -9.026775160680955e-11, -2.9744112950425006e-08, 0.0), (9.026691893954109e-11, 0.9999998807907104, -2.804880949724975e-08, 0.0), (2.9744116503138684e-08, 2.8048813049963428e-08, 0.9999997615814209, 0.0), (0.0, 0.0, 0.0, 1.0)],
            "Middle_R": [(0.9999998211860657, 6.635672455956865e-09, -3.6961866900497853e-09, -7.2686816565692425e-09), (-6.635671123689235e-09, 1.0, -4.638421591263153e-11, 1.355656422674656e-07), (3.6961860239159705e-09, 4.638424366820715e-11, 1.0, -1.2227906154294033e-07), (0.0, 0.0, 0.0, 1.0)],
            "Middle_1_R": [(0.9999999403953552, 7.508788257837296e-09, 1.1641532182693481e-09, 0.0), (-7.508788257837296e-09, 0.9999999403953552, -7.392372936010361e-09, 0.0), (-1.1641533292916506e-09, 7.3923738241887804e-09, 0.9999998211860657, 0.0), (0.0, 0.0, 0.0, 1.0)],
            "Middle_2_R": [(1.0, -8.027201126026284e-09, -2.2846513569874105e-09, 0.0), (8.027199349669445e-09, 1.000000238418579, 7.078536157223425e-08, 0.0), (2.284650468808991e-09, -7.078536157223425e-08, 1.000000238418579, 0.0), (0.0, 0.0, 0.0, 1.0)],
            "Ring_L": [(0.9999997019767761, 2.980232949312267e-08, -4.656613761255812e-09, -4.292814992368221e-08), (-2.9802322387695312e-08, 0.9999998807907104, 4.5634809708872126e-08, 1.8207356333732605e-07), (4.656614649434232e-09, -4.563480615615845e-08, 0.9999999403953552, -6.263144314289093e-08), (0.0, 0.0, 0.0, 1.0)],
            "Ring_1_L": [(0.9999999403953552, 2.7008356440205716e-08, -3.25962834502036e-09, 0.0), (-2.7008359992919395e-08, 0.9999998211860657, 3.25962834502036e-09, 0.0), (3.25962878910957e-09, -3.25962834502036e-09, 0.9999998211860657, 0.0), (0.0, 0.0, 0.0, 1.0)],
            "Ring_2_L": [(0.9999999403953552, -1.93249398705575e-08, 3.288733907425012e-08, 0.0), (1.9324930988773303e-08, 1.0000003576278687, 5.1222745156565e-08, 0.0), (-3.2887328416109085e-08, -5.1222752261992355e-08, 1.000000238418579, 0.0), (0.0, 0.0, 0.0, 1.0)],
            "Pinky_R": [(0.9999997019767761, -5.5879314508899824e-09, 9.313222193441106e-09, -5.611218512058258e-08), (5.587930118622353e-09, 0.9999998807907104, -7.450584149637507e-09, 9.813811630010605e-08), (-9.313219528905847e-09, 7.450583261459087e-09, 1.0, 4.6566128730773926e-09), (0.0, 0.0, 0.0, 1.0)],
            "Pinky_1_R": [(1.0000001192092896, -3.818422200652094e-08, 1.816079020500183e-08, -4.024477462394316e-08), (3.818422200652094e-08, 1.0000001192092896, 6.5192433673644246e-09, 1.0153748775110216e-07), (-1.816079375771551e-08, -6.519244255542844e-09, 0.9999998807907104, -8.031177145539914e-08), (0.0, 0.0, 0.0, 1.0)],
            "Pinky_2_R": [(0.9999998807907104, 3.259625014351286e-09, 1.1583324521780014e-08, 0.0), (-3.2596247923066812e-09, 0.9999998211860657, -4.639151640617456e-08, 0.0), (-1.1583324521780014e-08, 4.639151640617456e-08, 0.9999998807907104, 0.0), (0.0, 0.0, 0.0, 1.0)],
            "Upper_Leg_L": [(0.9999999403953552, -1.2127145964768715e-05, -6.5533636188774835e-06, 1.5133991837501526e-09), (1.2127172340115067e-05, 1.0, 4.061502295371611e-06, -1.4551915228366852e-09), (6.553314051416237e-06, -4.061581421410665e-06, 1.0, 6.184563972055912e-10), (0.0, 0.0, 0.0, 1.0)],
            "Lower_Leg_L": [(0.9999998807907104, 1.909211455597415e-08, 1.6298143279414035e-08, 0.0), (-1.909211455597415e-08, 0.9999998807907104, -9.348151053245601e-08, 0.0), (-1.6298146832127713e-08, 9.348150342702866e-08, 0.9999999403953552, 0.0), (0.0, 0.0, 0.0, 1.0)],
            "Foot_L": [(1.0, 2.4270268568216125e-06, 6.072224323361297e-07, 0.0), (-2.427026629447937e-06, 1.0000001192092896, 3.3294046630771845e-08, 0.0), (-6.072222618058731e-07, -3.329551745423487e-08, 1.0000001192092896, 0.0), (0.0, 0.0, 0.0, 1.0)],
            "Toes_L": [(0.9999998807907104, 1.5832483768463135e-08, 1.4901161193847656e-08, 6.06919385859328e-08), (-1.5832480215749456e-08, 1.0000001192092896, 2.9802318834981634e-08, -1.2721919517844071e-08), (-1.4901159417490817e-08, -2.9802322387695312e-08, 1.0, 4.8452847067892435e-08), (0.0, 0.0, 0.0, 1.0)],
            "Upper_Leg_R": [(1.0000001192092896, 1.0582983122731093e-05, 5.4334204833139665e-06, 3.7834979593753815e-10), (-1.0583011317066848e-05, 1.0, 5.053613676864188e-06, 2.153683453798294e-09), (-5.433367732621264e-06, -5.053671429777751e-06, 0.9999999403953552, -2.81397660728544e-09), (0.0, 0.0, 0.0, 1.0)],
            "Lower_Leg_R": [(1.0, 5.739274300253783e-08, -1.9720755517482758e-07, 0.0), (-5.739276076610622e-08, 0.9999999403953552, -7.299239968006077e-08, 0.0), (1.97207583596537e-07, 7.299242099634284e-08, 0.9999998211860657, 0.0), (0.0, 0.0, 0.0, 1.0)],
            "Foot_R": [(0.9999999403953552, -1.0468065738677979e-06, -1.1706725899784942e-06, 0.0), (1.0468064601809601e-06, 1.0, 4.435363365473677e-08, 0.0), (1.1706723626048188e-06, -4.43548522355286e-08, 1.0000001192092896, 0.0), (0.0, 0.0, 0.0, 1.0)],
            "Toes_R": [(0.9999999403953552, -5.5879283422655135e-09, -4.6566128730773926e-09, 0.0), (5.587926121819464e-09, 1.0000003576278687, 2.207435623180487e-15, 0.0), (4.656612428988183e-09, -2.2334573223530864e-15, 1.0, 0.0), (0.0, 0.0, 0.0, 1.0)],
            },
        },
    "T pose": {
        "pose_matrix": {
            "Hips": [(1.0, 1.603723231333605e-20, 1.1368683772161603e-13, 4.440892098500626e-16), (2.4847051572672448e-21, 1.0, -1.6292068494294654e-07, 0.0), (-1.1368683772161603e-13, 1.6292068494294654e-07, 1.0, -9.313273485744844e-10), (0.0, 0.0, 0.0, 1.0)],
            "Spine": [(1.0, -1.0658141036401503e-14, 4.218847493575595e-14, -4.4408844222645417e-16), (1.0658141036401503e-14, 1.0, -1.4901161193847656e-08, 9.159339953157541e-16), (-4.218847493575595e-14, 1.4901161193847656e-08, 1.0, -4.6455894686658894e-15), (0.0, 0.0, 0.0, 1.0)],
            "Spine 1": [(1.0, -4.66293585639271e-15, 1.7763568394002505e-15, 8.013112099043446e-15), (4.662936279909184e-15, 0.9999999403953552, -3.3527616238870905e-08, -1.617763523142912e-08), (-1.776356733521132e-15, 3.3527612686157227e-08, 1.0, 1.497427604135737e-08), (0.0, 0.0, 0.0, 1.0)],
            "Chest": [(1.0, 6.098961335965214e-10, -3.9967438247856535e-09, 4.331405636178072e-14), (-6.098961891076726e-10, 1.0000001192092896, -2.9802322387695312e-08, 2.395424871792784e-07), (3.996743380696444e-09, 2.9802322387695312e-08, 1.0000001192092896, 6.155257636919487e-08), (0.0, 0.0, 0.0, 1.0)],
            "Neck": [(1.0, 4.796163805193855e-14, -1.6964207816272392e-13, 1.3150145848541545e-14), (-4.7961631275674974e-14, 1.0, 3.725290298461914e-08, -2.388369750860875e-07), (1.6964207816272392e-13, -3.725290298461914e-08, 1.0, -8.014134067479972e-08), (0.0, 0.0, 0.0, 1.0)],
            "Head": [(1.0, -9.170092596377799e-08, -2.892441131052692e-08, 1.765116102326464e-13), (9.17009401746327e-08, 0.9999998807907104, 1.4901191391913926e-08, 8.75075514272794e-08), (2.892441131052692e-08, -1.4901193168270765e-08, 1.0, 3.155328087700582e-08), (0.0, 0.0, 0.0, 1.0)],
            "Jaw": [(1.0, 1.3131784726283513e-07, -1.473472224233774e-07, -3.1086244689504383e-15), (-1.3131786147368985e-07, 1.0000001192092896, -1.341102517926629e-07, -1.3364470419219288e-07), (1.4734717979081324e-07, 1.3411028021437232e-07, 1.0000001192092896, 4.00469168937434e-08), (0.0, 0.0, 0.0, 1.0)],
            "Lower_lip": [(0.9999999403953552, 3.7769250837982327e-08, -1.5646223516796454e-07, 1.2712553143501282e-07), (-3.7769225968986575e-08, 1.0, 1.5273913334112876e-07, 6.394884621840902e-14), (1.5646223516796454e-07, -1.5273914755198348e-07, 0.9999998807907104, 3.58559226754096e-08), (0.0, 0.0, 0.0, 1.0)],
            "Lower_lip_L": [(1.0, 7.171183824539185e-08, 2.2351736461700966e-08, -1.1932570487260818e-09), (-7.171183824539185e-08, 1.0, -1.30385160446167e-07, 5.085894372314215e-08), (-2.2351747119842003e-08, 1.30385160446167e-07, 1.0, -2.1600135369226336e-07), (0.0, 0.0, 0.0, 1.0)],
            "Lower_lip_R": [(1.0000001192092896, -4.656610741449185e-08, 2.8312203426139604e-07, -1.5133991837501526e-09), (4.6566157152483356e-08, 1.0000001192092896, -1.6763804921993142e-07, -5.011679604649544e-08), (-2.831220911048149e-07, 1.6763807764164085e-07, 0.9999999403953552, -2.1612504497170448e-07), (0.0, 0.0, 0.0, 1.0)],
            "Face": [(1.0, -8.986431510038528e-08, 1.0555957885571843e-08, 2.9531932455029164e-14), (8.986430088953057e-08, 1.0000001192092896, -1.4901278433399057e-08, -1.1641526498351595e-07), (-1.0555953444679744e-08, 1.4901276657042217e-08, 1.000000238418579, -4.190902203049518e-08), (0.0, 0.0, 0.0, 1.0)],
            "Upper_lip": [(0.9999998211860657, 1.8038248228435805e-08, 2.980232594040899e-08, 8.387723937630653e-08), (-1.8038244675722126e-08, 1.0, -3.711681273443901e-08, -4.64628335805628e-14), (-2.980232949312267e-08, 3.7116823392580045e-08, 0.9999997019767761, -6.891787052154541e-08), (0.0, 0.0, 0.0, 1.0)],
            "Upper_lip_L": [(0.9999999403953552, 8.940696716308594e-08, -7.636845111846924e-08, -1.280568540096283e-09), (-8.940696716308594e-08, 0.9999999403953552, 2.514571129097476e-08, 6.6356733441352844e-09), (7.636845111846924e-08, -2.514570596190424e-08, 0.9999998807907104, 1.7095590010285378e-07), (0.0, 0.0, 0.0, 1.0)],
            "Upper_lip_R": [(1.0, -6.705522537231445e-08, -1.6763809895792292e-08, -3.6088749766349792e-09), (6.705522537231445e-08, 1.0, 1.3038518709151958e-08, -5.587935447692871e-09), (1.6763808119435453e-08, -1.3038518709151958e-08, 1.0000001192092896, 1.7473939806222916e-07), (0.0, 0.0, 0.0, 1.0)],
            "Eye_L": [(1.0, -1.1315553122325309e-13, -3.040969575760985e-14, 3.9826898723394066e-11), (1.131555583283074e-13, 0.9999997615814209, -1.0803342576082287e-07, 2.8638174498496483e-08), (3.0409716086400584e-14, 1.0803341865539551e-07, 0.9999998211860657, -1.1407149003161976e-07), (0.0, 0.0, 0.0, 1.0)],
            "Eye_R": [(1.0, -5.195845110498448e-14, -1.9984012749186923e-14, -5.707493144768705e-09), (5.195846465751164e-14, 0.9999997615814209, -1.0058284516389904e-07, 2.7742238728478696e-08), (1.998402291358229e-14, 1.0058284516389904e-07, 0.9999998211860657, -1.1410255496002719e-07), (0.0, 0.0, 0.0, 1.0)],
            "Up_Lid_L": [(1.0000001192092896, 1.0550150336685604e-10, 3.201420795129195e-10, 5.344531928130891e-09), (-1.0550148948906823e-10, 0.9999998807907104, -1.4156120187180932e-07, -4.16184775531292e-09), (-3.2014219053522197e-10, 1.4156123029351875e-07, 0.9999997019767761, -1.1768634067266248e-07), (0.0, 0.0, 0.0, 1.0)],
            "Up_Lid_R": [(1.0000001192092896, -7.494236897720441e-10, -3.637977141757176e-10, 1.8878836272051558e-09), (7.494238007943466e-10, 0.9999998807907104, -2.905734959313122e-07, -3.179593477398157e-09), (3.63798047242625e-10, 2.9057352435302164e-07, 0.9999998211860657, -1.1726751836249605e-07), (0.0, 0.0, 0.0, 1.0)],
            "Lower_Lid_L": [(1.0, -3.637977141757176e-10, -1.4551905513915386e-10, 2.322167347301729e-09), (3.6379779744244445e-10, 0.9999997615814209, -7.450581307466564e-08, 6.565096555277705e-08), (1.455191106503051e-10, 7.450580596923828e-08, 0.9999998211860657, -9.728682925924659e-08), (0.0, 0.0, 0.0, 1.0)],
            "Lower_Lid_R": [(1.0000001192092896, 1.5279498499776167e-10, -2.328307269205965e-10, 2.4374458007514477e-10), (-1.527950127533373e-10, 0.9999998807907104, -2.9802320611338473e-08, 6.605841917917132e-08), (2.328308101873233e-10, 2.9802322387695312e-08, 0.9999998211860657, -9.792711352929473e-08), (0.0, 0.0, 0.0, 1.0)],
            "Eyebrow_L": [(1.0000001192092896, -3.166496753692627e-08, 9.313215976192168e-09, -6.542541086673737e-08), (3.166496398421259e-08, 1.0, 6.07222318649292e-07, 2.2817403078079224e-08), (-9.313236404295822e-09, -6.07222318649292e-07, 1.0, 1.1455267667770386e-07), (0.0, 0.0, 0.0, 1.0)],
            "Eyebrow_1_L": [(1.0, -4.09781861776537e-08, -5.9604641222676946e-08, 0.0), (4.0978189730367376e-08, 0.9999998807907104, 7.4505797087454084e-09, 0.0), (5.960464477539063e-08, -7.450581485102248e-09, 0.9999999403953552, 0.0), (0.0, 0.0, 0.0, 1.0)],
            "Eyebrow_R": [(1.000000238418579, -4.9825779058210173e-08, 8.288768782449552e-08, 6.193295121192932e-08), (4.982573287293235e-08, 1.0, 6.55185488085408e-07, 2.0489096641540527e-08), (-8.288773045705966e-08, -6.551854312419891e-07, 1.0000001192092896, 1.223525032401085e-07), (0.0, 0.0, 0.0, 1.0)],
            "Eyebrow_1_R": [(0.9999998211860657, -1.1175868230850483e-08, 1.8626460374093767e-08, 0.0), (1.1175870007207322e-08, 0.9999998211860657, -7.450581307466564e-08, 0.0), (-1.8626458597736928e-08, 7.450580596923828e-08, 0.9999999403953552, 0.0), (0.0, 0.0, 0.0, 1.0)],
            "Tongue": [(0.99024897813797, 0.07125340402126312, -0.11970744282007217, 4.440892098500626e-14), (-0.02104024402797222, 0.9259358048439026, 0.3770942986011505, 3.725290298461914e-08), (0.13771067559719086, -0.37089860439300537, 0.9184061884880066, 6.146715492150179e-08), (0.0, 0.0, 0.0, 1.0)],
            "Clavicle_L": [(0.9999996423721313, -5.033626439399086e-05, -0.0009640372591093183, 9.317663973718027e-09), (-4.035589154227637e-05, 0.9955868124961853, -0.093844935297966, 6.703731258994594e-08), (0.0009645065874792635, 0.09384492039680481, 0.9955864548683167, -2.2339007443861192e-07), (0.0, 0.0, 0.0, 1.0)],
            "Upper_Arm_L": [(0.999556839466095, -0.00569480424746871, -0.02921450138092041, 0.0), (-0.0056945886462926865, 0.9268046617507935, -0.37549981474876404, 0.0), (0.029214540496468544, 0.3754997253417969, 0.9263618588447571, 0.0), (0.0, 0.0, 0.0, 1.0)],
            "Lower_Arm_L": [(1.0, -1.4873876352794468e-08, 5.238687261766017e-10, 0.0), (1.4873876352794468e-08, 1.0, 1.3067619875073433e-08, 0.0), (-5.238690037323579e-10, -1.3067621651430272e-08, 0.9999998807907104, 0.0), (0.0, 0.0, 0.0, 1.0)],
            "Hand_L": [(1.0, 3.686022154170132e-09, -1.5246256479528597e-09, 0.0), (-3.6860212659917124e-09, 1.000000238418579, 4.898172889511443e-08, 0.0), (1.524625981019767e-09, -4.8981743105969144e-08, 0.9999999403953552, 0.0), (0.0, 0.0, 0.0, 1.0)],
            "Index_L": [(0.9690750241279602, 0.24540041387081146, 0.025919973850250244, -1.0506482794880867e-08), (-0.24357376992702484, 0.9680889844894409, -0.05895378813147545, 1.2514647096395493e-07), (-0.039560116827487946, 0.050817228853702545, 0.9979241490364075, -1.339358277618885e-07), (0.0, 0.0, 0.0, 1.0)],
            "Index_1_L": [(0.9908541440963745, 0.12114162743091583, 0.05943908169865608, 0.0), (-0.09212026000022888, 0.9291521906852722, -0.3580358624458313, 0.0), (-0.09860105067491531, 0.34928572177886963, 0.9318137764930725, 0.0), (0.0, 0.0, 0.0, 1.0)],
            "Index_2_L": [(0.995466411113739, 0.09262575954198837, 0.021611420437693596, 0.0), (-0.09265308827161789, 0.9956983327865601, 0.00026427890406921506, 0.0), (-0.021493976935744286, -0.002265445189550519, 0.9997664093971252, 0.0), (0.0, 0.0, 0.0, 1.0)],
            "Thumb_L": [(0.9999838471412659, 0.0054212287068367004, 0.0016139326617121696, -1.2468080967664719e-07), (-0.005423084367066622, 0.9999843239784241, 0.001147332601249218, 1.6111880540847778e-07), (-0.0016076879110187292, -0.001156066544353962, 0.9999979138374329, -8.16071406006813e-08), (0.0, 0.0, 0.0, 1.0)],
            "Thumb_1_L": [(0.9806352257728577, 0.19080989062786102, 0.04411568120121956, 0.0), (-0.19184012711048126, 0.9812142252922058, 0.020396262407302856, 0.0), (-0.03939512372016907, -0.02846445143222809, 0.9988182187080383, 0.0), (0.0, 0.0, 0.0, 1.0)],
            "Thumb_2_L": [(0.9775818586349487, 0.20456284284591675, 0.04987523704767227, 0.0), (-0.2052498310804367, 0.9786680936813354, 0.009010996669530869, 0.0), (-0.046967990696430206, -0.0190458744764328, 0.9987145662307739, 0.0), (0.0, 0.0, 0.0, 1.0)],
            "Middle_L": [(0.9999622106552124, 0.0008927095332182944, 0.00862745102494955, 7.2686816565692425e-09), (0.0007322816527448595, 0.9824486374855042, -0.18653199076652527, 1.355656422674656e-07), (-0.008642544038593769, 0.18653129041194916, 0.9824110269546509, -1.2227906154294033e-07), (0.0, 0.0, 0.0, 1.0)],
            "Middle_1_L": [(0.9925267100334167, 0.11171567440032959, 0.049093566834926605, 0.0), (-0.10112684965133667, 0.9781875014305115, -0.18144503235816956, 0.0), (-0.06829298287630081, 0.1751243770122528, 0.9821746945381165, 0.0), (0.0, 0.0, 0.0, 1.0)],
            "Middle_2_L": [(0.9999069571495056, -0.00722347991541028, 0.011572565883398056, 0.0), (0.008577936328947544, 0.9925386905670166, -0.12162879854440689, 0.0), (-0.010607631877064705, 0.12171673774719238, 0.9925084114074707, 0.0), (0.0, 0.0, 0.0, 1.0)],
            "Ring_R": [(0.9811086058616638, -0.17926695942878723, -0.0727233961224556, 4.292814992368221e-08), (0.15336842834949493, 0.9498785734176636, -0.2724122405052185, 1.8207356333732605e-07), (0.1179129034280777, 0.25611254572868347, 0.9594283699989319, -6.263144314289093e-08), (0.0, 0.0, 0.0, 1.0)],
            "Ring_1_R": [(0.9944596886634827, 0.10324094444513321, 0.019776104018092155, 0.0), (-0.10177136957645416, 0.9927003383636475, -0.06471564620733261, 0.0), (-0.02631305903196335, 0.06234446540474892, 0.9977076053619385, 0.0), (0.0, 0.0, 0.0, 1.0)],
            "Ring_2_R": [(0.9993714690208435, 0.025564834475517273, -0.02455567754805088, 0.0), (-0.028530964627861977, 0.9912060499191284, -0.12921804189682007, 0.0), (0.021036282181739807, 0.12983745336532593, 0.9913123846054077, 0.0), (0.0, 0.0, 0.0, 1.0)],
            "Pinky_L": [(0.9588868618011475, -0.2600007951259613, -0.11373230814933777, 5.611218512058258e-08), (0.2281380295753479, 0.9445996284484863, -0.2359752506017685, 9.813811630010605e-08), (0.1687852293252945, 0.20032691955566406, 0.9650806188583374, 4.6566128730773926e-09), (0.0, 0.0, 0.0, 1.0)],
            "Pinky_1_L": [(0.9925343990325928, 0.04640375077724457, -0.11279357224702835, 0.0), (-0.07213164865970612, 0.9690597653388977, -0.2360517829656601, 0.0), (0.09835004061460495, 0.24242553114891052, 0.9651719927787781, 0.0), (0.0, 0.0, 0.0, 1.0)],
            "Pinky_2_L": [(0.9969704747200012, 0.04528164491057396, -0.06323963403701782, 0.0), (-0.054105669260025024, 0.987857460975647, -0.1456354558467865, 0.0), (0.05587714910507202, 0.14861586689949036, 0.9873149394989014, 0.0), (0.0, 0.0, 0.0, 1.0)],
            "Clavicle_R": [(0.9999996423721313, 5.033626075601205e-05, 0.0009640373173169792, -9.317663973718027e-09), (4.035588790429756e-05, 0.9955868124961853, -0.093844935297966, 6.703731258994594e-08), (-0.0009645066456869245, 0.09384491294622421, 0.9955864548683167, -2.2339007443861192e-07), (0.0, 0.0, 0.0, 1.0)],
            "Upper_Arm_R": [(0.999556839466095, 0.005694803316146135, 0.02921449951827526, 0.0), (0.005694587714970112, 0.9268047213554382, -0.37549978494644165, 0.0), (-0.029214538633823395, 0.3754997253417969, 0.9263618588447571, 0.0), (0.0, 0.0, 0.0, 1.0)],
            "Lower_Arm_R": [(1.000000238418579, 1.4932078684637418e-08, -1.804438043429002e-09, 0.0), (-1.4932082237351096e-08, 1.0, -4.885077586891384e-08, 0.0), (1.804438043429002e-09, 4.88507829743412e-08, 0.9999998807907104, 0.0), (0.0, 0.0, 0.0, 1.0)],
            "Hand_R": [(1.000000238418579, -1.102242475070625e-08, 4.413812870751599e-09, 0.0), (1.1022427415241509e-08, 1.0, -1.8451828509569168e-08, 0.0), (-4.413813758930019e-09, 1.8451828509569168e-08, 1.0, 0.0), (0.0, 0.0, 0.0, 1.0)],
            "Index_R": [(0.969075083732605, -0.24540039896965027, -0.025919973850250244, 1.0506482794880867e-08), (0.24357375502586365, 0.9680889844894409, -0.05895378440618515, 1.2514647096395493e-07), (0.03956011310219765, 0.05081722512841225, 0.9979241490364075, -1.339358277618885e-07), (0.0, 0.0, 0.0, 1.0)],
            "Index_1_R": [(0.9908541440963745, -0.12114161998033524, -0.05943908914923668, 6.833968946295954e-09), (0.09212026000022888, 0.9291521906852722, -0.3580358326435089, -2.4880761895218484e-09), (0.09860105067491531, 0.34928569197654724, 0.9318138360977173, 1.2580750308188726e-07), (0.0, 0.0, 0.0, 1.0)],
            "Index_2_R": [(0.995466411113739, -0.09262575954198837, -0.021611420437693596, 0.0), (0.09265308082103729, 0.9956983923912048, 0.0002642787585500628, 0.0), (0.021493976935744286, -0.002265445189550519, 0.9997664093971252, 0.0), (0.0, 0.0, 0.0, 1.0)],
            "Thumb_R": [(0.9999838471412659, -0.0054212287068367004, -0.0016139327781274915, 1.2468080967664719e-07), (0.005423084367066622, 0.9999843835830688, 0.0011473324848338962, 1.6111880540847778e-07), (0.001607688027434051, -0.001156066544353962, 0.9999979138374329, -8.16071406006813e-08), (0.0, 0.0, 0.0, 1.0)],
            "Thumb_1_R": [(0.9806352257728577, -0.19080990552902222, -0.04411567747592926, 0.0), (0.19184012711048126, 0.9812142252922058, 0.020396264269948006, 0.0), (0.03939512372016907, -0.02846445143222809, 0.9988182187080383, 0.0), (0.0, 0.0, 0.0, 1.0)],
            "Thumb_2_R": [(0.9775818586349487, -0.20456282794475555, -0.04987523332238197, 0.0), (0.2052498310804367, 0.9786680340766907, 0.009010996669530869, 0.0), (0.04696798697113991, -0.0190458744764328, 0.9987145662307739, 0.0), (0.0, 0.0, 0.0, 1.0)],
            "Middle_R": [(0.9999622106552124, -0.0008927095332182944, -0.00862745102494955, -7.2686816565692425e-09), (-0.0007322815363295376, 0.9824486374855042, -0.18653197586536407, 1.355656422674656e-07), (0.008642544038593769, 0.18653127551078796, 0.9824110269546509, -1.2227906154294033e-07), (0.0, 0.0, 0.0, 1.0)],
            "Middle_1_R": [(0.9925267100334167, -0.11171567440032959, -0.049093566834926605, 0.0), (0.10112684220075607, 0.9781875610351562, -0.18144501745700836, 0.0), (0.06829297542572021, 0.1751243770122528, 0.9821746945381165, 0.0), (0.0, 0.0, 0.0, 1.0)],
            "Middle_2_R": [(0.9999069571495056, 0.007223480846732855, -0.01157256681472063, 0.0), (-0.008577936328947544, 0.9925388097763062, -0.1216287910938263, 0.0), (0.01060763280838728, 0.12171674519777298, 0.9925084114074707, 0.0), (0.0, 0.0, 0.0, 1.0)],
            "Ring_L": [(0.9811086058616638, 0.17926695942878723, 0.072723388671875, -4.292814992368221e-08), (-0.15336839854717255, 0.9498786330223083, -0.2724122107028961, 1.8207356333732605e-07), (-0.1179128959774971, 0.25611257553100586, 0.9594283699989319, -6.263144314289093e-08), (0.0, 0.0, 0.0, 1.0)],
            "Ring_1_L": [(0.9944596886634827, -0.10324094444513321, -0.019776102155447006, 0.0), (0.10177136212587357, 0.9927003979682922, -0.06471564620733261, 0.0), (0.0263130571693182, 0.062344469130039215, 0.9977076053619385, 0.0), (0.0, 0.0, 0.0, 1.0)],
            "Ring_2_L": [(0.9993714690208435, -0.025564832612872124, 0.02455567941069603, 0.0), (0.028530962765216827, 0.9912060499191284, -0.12921804189682007, 0.0), (-0.021036284044384956, 0.12983745336532593, 0.9913123846054077, 0.0), (0.0, 0.0, 0.0, 1.0)],
            "Pinky_R": [(0.9588868618011475, 0.2600007951259613, 0.11373230814933777, -5.611218512058258e-08), (-0.2281380295753479, 0.9445996284484863, -0.2359752357006073, 9.813811630010605e-08), (-0.1687852144241333, 0.20032691955566406, 0.9650806188583374, 4.6566128730773926e-09), (0.0, 0.0, 0.0, 1.0)],
            "Pinky_1_R": [(0.9925343990325928, -0.04640374705195427, 0.11279357224702835, -4.024477462394316e-08), (0.07213164865970612, 0.9690597653388977, -0.2360517829656601, 1.0153748775110216e-07), (-0.09835004061460495, 0.24242553114891052, 0.9651719927787781, -8.031177145539914e-08), (0.0, 0.0, 0.0, 1.0)],
            "Pinky_2_R": [(0.9969704747200012, -0.04528164491057396, 0.06323963403701782, 0.0), (0.054105665534734726, 0.9878575205802917, -0.1456354707479477, 0.0), (-0.05587714537978172, 0.14861588180065155, 0.9873149394989014, 0.0), (0.0, 0.0, 0.0, 1.0)],
            "Upper_Leg_L": [(0.9999969601631165, -0.0002181546442443505, -0.0024265400134027004, 1.5133991837501526e-09), (-6.857782136648893e-05, 0.9930679202079773, -0.11754187196493149, -1.4551915228366852e-09), (0.002435361035168171, 0.11754168570041656, 0.9930649399757385, 6.184563972055912e-10), (0.0, 0.0, 0.0, 1.0)],
            "Lower_Leg_L": [(0.9999998807907104, 1.909211455597415e-08, 1.6298143279414035e-08, 0.0), (-1.909211455597415e-08, 0.9999998807907104, -9.348151053245601e-08, 0.0), (-1.6298146832127713e-08, 9.348150342702866e-08, 0.9999999403953552, 0.0), (0.0, 0.0, 0.0, 1.0)],
            "Foot_L": [(0.9947167038917542, -0.039039671421051025, 0.09494514018297195, 0.0), (0.039618510752916336, 0.9992060661315918, -0.004218463320285082, 0.0), (-0.09470505267381668, 0.007957760244607925, 0.9954736828804016, 0.0), (0.0, 0.0, 0.0, 1.0)],
