# Pose library auto-generated by Bento Buddy 

poses = {
    "A - Pose, DAZ Natural": {
        "pose_matrix": {
            "hip": [(1.0, 0.0, 0.0, 0.0), (0.0, 1.0, 0.0, 0.0), (0.0, 0.0, 1.0, 0.0), (0.0, 0.0, 0.0, 1.0)],
            "pelvis": [(1.0, 0.0, 0.0, 0.0), (0.0, 1.0, 0.0, 0.0), (0.0, 0.0, 1.0, 0.0), (0.0, 0.0, 0.0, 1.0)],
            "lThighBend": [(1.0, 0.0, 0.0, 0.0), (0.0, 0.9999999403953552, 0.0, 0.0), (0.0, 0.0, 1.0, 0.0), (0.0, 0.0, 0.0, 1.0)],
            "lThighTwist": [(1.0, 0.0, 0.0, 0.0), (0.0, 0.9999999403953552, 0.0, 0.0), (0.0, 0.0, 1.0, 0.0), (0.0, 0.0, 0.0, 1.0)],
            "lShin": [(1.0, 0.0, 0.0, 0.0), (0.0, 0.9999998807907104, 0.0, 0.0), (0.0, 0.0, 0.9999999403953552, 0.0), (0.0, 0.0, 0.0, 1.0)],
            "lFoot": [(1.0, 0.0, 0.0, 0.0), (0.0, 0.9999999403953552, 0.0, 0.0), (0.0, 0.0, 1.0, 0.0), (0.0, 0.0, 0.0, 1.0)],
            "lMetatarsals": [(1.0, 0.0, 0.0, 0.0), (0.0, 1.0, 0.0, 0.0), (0.0, 0.0, 1.0, 0.0), (0.0, 0.0, 0.0, 1.0)],
            "lToe": [(0.9999999403953552, 0.0, 0.0, 0.0), (0.0, 1.0, 0.0, 0.0), (0.0, 0.0, 0.9999999403953552, 0.0), (0.0, 0.0, 0.0, 1.0)],
            "lSmallToe4": [(1.0, 0.0, 0.0, 0.0), (0.0, 0.9999999403953552, 0.0, 0.0), (0.0, 0.0, 0.9999999403953552, 0.0), (0.0, 0.0, 0.0, 1.0)],
            "lSmallToe4_2": [(1.0, 0.0, 0.0, 0.0), (0.0, 1.0, 0.0, 0.0), (0.0, 0.0, 0.9999999403953552, 0.0), (0.0, 0.0, 0.0, 1.0)],
            "lSmallToe3": [(1.0, 0.0, 0.0, 0.0), (0.0, 0.9999999403953552, 0.0, 0.0), (0.0, 0.0, 0.9999999403953552, 0.0), (0.0, 0.0, 0.0, 1.0)],
            "lSmallToe3_2": [(1.0, 0.0, 0.0, 0.0), (0.0, 0.9999999403953552, 0.0, 0.0), (0.0, 0.0, 0.9999999403953552, 0.0), (0.0, 0.0, 0.0, 1.0)],
            "lSmallToe2": [(1.0, 0.0, 0.0, 0.0), (0.0, 1.0, 0.0, 0.0), (0.0, 0.0, 1.0, 0.0), (0.0, 0.0, 0.0, 1.0)],
            "lSmallToe2_2": [(1.0, 0.0, 0.0, 0.0), (0.0, 1.0, 0.0, 0.0), (0.0, 0.0, 1.0, 0.0), (0.0, 0.0, 0.0, 1.0)],
            "lSmallToe1": [(1.0, 0.0, 0.0, 0.0), (0.0, 1.0, 0.0, 0.0), (0.0, 0.0, 1.0, 0.0), (0.0, 0.0, 0.0, 1.0)],
            "lSmallToe1_2": [(1.0, 0.0, 0.0, 0.0), (0.0, 1.0, 0.0, 0.0), (0.0, 0.0, 0.9999999403953552, 0.0), (0.0, 0.0, 0.0, 1.0)],
            "lBigToe": [(0.9999999403953552, 0.0, 0.0, 0.0), (0.0, 1.0, 0.0, 0.0), (0.0, 0.0, 1.0, 0.0), (0.0, 0.0, 0.0, 1.0)],
            "lBigToe_2": [(0.9999999403953552, 0.0, 0.0, 0.0), (0.0, 1.0, 0.0, 0.0), (0.0, 0.0, 1.0, 0.0), (0.0, 0.0, 0.0, 1.0)],
            "rThighBend": [(1.0, 0.0, 0.0, 0.0), (0.0, 0.9999999403953552, 0.0, 0.0), (0.0, 0.0, 1.0, 0.0), (0.0, 0.0, 0.0, 1.0)],
            "rThighTwist": [(1.0, 0.0, 0.0, 0.0), (0.0, 0.9999999403953552, 0.0, 0.0), (0.0, 0.0, 1.0, 0.0), (0.0, 0.0, 0.0, 1.0)],
            "rShin": [(0.9999999403953552, 0.0, 0.0, 0.0), (0.0, 0.9999999403953552, 0.0, 0.0), (0.0, 0.0, 0.9999999403953552, 0.0), (0.0, 0.0, 0.0, 1.0)],
            "rFoot": [(1.0, 0.0, 0.0, 0.0), (0.0, 1.0, 0.0, 0.0), (0.0, 0.0, 1.0, 0.0), (0.0, 0.0, 0.0, 1.0)],
            "rMetatarsals": [(1.0, 0.0, 0.0, 0.0), (0.0, 1.0, 0.0, 0.0), (0.0, 0.0, 1.0, 0.0), (0.0, 0.0, 0.0, 1.0)],
            "rToe": [(0.9999999403953552, 0.0, 0.0, 0.0), (0.0, 1.0, 0.0, 0.0), (0.0, 0.0, 0.9999999403953552, 0.0), (0.0, 0.0, 0.0, 1.0)],
            "rSmallToe4": [(1.0, 0.0, 0.0, 0.0), (0.0, 1.0, 0.0, 0.0), (0.0, 0.0, 1.0, 0.0), (0.0, 0.0, 0.0, 1.0)],
            "rSmallToe4_2": [(1.0, 0.0, 0.0, 0.0), (0.0, 1.0, 0.0, 0.0), (0.0, 0.0, 0.9999999403953552, 0.0), (0.0, 0.0, 0.0, 1.0)],
            "rSmallToe3": [(1.0, 0.0, 0.0, 0.0), (0.0, 0.9999999403953552, 0.0, 0.0), (0.0, 0.0, 0.9999999403953552, 0.0), (0.0, 0.0, 0.0, 1.0)],
            "rSmallToe3_2": [(1.0, 0.0, 0.0, 0.0), (0.0, 0.9999999403953552, 0.0, 0.0), (0.0, 0.0, 0.9999999403953552, 0.0), (0.0, 0.0, 0.0, 1.0)],
            "rSmallToe2": [(1.0, 0.0, 0.0, 0.0), (0.0, 1.0, 0.0, 0.0), (0.0, 0.0, 1.0, 0.0), (0.0, 0.0, 0.0, 1.0)],
            "rSmallToe2_2": [(1.0, 0.0, 0.0, 0.0), (0.0, 1.0, 0.0, 0.0), (0.0, 0.0, 1.0, 0.0), (0.0, 0.0, 0.0, 1.0)],
            "rSmallToe1": [(1.0, 0.0, 0.0, 0.0), (0.0, 1.0, 0.0, 0.0), (0.0, 0.0, 1.0, 0.0), (0.0, 0.0, 0.0, 1.0)],
            "rSmallToe1_2": [(1.0, 0.0, 0.0, 0.0), (0.0, 1.0, 0.0, 0.0), (0.0, 0.0, 0.9999999403953552, 0.0), (0.0, 0.0, 0.0, 1.0)],
            "rBigToe": [(0.9999999403953552, 0.0, 0.0, 0.0), (0.0, 1.0, 0.0, 0.0), (0.0, 0.0, 1.0, 0.0), (0.0, 0.0, 0.0, 1.0)],
            "rBigToe_2": [(0.9999999403953552, 0.0, 0.0, 0.0), (0.0, 1.0, 0.0, 0.0), (0.0, 0.0, 1.0, 0.0), (0.0, 0.0, 0.0, 1.0)],
            "abdomenLower": [(1.0, 0.0, 0.0, 0.0), (0.0, 1.0, 0.0, 0.0), (0.0, 0.0, 1.0, 0.0), (0.0, 0.0, 0.0, 1.0)],
            "abdomenUpper": [(1.0, 0.0, 0.0, 0.0), (0.0, 1.0, 0.0, 0.0), (0.0, 0.0, 1.0, 0.0), (0.0, 0.0, 0.0, 1.0)],
            "chestLower": [(1.0, 0.0, 0.0, 0.0), (0.0, 1.0, 0.0, 0.0), (0.0, 0.0, 1.0, 0.0), (0.0, 0.0, 0.0, 1.0)],
            "chestUpper": [(1.0, 0.0, 0.0, 0.0), (0.0, 1.0, 0.0, 0.0), (0.0, 0.0, 1.0, 0.0), (0.0, 0.0, 0.0, 1.0)],
            "lCollar": [(0.9999999403953552, 0.0, 0.0, 0.0), (0.0, 0.9999999403953552, 0.0, 0.0), (0.0, 0.0, 0.9999999403953552, 0.0), (0.0, 0.0, 0.0, 1.0)],
            "lShldrBend": [(1.0, 0.0, 0.0, 0.0), (0.0, 1.0, 0.0, 0.0), (0.0, 0.0, 1.0, 0.0), (0.0, 0.0, 0.0, 1.0)],
            "lShldrTwist": [(0.9999999403953552, 0.0, 0.0, 0.0), (0.0, 0.9999999403953552, 0.0, 0.0), (0.0, 0.0, 1.0, 0.0), (0.0, 0.0, 0.0, 1.0)],
            "lForearmBend": [(1.0, 0.0, 0.0, 0.0), (0.0, 1.0, 0.0, 0.0), (0.0, 0.0, 0.9999999403953552, 0.0), (0.0, 0.0, 0.0, 1.0)],
            "lForearmTwist": [(1.0, 0.0, 0.0, 0.0), (0.0, 0.9999999403953552, 0.0, 0.0), (0.0, 0.0, 1.0, 0.0), (0.0, 0.0, 0.0, 1.0)],
            "lHand": [(1.0, 0.0, 0.0, 0.0), (0.0, 0.9999999403953552, 0.0, 0.0), (0.0, 0.0, 0.9999999403953552, 0.0), (0.0, 0.0, 0.0, 1.0)],
            "lThumb1": [(1.0, 0.0, 0.0, 0.0), (0.0, 1.0, 0.0, 0.0), (0.0, 0.0, 1.0000001192092896, 0.0), (0.0, 0.0, 0.0, 1.0)],
            "lThumb2": [(0.9999999403953552, 0.0, 0.0, 0.0), (0.0, 1.0, 0.0, 0.0), (0.0, 0.0, 1.0, 0.0), (0.0, 0.0, 0.0, 1.0)],
            "lThumb3": [(1.0, 0.0, 0.0, 0.0), (0.0, 1.0, 0.0, 0.0), (0.0, 0.0, 0.9999999403953552, 0.0), (0.0, 0.0, 0.0, 1.0)],
            "lCarpal1": [(0.9999998807907104, 0.0, 0.0, 0.0), (0.0, 1.0, 0.0, 0.0), (0.0, 0.0, 0.9999999403953552, 0.0), (0.0, 0.0, 0.0, 1.0)],
            "lIndex1": [(0.9999999403953552, 0.0, 0.0, 0.0), (0.0, 0.9999999403953552, 0.0, 0.0), (0.0, 0.0, 0.9999999403953552, 0.0), (0.0, 0.0, 0.0, 1.0)],
            "lIndex2": [(0.9999998807907104, 0.0, 0.0, 0.0), (0.0, 0.9999999403953552, 0.0, 0.0), (0.0, 0.0, 1.0, 0.0), (0.0, 0.0, 0.0, 1.0)],
            "lIndex3": [(1.0, 0.0, 0.0, 0.0), (0.0, 1.0, 0.0, 0.0), (0.0, 0.0, 1.0, 0.0), (0.0, 0.0, 0.0, 1.0)],
            "lCarpal2": [(1.0, 0.0, 0.0, 0.0), (0.0, 0.9999999403953552, 0.0, 0.0), (0.0, 0.0, 0.9999999403953552, 0.0), (0.0, 0.0, 0.0, 1.0)],
            "lMid1": [(1.0, 0.0, 0.0, 0.0), (0.0, 0.9999999403953552, 0.0, 0.0), (0.0, 0.0, 1.0, 0.0), (0.0, 0.0, 0.0, 1.0)],
            "lMid2": [(1.0, 0.0, 0.0, 0.0), (0.0, 1.0, 0.0, 0.0), (0.0, 0.0, 1.0, 0.0), (0.0, 0.0, 0.0, 1.0)],
            "lMid3": [(1.0, 0.0, 0.0, 0.0), (0.0, 1.0, 0.0, 0.0), (0.0, 0.0, 1.0, 0.0), (0.0, 0.0, 0.0, 1.0)],
            "lCarpal3": [(1.0, 0.0, 0.0, 0.0), (0.0, 1.0, 0.0, 0.0), (0.0, 0.0, 0.9999999403953552, 0.0), (0.0, 0.0, 0.0, 1.0)],
            "lRing1": [(1.0, 0.0, 0.0, 0.0), (0.0, 1.0, 0.0, 0.0), (0.0, 0.0, 1.0, 0.0), (0.0, 0.0, 0.0, 1.0)],
            "lRing2": [(1.0, 0.0, 0.0, 0.0), (0.0, 1.0, 0.0, 0.0), (0.0, 0.0, 0.9999999403953552, 0.0), (0.0, 0.0, 0.0, 1.0)],
            "lRing3": [(1.0000001192092896, 0.0, 0.0, 0.0), (0.0, 1.0, 0.0, 0.0), (0.0, 0.0, 0.9999998807907104, 0.0), (0.0, 0.0, 0.0, 1.0)],
            "lCarpal4": [(1.0, 0.0, 0.0, 0.0), (0.0, 1.0, 0.0, 0.0), (0.0, 0.0, 0.9999999403953552, 0.0), (0.0, 0.0, 0.0, 1.0)],
            "lPinky1": [(1.0, 0.0, 0.0, 0.0), (0.0, 1.0, 0.0, 0.0), (0.0, 0.0, 1.0, 0.0), (0.0, 0.0, 0.0, 1.0)],
            "lPinky2": [(1.0, 0.0, 0.0, 0.0), (0.0, 1.0, 0.0, 0.0), (0.0, 0.0, 1.0, 0.0), (0.0, 0.0, 0.0, 1.0)],
            "lPinky3": [(1.0, 0.0, 0.0, 0.0), (0.0, 1.0, 0.0, 0.0), (0.0, 0.0, 1.0, 0.0), (0.0, 0.0, 0.0, 1.0)],
            "rCollar": [(0.9999999403953552, 0.0, 0.0, 0.0), (0.0, 0.9999999403953552, 0.0, 0.0), (0.0, 0.0, 0.9999999403953552, 0.0), (0.0, 0.0, 0.0, 1.0)],
            "rShldrBend": [(1.0, 0.0, 0.0, 0.0), (0.0, 1.0, 0.0, 0.0), (0.0, 0.0, 1.0, 0.0), (0.0, 0.0, 0.0, 1.0)],
            "rShldrTwist": [(0.9999999403953552, 0.0, 0.0, 0.0), (0.0, 0.9999999403953552, 0.0, 0.0), (0.0, 0.0, 1.0, 0.0), (0.0, 0.0, 0.0, 1.0)],
            "rForearmBend": [(1.0, 0.0, 0.0, 0.0), (0.0, 1.0, 0.0, 0.0), (0.0, 0.0, 1.0, 0.0), (0.0, 0.0, 0.0, 1.0)],
            "rForearmTwist": [(1.0, 0.0, 0.0, 0.0), (0.0, 0.9999999403953552, 0.0, 0.0), (0.0, 0.0, 1.0, 0.0), (0.0, 0.0, 0.0, 1.0)],
            "rHand": [(1.0, 0.0, 0.0, 0.0), (0.0, 0.9999999403953552, 0.0, 0.0), (0.0, 0.0, 0.9999999403953552, 0.0), (0.0, 0.0, 0.0, 1.0)],
            "rThumb1": [(1.0, 0.0, 0.0, 0.0), (0.0, 1.0, 0.0, 0.0), (0.0, 0.0, 1.0000001192092896, 0.0), (0.0, 0.0, 0.0, 1.0)],
            "rThumb2": [(0.9999998807907104, 0.0, 0.0, 0.0), (0.0, 1.0, 0.0, 0.0), (0.0, 0.0, 0.9999999403953552, 0.0), (0.0, 0.0, 0.0, 1.0)],
            "rThumb3": [(1.0, 0.0, 0.0, 0.0), (0.0, 1.0, 0.0, 0.0), (0.0, 0.0, 1.0, 0.0), (0.0, 0.0, 0.0, 1.0)],
            "rCarpal1": [(0.9999998807907104, 0.0, 0.0, 0.0), (0.0, 1.0, 0.0, 0.0), (0.0, 0.0, 0.9999999403953552, 0.0), (0.0, 0.0, 0.0, 1.0)],
            "rIndex1": [(0.9999999403953552, 0.0, 0.0, 0.0), (0.0, 0.9999999403953552, 0.0, 0.0), (0.0, 0.0, 0.9999999403953552, 0.0), (0.0, 0.0, 0.0, 1.0)],
            "rIndex2": [(0.9999998807907104, 0.0, 0.0, 0.0), (0.0, 0.9999999403953552, 0.0, 0.0), (0.0, 0.0, 1.0, 0.0), (0.0, 0.0, 0.0, 1.0)],
            "rIndex3": [(1.0, 0.0, 0.0, 0.0), (0.0, 1.0, 0.0, 0.0), (0.0, 0.0, 1.0, 0.0), (0.0, 0.0, 0.0, 1.0)],
            "rCarpal2": [(1.0, 0.0, 0.0, 0.0), (0.0, 0.9999999403953552, 0.0, 0.0), (0.0, 0.0, 0.9999999403953552, 0.0), (0.0, 0.0, 0.0, 1.0)],
            "rMid1": [(1.0, 0.0, 0.0, 0.0), (0.0, 0.9999999403953552, 0.0, 0.0), (0.0, 0.0, 1.0, 0.0), (0.0, 0.0, 0.0, 1.0)],
            "rMid2": [(1.0, 0.0, 0.0, 0.0), (0.0, 1.0, 0.0, 0.0), (0.0, 0.0, 1.0, 0.0), (0.0, 0.0, 0.0, 1.0)],
            "rMid3": [(1.0, 0.0, 0.0, 0.0), (0.0, 1.0, 0.0, 0.0), (0.0, 0.0, 1.0, 0.0), (0.0, 0.0, 0.0, 1.0)],
            "rCarpal3": [(1.0, 0.0, 0.0, 0.0), (0.0, 1.0, 0.0, 0.0), (0.0, 0.0, 0.9999999403953552, 0.0), (0.0, 0.0, 0.0, 1.0)],
            "rRing1": [(1.0, 0.0, 0.0, 0.0), (0.0, 1.0, 0.0, 0.0), (0.0, 0.0, 1.0, 0.0), (0.0, 0.0, 0.0, 1.0)],
            "rRing2": [(0.9999999403953552, 0.0, 0.0, 0.0), (0.0, 1.0, 0.0, 0.0), (0.0, 0.0, 0.9999999403953552, 0.0), (0.0, 0.0, 0.0, 1.0)],
            "rRing3": [(1.0000001192092896, 0.0, 0.0, 0.0), (0.0, 1.0, 0.0, 0.0), (0.0, 0.0, 0.9999998807907104, 0.0), (0.0, 0.0, 0.0, 1.0)],
            "rCarpal4": [(1.0, 0.0, 0.0, 0.0), (0.0, 1.0, 0.0, 0.0), (0.0, 0.0, 0.9999999403953552, 0.0), (0.0, 0.0, 0.0, 1.0)],
            "rPinky1": [(1.0, 0.0, 0.0, 0.0), (0.0, 1.0, 0.0, 0.0), (0.0, 0.0, 1.0, 0.0), (0.0, 0.0, 0.0, 1.0)],
            "rPinky2": [(1.0, 0.0, 0.0, 0.0), (0.0, 1.0, 0.0, 0.0), (0.0, 0.0, 1.0, 0.0), (0.0, 0.0, 0.0, 1.0)],
            "rPinky3": [(1.0, 0.0, 0.0, 0.0), (0.0, 1.0, 0.0, 0.0), (0.0, 0.0, 1.0, 0.0), (0.0, 0.0, 0.0, 1.0)],
            "neckLower": [(1.0, 0.0, 0.0, 0.0), (0.0, 1.0, 0.0, 0.0), (0.0, 0.0, 1.0, 0.0), (0.0, 0.0, 0.0, 1.0)],
            "neckUpper": [(1.0, 0.0, 0.0, 0.0), (0.0, 1.0, 0.0, 0.0), (0.0, 0.0, 1.0, 0.0), (0.0, 0.0, 0.0, 1.0)],
            "head": [(1.0, 0.0, 0.0, 0.0), (0.0, 0.9999999403953552, 0.0, 0.0), (0.0, 0.0, 0.9999999403953552, 0.0), (0.0, 0.0, 0.0, 1.0)],
            "upperTeeth": [(0.9999999403953552, 0.0, 0.0, 0.0), (0.0, 0.9999999403953552, 0.0, 0.0), (0.0, 0.0, 1.0, 0.0), (0.0, 0.0, 0.0, 1.0)],
            "lowerJaw": [(1.0, 0.0, 0.0, 0.0), (0.0, 0.9999998807907104, 0.0, 0.0), (0.0, 0.0, 0.9999998807907104, 0.0), (0.0, 0.0, 0.0, 1.0)],
            "lowerTeeth": [(1.0, 0.0, 0.0, 0.0), (0.0, 0.9999999403953552, 0.0, 0.0), (0.0, 0.0, 0.9999999403953552, 0.0), (0.0, 0.0, 0.0, 1.0)],
            "tongue01": [(1.0, 0.0, 0.0, 0.0), (0.0, 1.0, 0.0, 0.0), (0.0, 0.0, 1.0, 0.0), (0.0, 0.0, 0.0, 1.0)],
            "tongue02": [(1.0, 0.0, 0.0, 0.0), (0.0, 0.9999999403953552, 0.0, 0.0), (0.0, 0.0, 0.9999999403953552, 0.0), (0.0, 0.0, 0.0, 1.0)],
            "tongue03": [(1.0, 0.0, 0.0, 0.0), (0.0, 0.9999999403953552, 0.0, 0.0), (0.0, 0.0, 0.9999999403953552, 0.0), (0.0, 0.0, 0.0, 1.0)],
            "tongue04": [(1.0, 0.0, 0.0, 0.0), (0.0, 0.9999999403953552, 0.0, 0.0), (0.0, 0.0, 0.9999999403953552, 0.0), (0.0, 0.0, 0.0, 1.0)],
            "lowerFaceRig": [(1.0, 0.0, 0.0, 0.0), (0.0, 0.9999998807907104, 0.0, 0.0), (0.0, 0.0, 0.9999998807907104, 0.0), (0.0, 0.0, 0.0, 1.0)],
            "lNasolabialLower": [(1.0, 0.0, 0.0, 0.0), (0.0, 1.0, 0.0, 0.0), (0.0, 0.0, 1.0, 0.0), (0.0, 0.0, 0.0, 1.0)],
            "rNasolabialLower": [(1.0, 0.0, 0.0, 0.0), (0.0, 1.0, 0.0, 0.0), (0.0, 0.0, 1.0, 0.0), (0.0, 0.0, 0.0, 1.0)],
            "lNasolabialMouthCorner": [(1.0, 0.0, 0.0, 0.0), (0.0, 1.0, 0.0, 0.0), (0.0, 0.0, 1.0, 0.0), (0.0, 0.0, 0.0, 1.0)],
            "rNasolabialMouthCorner": [(1.0, 0.0, 0.0, 0.0), (0.0, 1.0, 0.0, 0.0), (0.0, 0.0, 1.0, 0.0), (0.0, 0.0, 0.0, 1.0)],
            "lLipCorner": [(1.0, 0.0, 0.0, 0.0), (0.0, 1.0, 0.0, 0.0), (0.0, 0.0, 1.0, 0.0), (0.0, 0.0, 0.0, 1.0)],
            "lLipLowerOuter": [(1.0, 0.0, 0.0, 0.0), (0.0, 1.0, 0.0, 0.0), (0.0, 0.0, 1.0, 0.0), (0.0, 0.0, 0.0, 1.0)],
            "lLipLowerInner": [(1.0, 0.0, 0.0, 0.0), (0.0, 1.0, 0.0, 0.0), (0.0, 0.0, 1.0, 0.0), (0.0, 0.0, 0.0, 1.0)],
            "LipLowerMiddle": [(1.0, 0.0, 0.0, 0.0), (0.0, 1.0, 0.0, 0.0), (0.0, 0.0, 1.0, 0.0), (0.0, 0.0, 0.0, 1.0)],
            "rLipLowerInner": [(1.0, 0.0, 0.0, 0.0), (0.0, 1.0, 0.0, 0.0), (0.0, 0.0, 1.0, 0.0), (0.0, 0.0, 0.0, 1.0)],
            "rLipLowerOuter": [(1.0, 0.0, 0.0, 0.0), (0.0, 1.0, 0.0, 0.0), (0.0, 0.0, 1.0, 0.0), (0.0, 0.0, 0.0, 1.0)],
            "rLipCorner": [(1.0, 0.0, 0.0, 0.0), (0.0, 1.0, 0.0, 0.0), (0.0, 0.0, 1.0, 0.0), (0.0, 0.0, 0.0, 1.0)],
            "LipBelow": [(1.0, 0.0, 0.0, 0.0), (0.0, 1.0, 0.0, 0.0), (0.0, 0.0, 1.0, 0.0), (0.0, 0.0, 0.0, 1.0)],
            "Chin": [(1.0, 0.0, 0.0, 0.0), (0.0, 1.0, 0.0, 0.0), (0.0, 0.0, 1.0, 0.0), (0.0, 0.0, 0.0, 1.0)],
            "lCheekLower": [(1.0, 0.0, 0.0, 0.0), (0.0, 1.0, 0.0, 0.0), (0.0, 0.0, 1.0, 0.0), (0.0, 0.0, 0.0, 1.0)],
            "rCheekLower": [(1.0, 0.0, 0.0, 0.0), (0.0, 1.0, 0.0, 0.0), (0.0, 0.0, 1.0, 0.0), (0.0, 0.0, 0.0, 1.0)],
            "BelowJaw": [(1.0, 0.0, 0.0, 0.0), (0.0, 1.0, 0.0, 0.0), (0.0, 0.0, 1.0, 0.0), (0.0, 0.0, 0.0, 1.0)],
            "lJawClench": [(1.0, 0.0, 0.0, 0.0), (0.0, 1.0, 0.0, 0.0), (0.0, 0.0, 1.0, 0.0), (0.0, 0.0, 0.0, 1.0)],
            "rJawClench": [(1.0, 0.0, 0.0, 0.0), (0.0, 1.0, 0.0, 0.0), (0.0, 0.0, 1.0, 0.0), (0.0, 0.0, 0.0, 1.0)],
            "upperFaceRig": [(1.0, 0.0, 0.0, 0.0), (0.0, 0.9999999403953552, 0.0, 0.0), (0.0, 0.0, 0.9999999403953552, 0.0), (0.0, 0.0, 0.0, 1.0)],
            "rBrowInner": [(1.0, 0.0, 0.0, 0.0), (0.0, 1.0, 0.0, 0.0), (0.0, 0.0, 1.0, 0.0), (0.0, 0.0, 0.0, 1.0)],
            "rBrowMid": [(1.0, 0.0, 0.0, 0.0), (0.0, 1.0, 0.0, 0.0), (0.0, 0.0, 1.0, 0.0), (0.0, 0.0, 0.0, 1.0)],
            "rBrowOuter": [(1.0, 0.0, 0.0, 0.0), (0.0, 1.0, 0.0, 0.0), (0.0, 0.0, 1.0, 0.0), (0.0, 0.0, 0.0, 1.0)],
            "lBrowInner": [(1.0, 0.0, 0.0, 0.0), (0.0, 1.0, 0.0, 0.0), (0.0, 0.0, 1.0, 0.0), (0.0, 0.0, 0.0, 1.0)],
            "lBrowMid": [(1.0, 0.0, 0.0, 0.0), (0.0, 1.0, 0.0, 0.0), (0.0, 0.0, 1.0, 0.0), (0.0, 0.0, 0.0, 1.0)],
            "lBrowOuter": [(1.0, 0.0, 0.0, 0.0), (0.0, 1.0, 0.0, 0.0), (0.0, 0.0, 1.0, 0.0), (0.0, 0.0, 0.0, 1.0)],
            "CenterBrow": [(1.0, 0.0, 0.0, 0.0), (0.0, 1.0, 0.0, 0.0), (0.0, 0.0, 1.0, 0.0), (0.0, 0.0, 0.0, 1.0)],
            "MidNoseBridge": [(1.0, 0.0, 0.0, 0.0), (0.0, 1.0, 0.0, 0.0), (0.0, 0.0, 1.0, 0.0), (0.0, 0.0, 0.0, 1.0)],
            "lEyelidInner": [(0.9999998807907104, 0.0, 0.0, 0.0), (0.0, 0.9999998807907104, 0.0, 0.0), (0.0, 0.0, 1.0, 0.0), (0.0, 0.0, 0.0, 1.0)],
            "lEyelidUpperInner": [(0.9999999403953552, 0.0, 0.0, 0.0), (0.0, 1.0, 0.0, 0.0), (0.0, 0.0, 1.0, 0.0), (0.0, 0.0, 0.0, 1.0)],
            "lEyelidUpper": [(1.0, 0.0, 0.0, 0.0), (0.0, 1.0, 0.0, 0.0), (0.0, 0.0, 1.0, 0.0), (0.0, 0.0, 0.0, 1.0)],
            "lEyelidUpperOuter": [(1.0, 0.0, 0.0, 0.0), (0.0, 1.0, 0.0, 0.0), (0.0, 0.0, 0.9999999403953552, 0.0), (0.0, 0.0, 0.0, 1.0)],
            "lEyelidOuter": [(1.0, 0.0, 0.0, 0.0), (0.0, 1.0, 0.0, 0.0), (0.0, 0.0, 1.0, 0.0), (0.0, 0.0, 0.0, 1.0)],
            "lEyelidLowerOuter": [(0.9999999403953552, 0.0, 0.0, 0.0), (0.0, 1.0, 0.0, 0.0), (0.0, 0.0, 1.0, 0.0), (0.0, 0.0, 0.0, 1.0)],
            "lEyelidLower": [(1.0, 0.0, 0.0, 0.0), (0.0, 1.0, 0.0, 0.0), (0.0, 0.0, 1.0, 0.0), (0.0, 0.0, 0.0, 1.0)],
            "lEyelidLowerInner": [(0.9999999403953552, 0.0, 0.0, 0.0), (0.0, 1.0, 0.0, 0.0), (0.0, 0.0, 1.0, 0.0), (0.0, 0.0, 0.0, 1.0)],
            "rEyelidInner": [(0.9999998807907104, 0.0, 0.0, 0.0), (0.0, 0.9999999403953552, 0.0, 0.0), (0.0, 0.0, 1.0, 0.0), (0.0, 0.0, 0.0, 1.0)],
            "rEyelidUpperInner": [(0.9999999403953552, 0.0, 0.0, 0.0), (0.0, 1.0, 0.0, 0.0), (0.0, 0.0, 1.0, 0.0), (0.0, 0.0, 0.0, 1.0)],
            "rEyelidUpper": [(1.0, 0.0, 0.0, 0.0), (0.0, 1.0, 0.0, 0.0), (0.0, 0.0, 1.0, 0.0), (0.0, 0.0, 0.0, 1.0)],
            "rEyelidUpperOuter": [(1.0, 0.0, 0.0, 0.0), (0.0, 1.0, 0.0, 0.0), (0.0, 0.0, 0.9999999403953552, 0.0), (0.0, 0.0, 0.0, 1.0)],
            "rEyelidOuter": [(1.0, 0.0, 0.0, 0.0), (0.0, 1.0, 0.0, 0.0), (0.0, 0.0, 1.0, 0.0), (0.0, 0.0, 0.0, 1.0)],
            "rEyelidLowerOuter": [(0.9999999403953552, 0.0, 0.0, 0.0), (0.0, 1.0, 0.0, 0.0), (0.0, 0.0, 1.0, 0.0), (0.0, 0.0, 0.0, 1.0)],
            "rEyelidLower": [(1.0, 0.0, 0.0, 0.0), (0.0, 1.0, 0.0, 0.0), (0.0, 0.0, 1.0, 0.0), (0.0, 0.0, 0.0, 1.0)],
            "rEyelidLowerInner": [(0.9999999403953552, 0.0, 0.0, 0.0), (0.0, 1.0, 0.0, 0.0), (0.0, 0.0, 1.0, 0.0), (0.0, 0.0, 0.0, 1.0)],
            "lSquintInner": [(1.0, 0.0, 0.0, 0.0), (0.0, 1.0, 0.0, 0.0), (0.0, 0.0, 1.0, 0.0), (0.0, 0.0, 0.0, 1.0)],
            "lSquintOuter": [(1.0, 0.0, 0.0, 0.0), (0.0, 1.0, 0.0, 0.0), (0.0, 0.0, 1.0, 0.0), (0.0, 0.0, 0.0, 1.0)],
            "rSquintInner": [(1.0, 0.0, 0.0, 0.0), (0.0, 1.0, 0.0, 0.0), (0.0, 0.0, 1.0, 0.0), (0.0, 0.0, 0.0, 1.0)],
            "rSquintOuter": [(1.0, 0.0, 0.0, 0.0), (0.0, 1.0, 0.0, 0.0), (0.0, 0.0, 1.0, 0.0), (0.0, 0.0, 0.0, 1.0)],
            "lCheekUpper": [(1.0, 0.0, 0.0, 0.0), (0.0, 1.0, 0.0, 0.0), (0.0, 0.0, 1.0, 0.0), (0.0, 0.0, 0.0, 1.0)],
            "rCheekUpper": [(1.0, 0.0, 0.0, 0.0), (0.0, 1.0, 0.0, 0.0), (0.0, 0.0, 1.0, 0.0), (0.0, 0.0, 0.0, 1.0)],
            "Nose": [(1.0, 0.0, 0.0, 0.0), (0.0, 1.0, 0.0, 0.0), (0.0, 0.0, 1.0, 0.0), (0.0, 0.0, 0.0, 1.0)],
            "lNostril": [(1.0, 0.0, 0.0, 0.0), (0.0, 1.0, 0.0, 0.0), (0.0, 0.0, 1.0, 0.0), (0.0, 0.0, 0.0, 1.0)],
            "rNostril": [(1.0, 0.0, 0.0, 0.0), (0.0, 1.0, 0.0, 0.0), (0.0, 0.0, 1.0, 0.0), (0.0, 0.0, 0.0, 1.0)],
            "lLipBelowNose": [(1.0, 0.0, 0.0, 0.0), (0.0, 1.0, 0.0, 0.0), (0.0, 0.0, 1.0, 0.0), (0.0, 0.0, 0.0, 1.0)],
            "rLipBelowNose": [(1.0, 0.0, 0.0, 0.0), (0.0, 1.0, 0.0, 0.0), (0.0, 0.0, 1.0, 0.0), (0.0, 0.0, 0.0, 1.0)],
            "lLipNasolabialCrease": [(1.0, 0.0, 0.0, 0.0), (0.0, 1.0, 0.0, 0.0), (0.0, 0.0, 1.0, 0.0), (0.0, 0.0, 0.0, 1.0)],
            "rLipNasolabialCrease": [(1.0, 0.0, 0.0, 0.0), (0.0, 1.0, 0.0, 0.0), (0.0, 0.0, 1.0, 0.0), (0.0, 0.0, 0.0, 1.0)],
            "lNasolabialUpper": [(1.0, 0.0, 0.0, 0.0), (0.0, 1.0, 0.0, 0.0), (0.0, 0.0, 1.0, 0.0), (0.0, 0.0, 0.0, 1.0)],
            "rNasolabialUpper": [(1.0, 0.0, 0.0, 0.0), (0.0, 1.0, 0.0, 0.0), (0.0, 0.0, 1.0, 0.0), (0.0, 0.0, 0.0, 1.0)],
            "lNasolabialMiddle": [(1.0, 0.0, 0.0, 0.0), (0.0, 1.0, 0.0, 0.0), (0.0, 0.0, 1.0, 0.0), (0.0, 0.0, 0.0, 1.0)],
            "rNasolabialMiddle": [(1.0, 0.0, 0.0, 0.0), (0.0, 1.0, 0.0, 0.0), (0.0, 0.0, 1.0, 0.0), (0.0, 0.0, 0.0, 1.0)],
            "LipUpperMiddle": [(1.0, 0.0, 0.0, 0.0), (0.0, 1.0, 0.0, 0.0), (0.0, 0.0, 1.0, 0.0), (0.0, 0.0, 0.0, 1.0)],
            "lLipUpperOuter": [(1.0, 0.0, 0.0, 0.0), (0.0, 1.0, 0.0, 0.0), (0.0, 0.0, 1.0, 0.0), (0.0, 0.0, 0.0, 1.0)],
            "lLipUpperInner": [(1.0, 0.0, 0.0, 0.0), (0.0, 1.0, 0.0, 0.0), (0.0, 0.0, 0.9999999403953552, 0.0), (0.0, 0.0, 0.0, 1.0)],
            "rLipUpperInner": [(1.0, 0.0, 0.0, 0.0), (0.0, 1.0, 0.0, 0.0), (0.0, 0.0, 0.9999999403953552, 0.0), (0.0, 0.0, 0.0, 1.0)],
            "rLipUpperOuter": [(1.0, 0.0, 0.0, 0.0), (0.0, 1.0, 0.0, 0.0), (0.0, 0.0, 1.0, 0.0), (0.0, 0.0, 0.0, 1.0)],
            "lEye": [(1.0, 0.0, 0.0, 0.0), (0.0, 1.0, 0.0, 0.0), (0.0, 0.0, 1.0, 0.0), (0.0, 0.0, 0.0, 1.0)],
            "rEye": [(1.0, 0.0, 0.0, 0.0), (0.0, 1.0, 0.0, 0.0), (0.0, 0.0, 1.0, 0.0), (0.0, 0.0, 0.0, 1.0)],
            "lEar": [(0.9999999403953552, 0.0, 0.0, 0.0), (0.0, 1.0, 0.0, 0.0), (0.0, 0.0, 0.9999999403953552, 0.0), (0.0, 0.0, 0.0, 1.0)],
            "rEar": [(0.9999999403953552, 0.0, 0.0, 0.0), (0.0, 1.0, 0.0, 0.0), (0.0, 0.0, 0.9999999403953552, 0.0), (0.0, 0.0, 0.0, 1.0)],
            "lPectoral": [(1.0, 0.0, 0.0, 0.0), (0.0, 0.9999999403953552, 0.0, 0.0), (0.0, 0.0, 1.0, 0.0), (0.0, 0.0, 0.0, 1.0)],
            "rPectoral": [(1.0, 0.0, 0.0, 0.0), (0.0, 0.9999999403953552, 0.0, 0.0), (0.0, 0.0, 0.9999999403953552, 0.0), (0.0, 0.0, 0.0, 1.0)],
            "Genesis8MaleEyelashes": [(1.0, 0.0, 0.0, 0.0), (0.0, 1.0, 0.0, 0.0), (0.0, 0.0, 1.0, 0.0), (0.0, 0.0, 0.0, 1.0)],
            "hip.001": [(1.0, 0.0, 0.0, 0.0), (0.0, 1.0, 0.0, 0.0), (0.0, 0.0, 1.0, 0.0), (0.0, 0.0, 0.0, 1.0)],
            "pelvis.001": [(1.0, 0.0, 0.0, 0.0), (0.0, 1.0, 0.0, 0.0), (0.0, 0.0, 1.0, 0.0), (0.0, 0.0, 0.0, 1.0)],
            "abdomenLower.001": [(1.0, 0.0, 0.0, 0.0), (0.0, 1.0, 0.0, 0.0), (0.0, 0.0, 1.0, 0.0), (0.0, 0.0, 0.0, 1.0)],
            "abdomenUpper.001": [(1.0, 0.0, 0.0, 0.0), (0.0, 1.0, 0.0, 0.0), (0.0, 0.0, 1.0, 0.0), (0.0, 0.0, 0.0, 1.0)],
            "chestLower.001": [(1.0, 0.0, 0.0, 0.0), (0.0, 1.0, 0.0, 0.0), (0.0, 0.0, 1.0, 0.0), (0.0, 0.0, 0.0, 1.0)],
            "chestUpper.001": [(1.0, 0.0, 0.0, 0.0), (0.0, 1.0, 0.0, 0.0), (0.0, 0.0, 1.0, 0.0), (0.0, 0.0, 0.0, 1.0)],
            "lCollar.001": [(1.0, 0.0, 0.0, 4.6193599700927734e-07), (0.0, 1.0, 0.0, 8.987262845039368e-07), (0.0, 0.0, 1.0, -2.60770320892334e-08), (0.0, 0.0, 0.0, 1.0)],
            "rCollar.001": [(1.0, 0.0, 0.0, -4.6193599700927734e-07), (0.0, 1.0, 0.0, 8.987262845039368e-07), (0.0, 0.0, 1.0, -2.60770320892334e-08), (0.0, 0.0, 0.0, 1.0)],
            "neckLower.001": [(1.0, 0.0, 0.0, 0.0), (0.0, 1.0, 0.0, 0.0), (0.0, 0.0, 1.0, 0.0), (0.0, 0.0, 0.0, 1.0)],
            "neckUpper.001": [(1.0, 0.0, 0.0, 0.0), (0.0, 1.0, 0.0, 0.0), (0.0, 0.0, 1.0, 0.0), (0.0, 0.0, 0.0, 1.0)],
            "head.001": [(1.0, 0.0, 0.0, 0.0), (0.0, 0.9999999403953552, 0.0, 0.0), (0.0, 0.0, 0.9999999403953552, 0.0), (0.0, 0.0, 0.0, 1.0)],
            "upperTeeth.001": [(1.0, 0.0, 0.0, 0.0), (0.0, 1.0, 0.0, -8.940696716308594e-08), (0.0, 0.0, 1.0, -2.5331974029541016e-07), (0.0, 0.0, 0.0, 1.0)],
            "lowerJaw.001": [(1.0, 0.0, 0.0, 0.0), (0.0, 1.0, 0.0, -1.1920928955078125e-07), (0.0, 0.0, 1.0, 2.1606683731079102e-07), (0.0, 0.0, 0.0, 1.0)],
            "upperFaceRig.001": [(1.0, 0.0, 0.0, 0.0), (0.0, 0.9999999403953552, 0.0, 0.0), (0.0, 0.0, 0.9999999403953552, 0.0), (0.0, 0.0, 0.0, 1.0)],
            "rBrowInner.001": [(1.0, 0.0, 0.0, 0.0), (0.0, 1.0, 0.0, 0.0), (0.0, 0.0, 1.0, 0.0), (0.0, 0.0, 0.0, 1.0)],
            "rBrowMid.001": [(1.0, 0.0, 0.0, 0.0), (0.0, 1.0, 0.0, 0.0), (0.0, 0.0, 1.0, 0.0), (0.0, 0.0, 0.0, 1.0)],
            "rBrowOuter.001": [(1.0, 0.0, 0.0, 0.0), (0.0, 1.0, 0.0, 0.0), (0.0, 0.0, 1.0, 0.0), (0.0, 0.0, 0.0, 1.0)],
            "lBrowInner.001": [(1.0, 0.0, 0.0, 0.0), (0.0, 1.0, 0.0, 0.0), (0.0, 0.0, 1.0, 0.0), (0.0, 0.0, 0.0, 1.0)],
            "lBrowMid.001": [(1.0, 0.0, 0.0, 0.0), (0.0, 1.0, 0.0, 0.0), (0.0, 0.0, 1.0, 0.0), (0.0, 0.0, 0.0, 1.0)],
            "lBrowOuter.001": [(1.0, 0.0, 0.0, 0.0), (0.0, 1.0, 0.0, 0.0), (0.0, 0.0, 1.0, 0.0), (0.0, 0.0, 0.0, 1.0)],
            "CenterBrow.001": [(1.0, 0.0, 0.0, 0.0), (0.0, 1.0, 0.0, 0.0), (0.0, 0.0, 1.0, 0.0), (0.0, 0.0, 0.0, 1.0)],
            "MidNoseBridge.001": [(1.0, 0.0, 0.0, 0.0), (0.0, 1.0, 0.0, 0.0), (0.0, 0.0, 1.0, 0.0), (0.0, 0.0, 0.0, 1.0)],
            "lEyelidInner.001": [(0.9999998807907104, 0.0, 0.0, 0.0), (0.0, 0.9999998807907104, 0.0, 0.0), (0.0, 0.0, 1.0, 0.0), (0.0, 0.0, 0.0, 1.0)],
            "lEyelidUpperInner.001": [(0.9999999403953552, 0.0, 0.0, 0.0), (0.0, 1.0, 0.0, 0.0), (0.0, 0.0, 1.0, 0.0), (0.0, 0.0, 0.0, 1.0)],
            "lEyelidUpper.001": [(1.0, 0.0, 0.0, 0.0), (0.0, 1.0, 0.0, 0.0), (0.0, 0.0, 1.0, 0.0), (0.0, 0.0, 0.0, 1.0)],
            "lEyelidUpperOuter.001": [(1.0, 0.0, 0.0, 0.0), (0.0, 1.0, 0.0, 0.0), (0.0, 0.0, 0.9999999403953552, 0.0), (0.0, 0.0, 0.0, 1.0)],
            "lEyelidOuter.001": [(1.0, 0.0, 0.0, 0.0), (0.0, 1.0, 0.0, 0.0), (0.0, 0.0, 1.0, 0.0), (0.0, 0.0, 0.0, 1.0)],
            "lEyelidLowerOuter.001": [(0.9999999403953552, 0.0, 0.0, 0.0), (0.0, 1.0, 0.0, 0.0), (0.0, 0.0, 1.0, 0.0), (0.0, 0.0, 0.0, 1.0)],
            "lEyelidLower.001": [(1.0, 0.0, 0.0, 0.0), (0.0, 1.0, 0.0, 0.0), (0.0, 0.0, 1.0, 0.0), (0.0, 0.0, 0.0, 1.0)],
            "lEyelidLowerInner.001": [(0.9999999403953552, 0.0, 0.0, 0.0), (0.0, 1.0, 0.0, 0.0), (0.0, 0.0, 1.0, 0.0), (0.0, 0.0, 0.0, 1.0)],
            "rEyelidInner.001": [(0.9999998807907104, 0.0, 0.0, 0.0), (0.0, 0.9999999403953552, 0.0, 0.0), (0.0, 0.0, 1.0, 0.0), (0.0, 0.0, 0.0, 1.0)],
            "rEyelidUpperInner.001": [(0.9999999403953552, 0.0, 0.0, 0.0), (0.0, 1.0, 0.0, 0.0), (0.0, 0.0, 1.0, 0.0), (0.0, 0.0, 0.0, 1.0)],
            "rEyelidUpper.001": [(1.0, 0.0, 0.0, 0.0), (0.0, 1.0, 0.0, 0.0), (0.0, 0.0, 1.0, 0.0), (0.0, 0.0, 0.0, 1.0)],
            "rEyelidUpperOuter.001": [(1.0, 0.0, 0.0, 0.0), (0.0, 1.0, 0.0, 0.0), (0.0, 0.0, 0.9999999403953552, 0.0), (0.0, 0.0, 0.0, 1.0)],
            "rEyelidOuter.001": [(1.0, 0.0, 0.0, 0.0), (0.0, 1.0, 0.0, 0.0), (0.0, 0.0, 1.0, 0.0), (0.0, 0.0, 0.0, 1.0)],
            "rEyelidLowerOuter.001": [(0.9999999403953552, 0.0, 0.0, 0.0), (0.0, 1.0, 0.0, 0.0), (0.0, 0.0, 1.0, 0.0), (0.0, 0.0, 0.0, 1.0)],
            "rEyelidLower.001": [(1.0, 0.0, 0.0, 0.0), (0.0, 1.0, 0.0, 0.0), (0.0, 0.0, 1.0, 0.0), (0.0, 0.0, 0.0, 1.0)],
            "rEyelidLowerInner.001": [(0.9999999403953552, 0.0, 0.0, 0.0), (0.0, 1.0, 0.0, 0.0), (0.0, 0.0, 1.0, 0.0), (0.0, 0.0, 0.0, 1.0)],
            "lSquintInner.001": [(1.0, 0.0, 0.0, 0.0), (0.0, 1.0, 0.0, 0.0), (0.0, 0.0, 1.0, 0.0), (0.0, 0.0, 0.0, 1.0)],
            "lSquintOuter.001": [(1.0, 0.0, 0.0, 0.0), (0.0, 1.0, 0.0, 0.0), (0.0, 0.0, 1.0, 0.0), (0.0, 0.0, 0.0, 1.0)],
            "rSquintInner.001": [(1.0, 0.0, 0.0, 0.0), (0.0, 1.0, 0.0, 0.0), (0.0, 0.0, 1.0, 0.0), (0.0, 0.0, 0.0, 1.0)],
            "rSquintOuter.001": [(1.0, 0.0, 0.0, 0.0), (0.0, 1.0, 0.0, 0.0), (0.0, 0.0, 1.0, 0.0), (0.0, 0.0, 0.0, 1.0)],
            "lCheekUpper.001": [(1.0, 0.0, 0.0, 0.0), (0.0, 1.0, 0.0, 0.0), (0.0, 0.0, 1.0, 0.0), (0.0, 0.0, 0.0, 1.0)],
            "rCheekUpper.001": [(1.0, 0.0, 0.0, 0.0), (0.0, 1.0, 0.0, 0.0), (0.0, 0.0, 1.0, 0.0), (0.0, 0.0, 0.0, 1.0)],
            "Nose.001": [(1.0, 0.0, 0.0, 0.0), (0.0, 1.0, 0.0, 0.0), (0.0, 0.0, 1.0, 0.0), (0.0, 0.0, 0.0, 1.0)],
            "lNostril.001": [(1.0, 0.0, 0.0, 0.0), (0.0, 1.0, 0.0, 0.0), (0.0, 0.0, 1.0, 0.0), (0.0, 0.0, 0.0, 1.0)],
            "rNostril.001": [(1.0, 0.0, 0.0, 0.0), (0.0, 1.0, 0.0, 0.0), (0.0, 0.0, 1.0, 0.0), (0.0, 0.0, 0.0, 1.0)],
            "lLipBelowNose.001": [(1.0, 0.0, 0.0, 0.0), (0.0, 1.0, 0.0, 0.0), (0.0, 0.0, 1.0, 0.0), (0.0, 0.0, 0.0, 1.0)],
            "rLipBelowNose.001": [(1.0, 0.0, 0.0, 0.0), (0.0, 1.0, 0.0, 0.0), (0.0, 0.0, 1.0, 0.0), (0.0, 0.0, 0.0, 1.0)],
            "lLipNasolabialCrease.001": [(1.0, 0.0, 0.0, 0.0), (0.0, 1.0, 0.0, 0.0), (0.0, 0.0, 1.0, 0.0), (0.0, 0.0, 0.0, 1.0)],
            "rLipNasolabialCrease.001": [(1.0, 0.0, 0.0, 0.0), (0.0, 1.0, 0.0, 0.0), (0.0, 0.0, 1.0, 0.0), (0.0, 0.0, 0.0, 1.0)],
            "lNasolabialUpper.001": [(1.0, 0.0, 0.0, 0.0), (0.0, 1.0, 0.0, 0.0), (0.0, 0.0, 1.0, 0.0), (0.0, 0.0, 0.0, 1.0)],
            "rNasolabialUpper.001": [(1.0, 0.0, 0.0, 0.0), (0.0, 1.0, 0.0, 0.0), (0.0, 0.0, 1.0, 0.0), (0.0, 0.0, 0.0, 1.0)],
            "lNasolabialMiddle.001": [(1.0, 0.0, 0.0, 0.0), (0.0, 1.0, 0.0, 0.0), (0.0, 0.0, 1.0, 0.0), (0.0, 0.0, 0.0, 1.0)],
            "rNasolabialMiddle.001": [(1.0, 0.0, 0.0, 0.0), (0.0, 1.0, 0.0, 0.0), (0.0, 0.0, 1.0, 0.0), (0.0, 0.0, 0.0, 1.0)],
            "lEye.001": [(1.0, 0.0, 0.0, -4.7729031393828336e-08), (0.0, 1.0, 0.0, -1.0847458042917424e-07), (0.0, 0.0, 1.0, 0.0), (0.0, 0.0, 0.0, 1.0)],
            "rEye.001": [(1.0, 0.0, 0.0, 4.7729031393828336e-08), (0.0, 1.0, 0.0, -1.0847458042917424e-07), (0.0, 0.0, 1.0, 0.0), (0.0, 0.0, 0.0, 1.0)],
            "lEar.001": [(1.0, 0.0, 0.0, 2.384185791015625e-07), (0.0, 1.0, 0.0, -2.3096799850463867e-07), (0.0, 0.0, 1.0, -6.258487701416016e-07), (0.0, 0.0, 0.0, 1.0)],
            "rEar.001": [(1.0, 0.0, 0.0, -2.384185791015625e-07), (0.0, 1.0, 0.0, -2.3096799850463867e-07), (0.0, 0.0, 1.0, -6.258487701416016e-07), (0.0, 0.0, 0.0, 1.0)],
            "lPectoral.001": [(1.0, 0.0, 0.0, 1.1920928955078125e-07), (0.0, 1.0000001192092896, 0.0, -4.470348358154297e-08), (0.0, 0.0, 1.0, -2.384185791015625e-07), (0.0, 0.0, 0.0, 1.0)],
            "rPectoral.001": [(1.0, 0.0, 0.0, 0.0), (0.0, 1.0000001192092896, 0.0, 5.066394805908203e-07), (0.0, 0.0, 1.0, -2.384185791015625e-07), (0.0, 0.0, 0.0, 1.0)],
            },
        },
    "T - Pose Bento Hands": {
        "pose_matrix": {
            "hip": [(1.0, 0.0, 0.0, 0.0), (0.0, 1.0, 0.0, 0.0), (0.0, 0.0, 1.0, 0.0), (0.0, 0.0, 0.0, 1.0)],
            "pelvis": [(1.0, 0.0, 0.0, 0.0), (0.0, 1.0, 0.0, 0.0), (0.0, 0.0, 1.0, 0.0), (0.0, 0.0, 0.0, 1.0)],
            "lThighBend": [(0.973156750202179, -0.06835673004388809, 0.21975727379322052, 4.76837158203125e-07), (0.07006961852312088, 0.9975420236587524, 1.235154467593702e-08, 1.6940658945086007e-21), (-0.21921713650226593, 0.015398291870951653, 0.9755545854568481, -1.192092469182171e-07), (0.0, 0.0, 0.0, 1.0)],
            "lThighTwist": [(1.0, 0.0, 0.0, 0.0), (0.0, 0.9999999403953552, 0.0, 0.0), (0.0, 0.0, 1.0, 0.0), (0.0, 0.0, 0.0, 1.0)],
            "lShin": [(1.0, 0.0, 0.0, 0.0), (0.0, 0.9999998807907104, 0.0, 0.0), (0.0, 0.0, 0.9999999403953552, 0.0), (0.0, 0.0, 0.0, 1.0)],
            "lFoot": [(1.0, 0.0, 0.0, 0.0), (0.0, 0.9999999403953552, 0.0, 0.0), (0.0, 0.0, 1.0, 0.0), (0.0, 0.0, 0.0, 1.0)],
            "lMetatarsals": [(1.0, 0.0, 0.0, 0.0), (0.0, 1.0, 0.0, 0.0), (0.0, 0.0, 1.0, 0.0), (0.0, 0.0, 0.0, 1.0)],
            "lToe": [(0.9999999403953552, 0.0, 0.0, 0.0), (0.0, 1.0, 0.0, 0.0), (0.0, 0.0, 0.9999999403953552, 0.0), (0.0, 0.0, 0.0, 1.0)],
            "lSmallToe4": [(1.0, 0.0, 0.0, 0.0), (0.0, 0.9999999403953552, 0.0, 0.0), (0.0, 0.0, 0.9999999403953552, 0.0), (0.0, 0.0, 0.0, 1.0)],
            "lSmallToe4_2": [(1.0, 0.0, 0.0, 0.0), (0.0, 1.0, 0.0, 0.0), (0.0, 0.0, 0.9999999403953552, 0.0), (0.0, 0.0, 0.0, 1.0)],
            "lSmallToe3": [(1.0, 0.0, 0.0, 0.0), (0.0, 0.9999999403953552, 0.0, 0.0), (0.0, 0.0, 0.9999999403953552, 0.0), (0.0, 0.0, 0.0, 1.0)],
            "lSmallToe3_2": [(1.0, 0.0, 0.0, 0.0), (0.0, 0.9999999403953552, 0.0, 0.0), (0.0, 0.0, 0.9999999403953552, 0.0), (0.0, 0.0, 0.0, 1.0)],
            "lSmallToe2": [(1.0, 0.0, 0.0, 0.0), (0.0, 1.0, 0.0, 0.0), (0.0, 0.0, 1.0, 0.0), (0.0, 0.0, 0.0, 1.0)],
            "lSmallToe2_2": [(1.0, 0.0, 0.0, 0.0), (0.0, 1.0, 0.0, 0.0), (0.0, 0.0, 1.0, 0.0), (0.0, 0.0, 0.0, 1.0)],
            "lSmallToe1": [(1.0, 0.0, 0.0, 0.0), (0.0, 1.0, 0.0, 0.0), (0.0, 0.0, 1.0, 0.0), (0.0, 0.0, 0.0, 1.0)],
            "lSmallToe1_2": [(1.0, 0.0, 0.0, 0.0), (0.0, 1.0, 0.0, 0.0), (0.0, 0.0, 0.9999999403953552, 0.0), (0.0, 0.0, 0.0, 1.0)],
            "lBigToe": [(0.9999999403953552, 0.0, 0.0, 0.0), (0.0, 1.0, 0.0, 0.0), (0.0, 0.0, 1.0, 0.0), (0.0, 0.0, 0.0, 1.0)],
            "lBigToe_2": [(0.9999999403953552, 0.0, 0.0, 0.0), (0.0, 1.0, 0.0, 0.0), (0.0, 0.0, 1.0, 0.0), (0.0, 0.0, 0.0, 1.0)],
            "rThighBend": [(0.9689847230911255, 0.06585785001516342, -0.23818352818489075, -4.76837158203125e-07), (-0.06780940294265747, 0.9976982474327087, -8.581532817686366e-09, 1.6940658945086007e-21), (0.2376352995634079, 0.01615108922123909, 0.9712201356887817, -1.192093321833454e-07), (0.0, 0.0, 0.0, 1.0)],
            "rThighTwist": [(1.0, 0.0, 0.0, 0.0), (0.0, 0.9999999403953552, 0.0, 0.0), (0.0, 0.0, 1.0, 0.0), (0.0, 0.0, 0.0, 1.0)],
            "rShin": [(0.9999999403953552, 0.0, 0.0, 0.0), (0.0, 0.9999999403953552, 0.0, 0.0), (0.0, 0.0, 0.9999999403953552, 0.0), (0.0, 0.0, 0.0, 1.0)],
            "rFoot": [(1.0, 0.0, 0.0, 0.0), (0.0, 1.0, 0.0, 0.0), (0.0, 0.0, 1.0, 0.0), (0.0, 0.0, 0.0, 1.0)],
            "rMetatarsals": [(1.0, 0.0, 0.0, 0.0), (0.0, 1.0, 0.0, 0.0), (0.0, 0.0, 1.0, 0.0), (0.0, 0.0, 0.0, 1.0)],
            "rToe": [(0.9999999403953552, 0.0, 0.0, 0.0), (0.0, 1.0, 0.0, 0.0), (0.0, 0.0, 0.9999999403953552, 0.0), (0.0, 0.0, 0.0, 1.0)],
            "rSmallToe4": [(1.0, 0.0, 0.0, 0.0), (0.0, 1.0, 0.0, 0.0), (0.0, 0.0, 1.0, 0.0), (0.0, 0.0, 0.0, 1.0)],
            "rSmallToe4_2": [(1.0, 0.0, 0.0, 0.0), (0.0, 1.0, 0.0, 0.0), (0.0, 0.0, 0.9999999403953552, 0.0), (0.0, 0.0, 0.0, 1.0)],
            "rSmallToe3": [(1.0, 0.0, 0.0, 0.0), (0.0, 0.9999999403953552, 0.0, 0.0), (0.0, 0.0, 0.9999999403953552, 0.0), (0.0, 0.0, 0.0, 1.0)],
            "rSmallToe3_2": [(1.0, 0.0, 0.0, 0.0), (0.0, 0.9999999403953552, 0.0, 0.0), (0.0, 0.0, 0.9999999403953552, 0.0), (0.0, 0.0, 0.0, 1.0)],
            "rSmallToe2": [(1.0, 0.0, 0.0, 0.0), (0.0, 1.0, 0.0, 0.0), (0.0, 0.0, 1.0, 0.0), (0.0, 0.0, 0.0, 1.0)],
            "rSmallToe2_2": [(1.0, 0.0, 0.0, 0.0), (0.0, 1.0, 0.0, 0.0), (0.0, 0.0, 1.0, 0.0), (0.0, 0.0, 0.0, 1.0)],
            "rSmallToe1": [(1.0, 0.0, 0.0, 0.0), (0.0, 1.0, 0.0, 0.0), (0.0, 0.0, 1.0, 0.0), (0.0, 0.0, 0.0, 1.0)],
            "rSmallToe1_2": [(1.0, 0.0, 0.0, 0.0), (0.0, 1.0, 0.0, 0.0), (0.0, 0.0, 0.9999999403953552, 0.0), (0.0, 0.0, 0.0, 1.0)],
            "rBigToe": [(0.9999999403953552, 0.0, 0.0, 0.0), (0.0, 1.0, 0.0, 0.0), (0.0, 0.0, 1.0, 0.0), (0.0, 0.0, 0.0, 1.0)],
            "rBigToe_2": [(0.9999999403953552, 0.0, 0.0, 0.0), (0.0, 1.0, 0.0, 0.0), (0.0, 0.0, 1.0, 0.0), (0.0, 0.0, 0.0, 1.0)],
            "abdomenLower": [(1.0, 0.0, 0.0, 0.0), (0.0, 1.0, 0.0, 0.0), (0.0, 0.0, 1.0, 0.0), (0.0, 0.0, 0.0, 1.0)],
            "abdomenUpper": [(1.0, 0.0, 0.0, 0.0), (0.0, 1.0, 0.0, 0.0), (0.0, 0.0, 1.0, 0.0), (0.0, 0.0, 0.0, 1.0)],
            "chestLower": [(1.0, 0.0, 0.0, 0.0), (0.0, 1.0, 0.0, 0.0), (0.0, 0.0, 1.0, 0.0), (0.0, 0.0, 0.0, 1.0)],
            "chestUpper": [(1.0, 0.0, 0.0, 0.0), (0.0, 1.0, 0.0, 0.0), (0.0, 0.0, 1.0, 0.0), (0.0, 0.0, 0.0, 1.0)],
            "lCollar": [(0.9987617135047913, 0.049748726189136505, -2.223344147678219e-10, 0.0), (-0.049748726189136505, 0.9987617135047913, -8.932761197399941e-09, 0.0), (-2.2233444252339751e-10, 8.932761197399941e-09, 0.9999999403953552, 0.0), (0.0, 0.0, 0.0, 1.0)],
            "lShldrBend": [(0.7149640321731567, 0.6991612911224365, -4.200602177206747e-08, 0.0), (-0.6991612911224365, 0.7149640321731567, -5.4156412687689226e-08, 0.0), (-7.83126097303466e-09, 6.808887320630674e-08, 1.0, 0.0), (0.0, 0.0, 0.0, 1.0)],
            "lShldrTwist": [(0.9999999403953552, 0.0, 0.0, 0.0), (0.0, 0.9999999403953552, 0.0, 0.0), (0.0, 0.0, 1.0, 0.0), (0.0, 0.0, 0.0, 1.0)],
            "lForearmBend": [(0.9933124780654907, 0.006190243177115917, 0.115291066467762, 0.0), (0.006190302781760693, 0.9942700266838074, -0.10671839863061905, 0.0), (-0.115291066467762, 0.10671840608119965, 0.9875824451446533, 0.0), (0.0, 0.0, 0.0, 1.0)],
            "lForearmTwist": [(1.0, 0.0, 0.0, 0.0), (0.0, 0.9999999403953552, 0.0, 0.0), (0.0, 0.0, 1.0, 0.0), (0.0, 0.0, 0.0, 1.0)],
            "lHand": [(0.9919670820236206, 0.007435624022036791, -0.1262776106595993, 0.0), (0.0074356235563755035, 0.9931172132492065, 0.11688801646232605, 0.0), (0.1262776255607605, -0.11688801646232605, 0.9850842952728271, 0.0), (0.0, 0.0, 0.0, 1.0)],
            "lThumb1": [(0.9878338575363159, 0.13722559809684753, 0.07316670566797256, 0.0), (-0.14203310012817383, 0.9877172112464905, 0.06512577086687088, 0.0), (-0.06333108246326447, -0.07472553104162216, 0.995191216468811, 0.0), (0.0, 0.0, 0.0, 1.0)],
            "lThumb2": [(0.9150678515434265, 0.3166073262691498, 0.24982094764709473, -7.021736792012234e-08), (-0.34809330105781555, 0.9328568577766418, 0.09278539568185806, 8.159936726315209e-08), (-0.20367063581943512, -0.17186594009399414, 0.9638362526893616, -3.0907176551409066e-06), (0.0, 0.0, 0.0, 1.0)],
            "lThumb3": [(1.0, 0.0, 0.0, 0.0), (0.0, 1.0, 0.0, 0.0), (0.0, 0.0, 0.9999999403953552, 0.0), (0.0, 0.0, 0.0, 1.0)],
            "lCarpal1": [(0.9999998807907104, 0.0, 0.0, 0.0), (0.0, 1.0, 0.0, 0.0), (0.0, 0.0, 0.9999999403953552, 0.0), (0.0, 0.0, 0.0, 1.0)],
            "lIndex1": [(0.9552106261253357, -0.04838702082633972, 0.29194381833076477, 0.0), (-0.04838737100362778, 0.9477258324623108, 0.3153955340385437, 0.0), (-0.29194375872612, -0.3153955936431885, 0.9029365181922913, 0.0), (0.0, 0.0, 0.0, 1.0)],
            "lIndex2": [(0.9999998807907104, 0.0, 0.0, 0.0), (0.0, 0.9999999403953552, 0.0, 0.0), (0.0, 0.0, 1.0, 0.0), (0.0, 0.0, 0.0, 1.0)],
            "lIndex3": [(1.0, 0.0, 0.0, 0.0), (0.0, 1.0, 0.0, 0.0), (0.0, 0.0, 1.0, 0.0), (0.0, 0.0, 0.0, 1.0)],
            "lCarpal2": [(1.0, 0.0, 0.0, 0.0), (0.0, 0.9999999403953552, 0.0, 0.0), (0.0, 0.0, 0.9999999403953552, 0.0), (0.0, 0.0, 0.0, 1.0)],
            "lMid1": [(1.0, 0.0, 0.0, 0.0), (0.0, 0.9999999403953552, 0.0, 0.0), (0.0, 0.0, 1.0, 0.0), (0.0, 0.0, 0.0, 1.0)],
            "lMid2": [(1.0, 0.0, 0.0, 0.0), (0.0, 1.0, 0.0, 0.0), (0.0, 0.0, 1.0, 0.0), (0.0, 0.0, 0.0, 1.0)],
            "lMid3": [(1.0, 0.0, 0.0, 0.0), (0.0, 1.0, 0.0, 0.0), (0.0, 0.0, 1.0, 0.0), (0.0, 0.0, 0.0, 1.0)],
            "lCarpal3": [(1.0, 0.0, 0.0, 0.0), (0.0, 1.0, 0.0, 0.0), (0.0, 0.0, 0.9999999403953552, 0.0), (0.0, 0.0, 0.0, 1.0)],
            "lRing1": [(0.988420844078064, -0.012509321793913841, -0.1512208729982376, 0.0), (-0.012509295716881752, 0.9864858388900757, -0.16336843371391296, 0.0), (0.1512208729982376, 0.16336843371391296, 0.9749066829681396, 0.0), (0.0, 0.0, 0.0, 1.0)],
            "lRing2": [(1.0, 0.0, 0.0, 0.0), (0.0, 1.0, 0.0, 0.0), (0.0, 0.0, 0.9999999403953552, 0.0), (0.0, 0.0, 0.0, 1.0)],
            "lRing3": [(1.0000001192092896, 0.0, 0.0, 0.0), (0.0, 1.0, 0.0, 0.0), (0.0, 0.0, 0.9999998807907104, 0.0), (0.0, 0.0, 0.0, 1.0)],
            "lCarpal4": [(1.0, 0.0, 0.0, 0.0), (0.0, 1.0, 0.0, 0.0), (0.0, 0.0, 0.9999999403953552, 0.0), (0.0, 0.0, 0.0, 1.0)],
            "lPinky1": [(0.9475477933883667, -0.056665703654289246, -0.3145506680011749, 0.0), (-0.05666561424732208, 0.9387823939323425, -0.3398185074329376, 0.0), (0.3145506978034973, 0.33981847763061523, 0.8863301873207092, 0.0), (0.0, 0.0, 0.0, 1.0)],
            "lPinky2": [(1.0, 0.0, 0.0, 0.0), (0.0, 1.0, 0.0, 0.0), (0.0, 0.0, 1.0, 0.0), (0.0, 0.0, 0.0, 1.0)],
            "lPinky3": [(1.0, 0.0, 0.0, 0.0), (0.0, 1.0, 0.0, 0.0), (0.0, 0.0, 1.0, 0.0), (0.0, 0.0, 0.0, 1.0)],
            "rCollar": [(0.9997686743736267, 0.021503996104002, 6.590358033603527e-12, 0.0), (-0.021503996104002, 0.9997686743736267, 6.141934183467868e-10, 0.0), (6.618780610395669e-12, -6.141931407910306e-10, 0.9999999403953552, 0.0), (0.0, 0.0, 0.0, 1.0)],
