# Pose library auto-generated by Bento Buddy 

poses = {
    "Daz 8 new - T with hand pose": {
        "pose_matrix": {
            "hip": [(1.0, 0.0, 0.0, 0.0), (0.0, 1.0, 0.0, 0.0), (0.0, 0.0, 1.0, 0.0), (0.0, 0.0, 0.0, 1.0)],
            "pelvis": [(1.0, 0.0, 0.0, 0.0), (0.0, 1.0, 0.0, 0.0), (0.0, 0.0, 1.0, 0.0), (0.0, 0.0, 0.0, 1.0)],
            "lThighBend": [(0.9936628341674805, -0.1123160794377327, 0.004391408991068602, 0.0), (0.11240082234144211, 0.9930650591850281, -0.034464895725250244, 0.0), (-0.0004899929044768214, 0.034740082919597626, 0.9993962645530701, 0.0), (0.0, 0.0, 0.0, 1.0)],
            "lThighTwist": [(1.0, 0.0, 0.0, 0.0), (0.0, 1.0, 0.0, 0.0), (0.0, 0.0, 1.0, 0.0), (0.0, 0.0, 0.0, 1.0)],
            "lShin": [(1.0, 0.0, 0.0, 0.0), (0.0, 1.0, 0.0, 0.0), (0.0, 0.0, 1.0, 0.0), (0.0, 0.0, 0.0, 1.0)],
            "lFoot": [(1.0, 0.0, 0.0, 0.0), (0.0, 1.0, 0.0, 0.0), (0.0, 0.0, 1.0, 0.0), (0.0, 0.0, 0.0, 1.0)],
            "lMetatarsals": [(1.0, 0.0, 0.0, 0.0), (0.0, 1.0, 0.0, 0.0), (0.0, 0.0, 1.0, 0.0), (0.0, 0.0, 0.0, 1.0)],
            "lToe": [(1.0, 0.0, 0.0, 0.0), (0.0, 1.0, 0.0, 0.0), (0.0, 0.0, 1.0, 0.0), (0.0, 0.0, 0.0, 1.0)],
            "lSmallToe4": [(1.0, 0.0, 0.0, 0.0), (0.0, 1.0, 0.0, 0.0), (0.0, 0.0, 1.0, 0.0), (0.0, 0.0, 0.0, 1.0)],
            "lSmallToe4_2": [(1.0, 0.0, 0.0, 0.0), (0.0, 1.0, 0.0, 0.0), (0.0, 0.0, 1.0, 0.0), (0.0, 0.0, 0.0, 1.0)],
            "lSmallToe3": [(1.0, 0.0, 0.0, 0.0), (0.0, 1.0, 0.0, 0.0), (0.0, 0.0, 1.0, 0.0), (0.0, 0.0, 0.0, 1.0)],
            "lSmallToe3_2": [(1.0, 0.0, 0.0, 0.0), (0.0, 1.0, 0.0, 0.0), (0.0, 0.0, 1.0, 0.0), (0.0, 0.0, 0.0, 1.0)],
            "lSmallToe2": [(1.0, 0.0, 0.0, 0.0), (0.0, 1.0, 0.0, 0.0), (0.0, 0.0, 1.0, 0.0), (0.0, 0.0, 0.0, 1.0)],
            "lSmallToe2_2": [(1.0, 0.0, 0.0, 0.0), (0.0, 1.0, 0.0, 0.0), (0.0, 0.0, 1.0, 0.0), (0.0, 0.0, 0.0, 1.0)],
            "lSmallToe1": [(1.0, 0.0, 0.0, 0.0), (0.0, 1.0, 0.0, 0.0), (0.0, 0.0, 1.0, 0.0), (0.0, 0.0, 0.0, 1.0)],
            "lSmallToe1_2": [(1.0, 0.0, 0.0, 0.0), (0.0, 1.0, 0.0, 0.0), (0.0, 0.0, 1.0, 0.0), (0.0, 0.0, 0.0, 1.0)],
            "lBigToe": [(1.0, 0.0, 0.0, 0.0), (0.0, 1.0, 0.0, 0.0), (0.0, 0.0, 1.0, 0.0), (0.0, 0.0, 0.0, 1.0)],
            "lBigToe_2": [(1.0, 0.0, 0.0, 0.0), (0.0, 1.0, 0.0, 0.0), (0.0, 0.0, 1.0, 0.0), (0.0, 0.0, 0.0, 1.0)],
            "rThighBend": [(0.9931216239929199, 0.11699475347995758, -0.004659682046622038, 0.0), (-0.1170867383480072, 0.992472767829895, -0.035895172506570816, 0.0), (0.00042506062891334295, 0.036193858832120895, 0.9993447065353394, 0.0), (0.0, 0.0, 0.0, 1.0)],
            "rThighTwist": [(1.0, 0.0, 0.0, 0.0), (0.0, 1.0, 0.0, 0.0), (0.0, 0.0, 1.0, 0.0), (0.0, 0.0, 0.0, 1.0)],
            "rShin": [(1.0, 0.0, 0.0, 0.0), (0.0, 1.0, 0.0, 0.0), (0.0, 0.0, 1.0, 0.0), (0.0, 0.0, 0.0, 1.0)],
            "rFoot": [(1.0, 0.0, 0.0, 0.0), (0.0, 1.0, 0.0, 0.0), (0.0, 0.0, 1.0, 0.0), (0.0, 0.0, 0.0, 1.0)],
            "rMetatarsals": [(1.0, 0.0, 0.0, 0.0), (0.0, 1.0, 0.0, 0.0), (0.0, 0.0, 1.0, 0.0), (0.0, 0.0, 0.0, 1.0)],
            "rToe": [(1.0, 0.0, 0.0, 0.0), (0.0, 1.0, 0.0, 0.0), (0.0, 0.0, 1.0, 0.0), (0.0, 0.0, 0.0, 1.0)],
            "rSmallToe4": [(1.0, 0.0, 0.0, 0.0), (0.0, 1.0, 0.0, 0.0), (0.0, 0.0, 1.0, 0.0), (0.0, 0.0, 0.0, 1.0)],
            "rSmallToe4_2": [(1.0, 0.0, 0.0, 0.0), (0.0, 1.0, 0.0, 0.0), (0.0, 0.0, 1.0, 0.0), (0.0, 0.0, 0.0, 1.0)],
            "rSmallToe3": [(1.0, 0.0, 0.0, 0.0), (0.0, 1.0, 0.0, 0.0), (0.0, 0.0, 1.0, 0.0), (0.0, 0.0, 0.0, 1.0)],
            "rSmallToe3_2": [(1.0, 0.0, 0.0, 0.0), (0.0, 1.0, 0.0, 0.0), (0.0, 0.0, 1.0, 0.0), (0.0, 0.0, 0.0, 1.0)],
            "rSmallToe2": [(1.0, 0.0, 0.0, 0.0), (0.0, 1.0, 0.0, 0.0), (0.0, 0.0, 1.0, 0.0), (0.0, 0.0, 0.0, 1.0)],
            "rSmallToe2_2": [(1.0, 0.0, 0.0, 0.0), (0.0, 1.0, 0.0, 0.0), (0.0, 0.0, 1.0, 0.0), (0.0, 0.0, 0.0, 1.0)],
            "rSmallToe1": [(1.0, 0.0, 0.0, 0.0), (0.0, 1.0, 0.0, 0.0), (0.0, 0.0, 1.0, 0.0), (0.0, 0.0, 0.0, 1.0)],
            "rSmallToe1_2": [(1.0, 0.0, 0.0, 0.0), (0.0, 1.0, 0.0, 0.0), (0.0, 0.0, 1.0, 0.0), (0.0, 0.0, 0.0, 1.0)],
            "rBigToe": [(1.0, 0.0, 0.0, 0.0), (0.0, 1.0, 0.0, 0.0), (0.0, 0.0, 1.0, 0.0), (0.0, 0.0, 0.0, 1.0)],
            "rBigToe_2": [(1.0, 0.0, 0.0, 0.0), (0.0, 1.0, 0.0, 0.0), (0.0, 0.0, 1.0, 0.0), (0.0, 0.0, 0.0, 1.0)],
            "abdomenLower": [(1.0, 0.0, 0.0, 0.0), (0.0, 1.0, 0.0, 0.0), (0.0, 0.0, 1.0, 0.0), (0.0, 0.0, 0.0, 1.0)],
            "abdomenUpper": [(1.0, 0.0, 0.0, 0.0), (0.0, 1.0, 0.0, 0.0), (0.0, 0.0, 1.0, 0.0), (0.0, 0.0, 0.0, 1.0)],
            "chestLower": [(1.0, 0.0, 0.0, 0.0), (0.0, 1.0, 0.0, 0.0), (0.0, 0.0, 1.0, 0.0), (0.0, 0.0, 0.0, 1.0)],
            "chestUpper": [(1.0, 0.0, 0.0, 0.0), (0.0, 1.0, 0.0, 0.0), (0.0, 0.0, 1.0, 0.0), (0.0, 0.0, 0.0, 1.0)],
            "lCollar": [(1.0, 0.0, 0.0, 0.0), (0.0, 1.0, 0.0, 0.0), (0.0, 0.0, 1.0, 0.0), (0.0, 0.0, 0.0, 1.0)],
            "lShldrBend": [(0.6705856323242188, 0.7418274879455566, -0.0026195310056209564, 0.0), (-0.7410308718681335, 0.6696932315826416, -0.048827119171619415, 0.0), (-0.03446701914072037, 0.03468392416834831, 0.9988036155700684, 0.0), (0.0, 0.0, 0.0, 1.0)],
            "lShldrTwist": [(1.0, 0.0, 0.0, 0.0), (0.0, 1.0, 0.0, 0.0), (0.0, 0.0, 1.0, 0.0), (0.0, 0.0, 0.0, 1.0)],
            "lForearmBend": [(0.983033299446106, 0.0032490622252225876, 0.1833985298871994, 0.0), (0.02728511020541191, 0.9861291646957397, -0.16372087597846985, 0.0), (-0.18138659000396729, 0.1659470945596695, 0.9693092703819275, 0.0), (0.0, 0.0, 0.0, 1.0)],
            "lForearmTwist": [(1.0, 0.0, 0.0, 0.0), (0.0, 1.0, 0.0, 0.0), (0.0, 0.0, 1.0, 0.0), (0.0, 0.0, 0.0, 1.0)],
            "lHand": [(0.9836406111717224, 0.026524800807237625, -0.17817839980125427, 0.0), (0.0029163395520299673, 0.9866258502006531, 0.16297534108161926, 0.0), (0.18011830747127533, -0.16082879900932312, 0.9704079031944275, 0.0), (0.0, 0.0, 0.0, 1.0)],
            "lThumb1": [(1.0, 0.0, 0.0, 0.0), (0.0, 1.0, 0.0, 0.0), (0.0, 0.0, 1.0, 0.0), (0.0, 0.0, 0.0, 1.0)],
            "lThumb2": [(0.9904802441596985, -0.0004974412731826305, 0.13765312731266022, 4.8722348822138883e-08), (-0.020458532497286797, 0.9883555173873901, 0.15078063309192657, -5.893957322200549e-08), (-0.13612522184848785, -0.15216143429279327, 0.9789365530014038, -1.5478332215934643e-06), (0.0, 0.0, 0.0, 1.0)],
            "lThumb3": [(1.0, 0.0, 0.0, 0.0), (0.0, 1.0, 0.0, 0.0), (0.0, 0.0, 1.0, 0.0), (0.0, 0.0, 0.0, 1.0)],
            "lCarpal1": [(1.0, 0.0, 0.0, 0.0), (0.0, 1.0, 0.0, 0.0), (0.0, 0.0, 1.0, 0.0), (0.0, 0.0, 0.0, 1.0)],
            "lIndex1": [(0.9768280982971191, -0.010052883066236973, 0.21378906071186066, 7.495743403751476e-08), (-0.04095640778541565, 0.9716560244560242, 0.23282435536384583, -9.067632333881193e-08), (-0.21007001399993896, -0.23618543148040771, 0.9487290382385254, -2.3812815470591886e-06), (0.0, 0.0, 0.0, 1.0)],
            "lIndex2": [(1.0, 0.0, 0.0, 0.0), (0.0, 1.0, 0.0, 0.0), (0.0, 0.0, 1.0, 0.0), (0.0, 0.0, 0.0, 1.0)],
            "lIndex3": [(1.0, 0.0, 0.0, 0.0), (0.0, 1.0, 0.0, 0.0), (0.0, 0.0, 1.0, 0.0), (0.0, 0.0, 0.0, 1.0)],
            "lCarpal2": [(1.0, 0.0, 0.0, 0.0), (0.0, 1.0, 0.0, 0.0), (0.0, 0.0, 1.0, 0.0), (0.0, 0.0, 0.0, 1.0)],
            "lMid1": [(1.0, 0.0, 0.0, 0.0), (0.0, 1.0, 0.0, 0.0), (0.0, 0.0, 1.0, 0.0), (0.0, 0.0, 0.0, 1.0)],
            "lMid2": [(1.0, 0.0, 0.0, 0.0), (0.0, 1.0, 0.0, 0.0), (0.0, 0.0, 1.0, 0.0), (0.0, 0.0, 0.0, 1.0)],
            "lMid3": [(1.0, 0.0, 0.0, 0.0), (0.0, 1.0, 0.0, 0.0), (0.0, 0.0, 1.0, 0.0), (0.0, 0.0, 0.0, 1.0)],
            "lCarpal3": [(1.0, 0.0, 0.0, 0.0), (0.0, 1.0, 0.0, 0.0), (0.0, 0.0, 1.0, 0.0), (0.0, 0.0, 0.0, 1.0)],
            "lRing1": [(0.9953911304473877, -0.012036140076816082, -0.0951385349035263, 0.0), (0.001890752580948174, 0.9943625926971436, -0.10601643472909927, 0.0), (0.09587821364402771, 0.10534795373678207, 0.9898025989532471, 0.0), (0.0, 0.0, 0.0, 1.0)],
            "lRing2": [(1.0, 0.0, 0.0, 0.0), (0.0, 1.0, 0.0, 0.0), (0.0, 0.0, 1.0, 0.0), (0.0, 0.0, 0.0, 1.0)],
            "lRing3": [(1.0, 0.0, 0.0, 0.0), (0.0, 1.0, 0.0, 0.0), (0.0, 0.0, 1.0, 0.0), (0.0, 0.0, 0.0, 1.0)],
            "lCarpal4": [(1.0, 0.0, 0.0, 0.0), (0.0, 1.0, 0.0, 0.0), (0.0, 0.0, 1.0, 0.0), (0.0, 0.0, 0.0, 1.0)],
            "lPinky1": [(0.9800613522529602, -0.036305416375398636, -0.19535008072853088, 0.0), (-0.007586395367980003, 0.9756109118461609, -0.2193758487701416, 0.0), (0.19855020940303802, 0.21648380160331726, 0.9558831453323364, 0.0), (0.0, 0.0, 0.0, 1.0)],
            "lPinky2": [(1.0, 0.0, 0.0, 0.0), (0.0, 1.0, 0.0, 0.0), (0.0, 0.0, 1.0, 0.0), (0.0, 0.0, 0.0, 1.0)],
            "lPinky3": [(1.0, 0.0, 0.0, 0.0), (0.0, 1.0, 0.0, 0.0), (0.0, 0.0, 1.0, 0.0), (0.0, 0.0, 0.0, 1.0)],
            "rCollar": [(1.0, 0.0, 0.0, 0.0), (0.0, 1.0, 0.0, 0.0), (0.0, 0.0, 1.0, 0.0), (0.0, 0.0, 0.0, 1.0)],
            "rShldrBend": [(0.6706122159957886, -0.7418034076690674, 0.00261849258095026, 0.0), (0.7410069108009338, 0.669719934463501, -0.04882514849305153, 0.0), (0.0344650000333786, 0.03468306362628937, 0.9988039135932922, 0.0), (0.0, 0.0, 0.0, 1.0)],
            "rShldrTwist": [(1.0, 0.0, 0.0, 0.0), (0.0, 1.0, 0.0, 0.0), (0.0, 0.0, 1.0, 0.0), (0.0, 0.0, 0.0, 1.0)],
            "rForearmBend": [(0.9802428483963013, 0.004827291239053011, -0.19773881137371063, 0.0), (0.03073122538626194, 0.9838457703590393, 0.17636080086231232, 0.0), (0.1953958421945572, -0.1789531707763672, 0.9642594456672668, 0.0), (0.0, 0.0, 0.0, 1.0)],
            "rForearmTwist": [(1.0, 0.0, 0.0, 0.0), (0.0, 1.0, 0.0, 0.0), (0.0, 0.0, 1.0, 0.0), (0.0, 0.0, 0.0, 1.0)],
            "rHand": [(0.978547990322113, 0.032789964228868484, 0.20339278876781464, 0.0), (0.0058189211413264275, 0.9824599623680115, -0.18638283014297485, 0.0), (-0.2059367597103119, 0.183568075299263, 0.9611934423446655, 0.0), (0.0, 0.0, 0.0, 1.0)],
            "rThumb1": [(1.0, 0.0, 0.0, 0.0), (0.0, 1.0, 0.0, 0.0), (0.0, 0.0, 1.0, 0.0), (0.0, 0.0, 0.0, 1.0)],
            "rThumb2": [(0.9923380613327026, -0.0005298858741298318, -0.1235513836145401, 0.0), (0.017395298928022385, 0.9906291961669922, 0.13546670973300934, 0.0), (0.12232182174921036, -0.13657799363136292, 0.9830482602119446, 0.0), (0.0, 0.0, 0.0, 1.0)],
            "rThumb3": [(1.0, 0.0, 0.0, 0.0), (0.0, 1.0, 0.0, 0.0), (0.0, 0.0, 1.0, 0.0), (0.0, 0.0, 0.0, 1.0)],
            "rCarpal1": [(1.0, 0.0, 0.0, 0.0), (0.0, 1.0, 0.0, 0.0), (0.0, 0.0, 1.0, 0.0), (0.0, 0.0, 0.0, 1.0)],
            "rIndex1": [(0.9654290080070496, 0.019299214705824852, -0.2599501609802246, 0.0), (0.05679767206311226, 0.9577187895774841, 0.2820439040660858, 0.0), (0.2544023394584656, -0.2870579659938812, 0.9235134720802307, 0.0), (0.0, 0.0, 0.0, 1.0)],
            "rIndex2": [(1.0, 0.0, 0.0, 0.0), (0.0, 1.0, 0.0, 0.0), (0.0, 0.0, 1.0, 0.0), (0.0, 0.0, 0.0, 1.0)],
            "rIndex3": [(1.0, 0.0, 0.0, 0.0), (0.0, 1.0, 0.0, 0.0), (0.0, 0.0, 1.0, 0.0), (0.0, 0.0, 0.0, 1.0)],
            "rCarpal2": [(1.0, 0.0, 0.0, 0.0), (0.0, 1.0, 0.0, 0.0), (0.0, 0.0, 1.0, 0.0), (0.0, 0.0, 0.0, 1.0)],
            "rMid1": [(1.0, 0.0, 0.0, 0.0), (0.0, 1.0, 0.0, 0.0), (0.0, 0.0, 1.0, 0.0), (0.0, 0.0, 0.0, 1.0)],
            "rMid2": [(1.0, 0.0, 0.0, 0.0), (0.0, 1.0, 0.0, 0.0), (0.0, 0.0, 1.0, 0.0), (0.0, 0.0, 0.0, 1.0)],
            "rMid3": [(1.0, 0.0, 0.0, 0.0), (0.0, 1.0, 0.0, 0.0), (0.0, 0.0, 1.0, 0.0), (0.0, 0.0, 0.0, 1.0)],
            "rCarpal3": [(1.0, 0.0, 0.0, 0.0), (0.0, 1.0, 0.0, 0.0), (0.0, 0.0, 1.0, 0.0), (0.0, 0.0, 0.0, 1.0)],
            "rRing1": [(0.9942759871482849, 0.014054892584681511, 0.10591383278369904, 0.0), (-0.0014552520588040352, 0.9929991960525513, -0.11811091005802155, 0.0), (-0.10683239996433258, 0.11728069186210632, 0.9873358607292175, 0.0), (0.0, 0.0, 0.0, 1.0)],
            "rRing2": [(1.0, 0.0, 0.0, 0.0), (0.0, 1.0, 0.0, 0.0), (0.0, 0.0, 1.0, 0.0), (0.0, 0.0, 0.0, 1.0)],
            "rRing3": [(1.0, 0.0, 0.0, 0.0), (0.0, 1.0, 0.0, 0.0), (0.0, 0.0, 1.0, 0.0), (0.0, 0.0, 0.0, 1.0)],
            "rCarpal4": [(1.0, 0.0, 0.0, 0.0), (0.0, 1.0, 0.0, 0.0), (0.0, 0.0, 1.0, 0.0), (0.0, 0.0, 0.0, 1.0)],
            "rPinky1": [(0.9870972037315369, 0.02579740434885025, 0.15803058445453644, 0.0), (0.002604113891720772, 0.9842193126678467, -0.17693302035331726, 0.0), (-0.16010119020938873, 0.17506159842014313, 0.971453070640564, 0.0), (0.0, 0.0, 0.0, 1.0)],
            "rPinky2": [(1.0, 0.0, 0.0, 0.0), (0.0, 1.0, 0.0, 0.0), (0.0, 0.0, 1.0, 0.0), (0.0, 0.0, 0.0, 1.0)],
            "rPinky3": [(1.0, 0.0, 0.0, 0.0), (0.0, 1.0, 0.0, 0.0), (0.0, 0.0, 1.0, 0.0), (0.0, 0.0, 0.0, 1.0)],
            "neckLower": [(1.0, 0.0, 0.0, 0.0), (0.0, 1.0, 0.0, 0.0), (0.0, 0.0, 1.0, 0.0), (0.0, 0.0, 0.0, 1.0)],
            "neckUpper": [(1.0, 0.0, 0.0, 0.0), (0.0, 1.0, 0.0, 0.0), (0.0, 0.0, 1.0, 0.0), (0.0, 0.0, 0.0, 1.0)],
            "head": [(1.0, 0.0, 0.0, 0.0), (0.0, 1.0, 0.0, 0.0), (0.0, 0.0, 1.0, 0.0), (0.0, 0.0, 0.0, 1.0)],
            "upperTeeth": [(1.0, 0.0, 0.0, 0.0), (0.0, 1.0, 0.0, 0.0), (0.0, 0.0, 1.0, 0.0), (0.0, 0.0, 0.0, 1.0)],
            "lowerJaw": [(1.0, 0.0, 0.0, 0.0), (0.0, 1.0, 0.0, 0.0), (0.0, 0.0, 1.0, 0.0), (0.0, 0.0, 0.0, 1.0)],
            "lowerTeeth": [(1.0, 0.0, 0.0, 0.0), (0.0, 1.0, 0.0, 0.0), (0.0, 0.0, 1.0, 0.0), (0.0, 0.0, 0.0, 1.0)],
            "tongue01": [(1.0, 0.0, 0.0, 0.0), (0.0, 1.0, 0.0, 0.0), (0.0, 0.0, 1.0, 0.0), (0.0, 0.0, 0.0, 1.0)],
            "tongue02": [(1.0, 0.0, 0.0, 0.0), (0.0, 1.0, 0.0, 0.0), (0.0, 0.0, 1.0, 0.0), (0.0, 0.0, 0.0, 1.0)],
            "tongue03": [(1.0, 0.0, 0.0, 0.0), (0.0, 1.0, 0.0, 0.0), (0.0, 0.0, 1.0, 0.0), (0.0, 0.0, 0.0, 1.0)],
            "tongue04": [(1.0, 0.0, 0.0, 0.0), (0.0, 1.0, 0.0, 0.0), (0.0, 0.0, 1.0, 0.0), (0.0, 0.0, 0.0, 1.0)],
            "lowerFaceRig": [(1.0, 0.0, 0.0, 0.0), (0.0, 1.0, 0.0, 0.0), (0.0, 0.0, 1.0, 0.0), (0.0, 0.0, 0.0, 1.0)],
            "lNasolabialLower": [(1.0, 0.0, 0.0, 0.0), (0.0, 1.0, 0.0, 0.0), (0.0, 0.0, 1.0, 0.0), (0.0, 0.0, 0.0, 1.0)],
            "rNasolabialLower": [(1.0, 0.0, 0.0, 0.0), (0.0, 1.0, 0.0, 0.0), (0.0, 0.0, 1.0, 0.0), (0.0, 0.0, 0.0, 1.0)],
            "lNasolabialMouthCorner": [(1.0, 0.0, 0.0, 0.0), (0.0, 1.0, 0.0, 0.0), (0.0, 0.0, 1.0, 0.0), (0.0, 0.0, 0.0, 1.0)],
            "rNasolabialMouthCorner": [(1.0, 0.0, 0.0, 0.0), (0.0, 1.0, 0.0, 0.0), (0.0, 0.0, 1.0, 0.0), (0.0, 0.0, 0.0, 1.0)],
            "lLipCorner": [(1.0, 0.0, 0.0, 0.0), (0.0, 1.0, 0.0, 0.0), (0.0, 0.0, 1.0, 0.0), (0.0, 0.0, 0.0, 1.0)],
            "lLipLowerOuter": [(1.0, 0.0, 0.0, 0.0), (0.0, 1.0, 0.0, 0.0), (0.0, 0.0, 1.0, 0.0), (0.0, 0.0, 0.0, 1.0)],
            "lLipLowerInner": [(1.0, 0.0, 0.0, 0.0), (0.0, 1.0, 0.0, 0.0), (0.0, 0.0, 1.0, 0.0), (0.0, 0.0, 0.0, 1.0)],
            "LipLowerMiddle": [(1.0, 0.0, 0.0, 0.0), (0.0, 1.0, 0.0, 0.0), (0.0, 0.0, 1.0, 0.0), (0.0, 0.0, 0.0, 1.0)],
            "rLipLowerInner": [(1.0, 0.0, 0.0, 0.0), (0.0, 1.0, 0.0, 0.0), (0.0, 0.0, 1.0, 0.0), (0.0, 0.0, 0.0, 1.0)],
            "rLipLowerOuter": [(1.0, 0.0, 0.0, 0.0), (0.0, 1.0, 0.0, 0.0), (0.0, 0.0, 1.0, 0.0), (0.0, 0.0, 0.0, 1.0)],
            "rLipCorner": [(1.0, 0.0, 0.0, 0.0), (0.0, 1.0, 0.0, 0.0), (0.0, 0.0, 1.0, 0.0), (0.0, 0.0, 0.0, 1.0)],
            "LipBelow": [(1.0, 0.0, 0.0, 0.0), (0.0, 1.0, 0.0, 0.0), (0.0, 0.0, 1.0, 0.0), (0.0, 0.0, 0.0, 1.0)],
            "Chin": [(1.0, 0.0, 0.0, 0.0), (0.0, 1.0, 0.0, 0.0), (0.0, 0.0, 1.0, 0.0), (0.0, 0.0, 0.0, 1.0)],
            "lCheekLower": [(1.0, 0.0, 0.0, 0.0), (0.0, 1.0, 0.0, 0.0), (0.0, 0.0, 1.0, 0.0), (0.0, 0.0, 0.0, 1.0)],
            "rCheekLower": [(1.0, 0.0, 0.0, 0.0), (0.0, 1.0, 0.0, 0.0), (0.0, 0.0, 1.0, 0.0), (0.0, 0.0, 0.0, 1.0)],
            "BelowJaw": [(1.0, 0.0, 0.0, 0.0), (0.0, 1.0, 0.0, 0.0), (0.0, 0.0, 1.0, 0.0), (0.0, 0.0, 0.0, 1.0)],
            "lJawClench": [(1.0, 0.0, 0.0, 0.0), (0.0, 1.0, 0.0, 0.0), (0.0, 0.0, 1.0, 0.0), (0.0, 0.0, 0.0, 1.0)],
            "rJawClench": [(1.0, 0.0, 0.0, 0.0), (0.0, 1.0, 0.0, 0.0), (0.0, 0.0, 1.0, 0.0), (0.0, 0.0, 0.0, 1.0)],
            "upperFaceRig": [(1.0, 0.0, 0.0, 0.0), (0.0, 1.0, 0.0, 0.0), (0.0, 0.0, 1.0, 0.0), (0.0, 0.0, 0.0, 1.0)],
            "rBrowInner": [(1.0, 0.0, 0.0, 0.0), (0.0, 1.0, 0.0, 0.0), (0.0, 0.0, 1.0, 0.0), (0.0, 0.0, 0.0, 1.0)],
            "rBrowMid": [(1.0, 0.0, 0.0, 0.0), (0.0, 1.0, 0.0, 0.0), (0.0, 0.0, 1.0, 0.0), (0.0, 0.0, 0.0, 1.0)],
            "rBrowOuter": [(1.0, 0.0, 0.0, 0.0), (0.0, 1.0, 0.0, 0.0), (0.0, 0.0, 1.0, 0.0), (0.0, 0.0, 0.0, 1.0)],
            "lBrowInner": [(1.0, 0.0, 0.0, 0.0), (0.0, 1.0, 0.0, 0.0), (0.0, 0.0, 1.0, 0.0), (0.0, 0.0, 0.0, 1.0)],
            "lBrowMid": [(1.0, 0.0, 0.0, 0.0), (0.0, 1.0, 0.0, 0.0), (0.0, 0.0, 1.0, 0.0), (0.0, 0.0, 0.0, 1.0)],
            "lBrowOuter": [(1.0, 0.0, 0.0, 0.0), (0.0, 1.0, 0.0, 0.0), (0.0, 0.0, 1.0, 0.0), (0.0, 0.0, 0.0, 1.0)],
            "CenterBrow": [(1.0, 0.0, 0.0, 0.0), (0.0, 1.0, 0.0, 0.0), (0.0, 0.0, 1.0, 0.0), (0.0, 0.0, 0.0, 1.0)],
            "MidNoseBridge": [(1.0, 0.0, 0.0, 0.0), (0.0, 1.0, 0.0, 0.0), (0.0, 0.0, 1.0, 0.0), (0.0, 0.0, 0.0, 1.0)],
            "lEyelidInner": [(1.0, 0.0, 0.0, 0.0), (0.0, 1.0, 0.0, 0.0), (0.0, 0.0, 1.0, 0.0), (0.0, 0.0, 0.0, 1.0)],
            "lEyelidUpperInner": [(1.0, 0.0, 0.0, 0.0), (0.0, 1.0, 0.0, 0.0), (0.0, 0.0, 1.0, 0.0), (0.0, 0.0, 0.0, 1.0)],
            "lEyelidUpper": [(1.0, 0.0, 0.0, 0.0), (0.0, 1.0, 0.0, 0.0), (0.0, 0.0, 1.0, 0.0), (0.0, 0.0, 0.0, 1.0)],
            "lEyelidUpperOuter": [(1.0, 0.0, 0.0, 0.0), (0.0, 1.0, 0.0, 0.0), (0.0, 0.0, 1.0, 0.0), (0.0, 0.0, 0.0, 1.0)],
            "lEyelidOuter": [(1.0, 0.0, 0.0, 0.0), (0.0, 1.0, 0.0, 0.0), (0.0, 0.0, 1.0, 0.0), (0.0, 0.0, 0.0, 1.0)],
            "lEyelidLowerOuter": [(1.0, 0.0, 0.0, 0.0), (0.0, 1.0, 0.0, 0.0), (0.0, 0.0, 1.0, 0.0), (0.0, 0.0, 0.0, 1.0)],
            "lEyelidLower": [(1.0, 0.0, 0.0, 0.0), (0.0, 1.0, 0.0, 0.0), (0.0, 0.0, 1.0, 0.0), (0.0, 0.0, 0.0, 1.0)],
            "lEyelidLowerInner": [(1.0, 0.0, 0.0, 0.0), (0.0, 1.0, 0.0, 0.0), (0.0, 0.0, 1.0, 0.0), (0.0, 0.0, 0.0, 1.0)],
            "rEyelidInner": [(1.0, 0.0, 0.0, 0.0), (0.0, 1.0, 0.0, 0.0), (0.0, 0.0, 1.0, 0.0), (0.0, 0.0, 0.0, 1.0)],
            "rEyelidUpperInner": [(1.0, 0.0, 0.0, 0.0), (0.0, 1.0, 0.0, 0.0), (0.0, 0.0, 1.0, 0.0), (0.0, 0.0, 0.0, 1.0)],
            "rEyelidUpper": [(1.0, 0.0, 0.0, 0.0), (0.0, 1.0, 0.0, 0.0), (0.0, 0.0, 1.0, 0.0), (0.0, 0.0, 0.0, 1.0)],
            "rEyelidUpperOuter": [(1.0, 0.0, 0.0, 0.0), (0.0, 1.0, 0.0, 0.0), (0.0, 0.0, 1.0, 0.0), (0.0, 0.0, 0.0, 1.0)],
            "rEyelidOuter": [(1.0, 0.0, 0.0, 0.0), (0.0, 1.0, 0.0, 0.0), (0.0, 0.0, 1.0, 0.0), (0.0, 0.0, 0.0, 1.0)],
            "rEyelidLowerOuter": [(1.0, 0.0, 0.0, 0.0), (0.0, 1.0, 0.0, 0.0), (0.0, 0.0, 1.0, 0.0), (0.0, 0.0, 0.0, 1.0)],
            "rEyelidLower": [(1.0, 0.0, 0.0, 0.0), (0.0, 1.0, 0.0, 0.0), (0.0, 0.0, 1.0, 0.0), (0.0, 0.0, 0.0, 1.0)],
            "rEyelidLowerInner": [(1.0, 0.0, 0.0, 0.0), (0.0, 1.0, 0.0, 0.0), (0.0, 0.0, 1.0, 0.0), (0.0, 0.0, 0.0, 1.0)],
            "lSquintInner": [(1.0, 0.0, 0.0, 0.0), (0.0, 1.0, 0.0, 0.0), (0.0, 0.0, 1.0, 0.0), (0.0, 0.0, 0.0, 1.0)],
            "lSquintOuter": [(1.0, 0.0, 0.0, 0.0), (0.0, 1.0, 0.0, 0.0), (0.0, 0.0, 1.0, 0.0), (0.0, 0.0, 0.0, 1.0)],
            "rSquintInner": [(1.0, 0.0, 0.0, 0.0), (0.0, 1.0, 0.0, 0.0), (0.0, 0.0, 1.0, 0.0), (0.0, 0.0, 0.0, 1.0)],
            "rSquintOuter": [(1.0, 0.0, 0.0, 0.0), (0.0, 1.0, 0.0, 0.0), (0.0, 0.0, 1.0, 0.0), (0.0, 0.0, 0.0, 1.0)],
            "lCheekUpper": [(1.0, 0.0, 0.0, 0.0), (0.0, 1.0, 0.0, 0.0), (0.0, 0.0, 1.0, 0.0), (0.0, 0.0, 0.0, 1.0)],
            "rCheekUpper": [(1.0, 0.0, 0.0, 0.0), (0.0, 1.0, 0.0, 0.0), (0.0, 0.0, 1.0, 0.0), (0.0, 0.0, 0.0, 1.0)],
            "Nose": [(1.0, 0.0, 0.0, 0.0), (0.0, 1.0, 0.0, 0.0), (0.0, 0.0, 1.0, 0.0), (0.0, 0.0, 0.0, 1.0)],
            "lNostril": [(1.0, 0.0, 0.0, 0.0), (0.0, 1.0, 0.0, 0.0), (0.0, 0.0, 1.0, 0.0), (0.0, 0.0, 0.0, 1.0)],
            "rNostril": [(1.0, 0.0, 0.0, 0.0), (0.0, 1.0, 0.0, 0.0), (0.0, 0.0, 1.0, 0.0), (0.0, 0.0, 0.0, 1.0)],
            "lLipBelowNose": [(1.0, 0.0, 0.0, 0.0), (0.0, 1.0, 0.0, 0.0), (0.0, 0.0, 1.0, 0.0), (0.0, 0.0, 0.0, 1.0)],
            "rLipBelowNose": [(1.0, 0.0, 0.0, 0.0), (0.0, 1.0, 0.0, 0.0), (0.0, 0.0, 1.0, 0.0), (0.0, 0.0, 0.0, 1.0)],
            "lLipNasolabialCrease": [(1.0, 0.0, 0.0, 0.0), (0.0, 1.0, 0.0, 0.0), (0.0, 0.0, 1.0, 0.0), (0.0, 0.0, 0.0, 1.0)],
            "rLipNasolabialCrease": [(1.0, 0.0, 0.0, 0.0), (0.0, 1.0, 0.0, 0.0), (0.0, 0.0, 1.0, 0.0), (0.0, 0.0, 0.0, 1.0)],
            "lNasolabialUpper": [(1.0, 0.0, 0.0, 0.0), (0.0, 1.0, 0.0, 0.0), (0.0, 0.0, 1.0, 0.0), (0.0, 0.0, 0.0, 1.0)],
            "rNasolabialUpper": [(1.0, 0.0, 0.0, 0.0), (0.0, 1.0, 0.0, 0.0), (0.0, 0.0, 1.0, 0.0), (0.0, 0.0, 0.0, 1.0)],
            "lNasolabialMiddle": [(1.0, 0.0, 0.0, 0.0), (0.0, 1.0, 0.0, 0.0), (0.0, 0.0, 1.0, 0.0), (0.0, 0.0, 0.0, 1.0)],
            "rNasolabialMiddle": [(1.0, 0.0, 0.0, 0.0), (0.0, 1.0, 0.0, 0.0), (0.0, 0.0, 1.0, 0.0), (0.0, 0.0, 0.0, 1.0)],
            "LipUpperMiddle": [(1.0, 0.0, 0.0, 0.0), (0.0, 1.0, 0.0, 0.0), (0.0, 0.0, 1.0, 0.0), (0.0, 0.0, 0.0, 1.0)],
            "lLipUpperOuter": [(1.0, 0.0, 0.0, 0.0), (0.0, 1.0, 0.0, 0.0), (0.0, 0.0, 1.0, 0.0), (0.0, 0.0, 0.0, 1.0)],
            "lLipUpperInner": [(1.0, 0.0, 0.0, 0.0), (0.0, 1.0, 0.0, 0.0), (0.0, 0.0, 1.0, 0.0), (0.0, 0.0, 0.0, 1.0)],
            "rLipUpperInner": [(1.0, 0.0, 0.0, 0.0), (0.0, 1.0, 0.0, 0.0), (0.0, 0.0, 1.0, 0.0), (0.0, 0.0, 0.0, 1.0)],
            "rLipUpperOuter": [(1.0, 0.0, 0.0, 0.0), (0.0, 1.0, 0.0, 0.0), (0.0, 0.0, 1.0, 0.0), (0.0, 0.0, 0.0, 1.0)],
            "lEye": [(1.0, 0.0, 0.0, 0.0), (0.0, 1.0, 0.0, 0.0), (0.0, 0.0, 1.0, 0.0), (0.0, 0.0, 0.0, 1.0)],
            "rEye": [(1.0, 0.0, 0.0, 0.0), (0.0, 1.0, 0.0, 0.0), (0.0, 0.0, 1.0, 0.0), (0.0, 0.0, 0.0, 1.0)],
            "lEar": [(1.0, 0.0, 0.0, 0.0), (0.0, 1.0, 0.0, 0.0), (0.0, 0.0, 1.0, 0.0), (0.0, 0.0, 0.0, 1.0)],
            "rEar": [(1.0, 0.0, 0.0, 0.0), (0.0, 1.0, 0.0, 0.0), (0.0, 0.0, 1.0, 0.0), (0.0, 0.0, 0.0, 1.0)],
            "lPectoral": [(1.0, 0.0, 0.0, 0.0), (0.0, 1.0, 0.0, 0.0), (0.0, 0.0, 1.0, 0.0), (0.0, 0.0, 0.0, 1.0)],
            "rPectoral": [(1.0, 0.0, 0.0, 0.0), (0.0, 1.0, 0.0, 0.0), (0.0, 0.0, 1.0, 0.0), (0.0, 0.0, 0.0, 1.0)],
            "Genesis8FemaleEyelashes": [(1.0, 0.0, 0.0, 0.0), (0.0, 1.0, 0.0, 0.0), (0.0, 0.0, 1.0, 0.0), (0.0, 0.0, 0.0, 1.0)],
            "hip.001": [(1.0, 0.0, 0.0, 0.0), (0.0, 1.0, 0.0, 0.0), (0.0, 0.0, 1.0, 0.0), (0.0, 0.0, 0.0, 1.0)],
            "pelvis.001": [(1.0, 0.0, 0.0, 0.0), (0.0, 1.0, 0.0, 0.0), (0.0, 0.0, 1.0, 0.0), (0.0, 0.0, 0.0, 1.0)],
            "abdomenLower.001": [(1.0, 0.0, 0.0, 0.0), (0.0, 1.0, 0.0, 0.0), (0.0, 0.0, 1.0, 0.0), (0.0, 0.0, 0.0, 1.0)],
            "abdomenUpper.001": [(1.0, 0.0, 0.0, 0.0), (0.0, 1.0, 0.0, 0.0), (0.0, 0.0, 1.0, 0.0), (0.0, 0.0, 0.0, 1.0)],
            "chestLower.001": [(1.0, 0.0, 0.0, 0.0), (0.0, 1.0, 0.0, 0.0), (0.0, 0.0, 1.0, 0.0), (0.0, 0.0, 0.0, 1.0)],
            "chestUpper.001": [(1.0, 0.0, 0.0, 0.0), (0.0, 1.0, 0.0, 0.0), (0.0, 0.0, 1.0, 0.0), (0.0, 0.0, 0.0, 1.0)],
            "lCollar.001": [(1.0, -1.4551915228366852e-11, 1.4551915228366852e-11, -2.384185791015625e-07), (1.4551915228366852e-11, 1.0, -1.1641532182693481e-10, 6.291083991527557e-07), (-1.4551915228366852e-11, 1.1641532182693481e-10, 1.0, 7.450580596923828e-09), (0.0, 0.0, 0.0, 1.0)],
            "rCollar.001": [(1.0, 1.4551915228366852e-11, -1.4551915228366852e-11, 2.384185791015625e-07), (-1.4551915228366852e-11, 1.0, -1.1641532182693481e-10, 6.291083991527557e-07), (1.4551915228366852e-11, 1.1641532182693481e-10, 1.0, 7.450580596923828e-09), (0.0, 0.0, 0.0, 1.0)],
            "neckLower.001": [(1.0, 0.0, 0.0, 0.0), (0.0, 0.9564067125320435, -0.29203781485557556, 0.0), (0.0, 0.29203781485557556, 0.9564067125320435, 0.0), (0.0, 0.0, 0.0, 1.0)],
            "neckUpper.001": [(1.0, 0.0, 0.0, 0.0), (0.0, 0.9564067125320435, -0.29203781485557556, 0.0), (0.0, 0.29203781485557556, 0.9564067125320435, 0.0), (0.0, 0.0, 0.0, 1.0)],
            "head.001": [(1.0, 0.0, 0.0, 0.0), (0.0, 0.9997037649154663, -0.024330750107765198, 0.0), (0.0, 0.024330750107765198, 0.9997037649154663, 0.0), (0.0, 0.0, 0.0, 1.0)],
            "upperTeeth.001": [(1.0, 1.3552527156068805e-20, 1.4551915228366852e-11, -3.5652192309498787e-10), (1.3552527156068805e-20, 1.0, -1.862645149230957e-09, -1.9604340195655823e-07), (-1.4551915228366852e-11, 1.862645149230957e-09, 1.0, 2.2351741790771484e-08), (0.0, 0.0, 0.0, 1.0)],
            "lowerJaw.001": [(1.0, 0.0, 0.0, 0.0), (0.0, 1.0, 0.0, -2.9802322387695312e-08), (0.0, 0.0, 1.0, -1.1920928955078125e-07), (0.0, 0.0, 0.0, 1.0)],
            "upperFaceRig.001": [(1.0, 0.0, 0.0, 0.0), (0.0, 0.9997037649154663, -0.02433074451982975, 0.0), (0.0, 0.02433074451982975, 0.9997037649154663, 0.0), (0.0, 0.0, 0.0, 1.0)],
            "rBrowInner.001": [(1.0, 0.0, 0.0, 0.0), (0.0, 1.0, 0.0, 0.0), (0.0, 0.0, 1.0, 0.0), (0.0, 0.0, 0.0, 1.0)],
            "rBrowMid.001": [(1.0, 0.0, 0.0, 0.0), (0.0, 1.0, 0.0, 0.0), (0.0, 0.0, 1.0, 0.0), (0.0, 0.0, 0.0, 1.0)],
            "rBrowOuter.001": [(1.0, 0.0, 0.0, 0.0), (0.0, 1.0, 0.0, 0.0), (0.0, 0.0, 1.0, 0.0), (0.0, 0.0, 0.0, 1.0)],
            "lBrowInner.001": [(1.0, 0.0, 0.0, 0.0), (0.0, 1.0, 0.0, 0.0), (0.0, 0.0, 1.0, 0.0), (0.0, 0.0, 0.0, 1.0)],
            "lBrowMid.001": [(1.0, 0.0, 0.0, 0.0), (0.0, 1.0, 0.0, 0.0), (0.0, 0.0, 1.0, 0.0), (0.0, 0.0, 0.0, 1.0)],
            "lBrowOuter.001": [(1.0, 0.0, 0.0, 0.0), (0.0, 1.0, 0.0, 0.0), (0.0, 0.0, 1.0, 0.0), (0.0, 0.0, 0.0, 1.0)],
            "CenterBrow.001": [(1.0, 0.0, 0.0, 0.0), (0.0, 1.0, 0.0, 0.0), (0.0, 0.0, 1.0, 0.0), (0.0, 0.0, 0.0, 1.0)],
            "MidNoseBridge.001": [(1.0, 0.0, 0.0, 0.0), (0.0, 1.0, 0.0, 0.0), (0.0, 0.0, 1.0, 0.0), (0.0, 0.0, 0.0, 1.0)],
            "lEyelidInner.001": [(0.9999998807907104, 1.2146890379660397e-14, 2.032748227520642e-07, 0.0), (3.3761297556710815e-15, 0.9999998807907104, -7.636470655825178e-08, 0.0), (-2.0327479433035478e-07, 7.636469945282442e-08, 1.0, 0.0), (0.0, 0.0, 0.0, 1.0)],
            "lEyelidUpperInner.001": [(0.9989548921585083, -0.044533275067806244, -0.010284683667123318, 0.0), (0.044533275067806244, 0.897739052772522, 0.4382709860801697, 0.0), (-0.01028467807918787, -0.4382709860801697, 0.8987840414047241, 0.0), (0.0, 0.0, 0.0, 1.0)],
            "lEyelidUpper.001": [(1.0, 0.0, 0.0, 0.0), (0.0, 0.8970369696617126, 0.44195556640625, 0.0), (0.0, -0.44195556640625, 0.8970369696617126, 0.0), (0.0, 0.0, 0.0, 1.0)],
            "lEyelidUpperOuter.001": [(0.9987694025039673, 0.048371586948633194, 0.010950693860650063, 0.0), (-0.04837159067392349, 0.901324450969696, 0.4304350018501282, 0.0), (0.010950693860650063, -0.4304350018501282, 0.9025551080703735, 0.0), (0.0, 0.0, 0.0, 1.0)],
            "lEyelidOuter.001": [(1.0, -4.763435045035012e-15, 1.508370246483537e-07, 0.0), (-8.871259812631618e-15, 1.0, 9.039355575168884e-08, 0.0), (-1.508370246483537e-07, -9.039355575168884e-08, 1.0, 0.0), (0.0, 0.0, 0.0, 1.0)],
            "lEyelidLowerOuter.001": [(0.9998357892036438, -0.0032677603885531425, -0.017814621329307556, 0.0), (0.0032597784884274006, 0.9999945759773254, -0.0004770354426000267, 0.0), (0.017816079780459404, 0.00041888546547852457, 0.9998412132263184, 0.0), (0.0, 0.0, 0.0, 1.0)],
            "lEyelidLower.001": [(1.0, 3.017231264834663e-08, 1.67199615930258e-07, 0.0), (-3.017231264834663e-08, 1.0, -3.3550667991299457e-15, 0.0), (-1.67199615930258e-07, -1.6897322621922109e-15, 1.0, 0.0), (0.0, 0.0, 0.0, 1.0)],
            "lEyelidLowerInner.001": [(0.9998588562011719, 0.0029788895044475794, 0.016531305387616158, 0.0), (-0.0029724068008363247, 0.9999953508377075, -0.0004167286097072065, 0.0), (-0.016532469540834427, 0.0003675319894682616, 0.9998632669448853, 0.0), (0.0, 0.0, 0.0, 1.0)],
            "rEyelidInner.001": [(0.9999998807907104, -1.6404322765082267e-14, -2.1915229808655567e-07, 0.0), (-1.6383567493259222e-15, 0.9999999403953552, -8.232942150243616e-08, 0.0), (2.1915226966484624e-07, 8.23294143970088e-08, 1.0, 0.0), (0.0, 0.0, 0.0, 1.0)],
            "rEyelidUpperInner.001": [(0.9989548921585083, 0.044533275067806244, 0.010284683667123318, 0.0), (-0.044533275067806244, 0.897739052772522, 0.4382709860801697, 0.0), (0.01028467807918787, -0.4382709860801697, 0.8987840414047241, 0.0), (0.0, 0.0, 0.0, 1.0)],
            "rEyelidUpper.001": [(1.0, 0.0, 0.0, 0.0), (0.0, 0.8970369696617126, 0.44195556640625, 0.0), (0.0, -0.44195556640625, 0.8970369696617126, 0.0), (0.0, 0.0, 0.0, 1.0)],
            "rEyelidUpperOuter.001": [(0.9987694025039673, -0.048371586948633194, -0.010950693860650063, 0.0), (0.04837159067392349, 0.901324450969696, 0.4304350018501282, 0.0), (-0.010950693860650063, -0.4304350018501282, 0.9025551080703735, 0.0), (0.0, 0.0, 0.0, 1.0)],
            "rEyelidOuter.001": [(1.0, 1.9182451918673023e-14, -2.1652219572843023e-07, 0.0), (8.912888940890325e-15, 1.0, 1.2975732488484937e-07, 0.0), (2.1652219572843023e-07, -1.2975732488484937e-07, 1.0, 0.0), (0.0, 0.0, 0.0, 1.0)],
            "rEyelidLowerOuter.001": [(0.9998357892036438, 0.003267761319875717, 0.01781461387872696, 0.0), (-0.003259779419749975, 0.9999945759773254, -0.00047703515156172216, 0.0), (-0.017816072329878807, 0.00041888517444022, 0.9998412132263184, 0.0), (0.0, 0.0, 0.0, 1.0)],
            "rEyelidLower.001": [(1.0, -3.0115110405404266e-08, -1.668826286049807e-07, 0.0), (3.0115110405404266e-08, 1.0, -3.234489329747691e-15, 0.0), (1.668826286049807e-07, -1.7911993977349876e-15, 1.0, 0.0), (0.0, 0.0, 0.0, 1.0)],
            "rEyelidLowerInner.001": [(0.9998588562011719, -0.0029788895044475794, -0.016531305387616158, 0.0), (0.0029724068008363247, 0.9999953508377075, -0.0004167286097072065, 0.0), (0.016532469540834427, 0.0003675319894682616, 0.9998632669448853, 0.0), (0.0, 0.0, 0.0, 1.0)],
            "lSquintInner.001": [(1.0, 0.0, 0.0, 0.0), (0.0, 1.0, 0.0, 0.0), (0.0, 0.0, 1.0, 0.0), (0.0, 0.0, 0.0, 1.0)],
            "lSquintOuter.001": [(1.0, 0.0, 0.0, 0.0), (0.0, 1.0, 0.0, 0.0), (0.0, 0.0, 1.0, 0.0), (0.0, 0.0, 0.0, 1.0)],
            "rSquintInner.001": [(1.0, 0.0, 0.0, 0.0), (0.0, 1.0, 0.0, 0.0), (0.0, 0.0, 1.0, 0.0), (0.0, 0.0, 0.0, 1.0)],
            "rSquintOuter.001": [(1.0, 0.0, 0.0, 0.0), (0.0, 1.0, 0.0, 0.0), (0.0, 0.0, 1.0, 0.0), (0.0, 0.0, 0.0, 1.0)],
            "lCheekUpper.001": [(1.0, 0.0, 0.0, 0.0), (0.0, 1.0, 0.0, 0.0), (0.0, 0.0, 1.0, 0.0), (0.0, 0.0, 0.0, 1.0)],
            "rCheekUpper.001": [(1.0, 0.0, 0.0, 0.0), (0.0, 1.0, 0.0, 0.0), (0.0, 0.0, 1.0, 0.0), (0.0, 0.0, 0.0, 1.0)],
            "Nose.001": [(1.0, 0.0, 0.0, 0.0), (0.0, 1.0, 0.0, 0.0), (0.0, 0.0, 1.0, 0.0), (0.0, 0.0, 0.0, 1.0)],
            "lNostril.001": [(1.0, 0.0, 0.0, 0.0), (0.0, 1.0, 0.0, 0.0), (0.0, 0.0, 1.0, 0.0), (0.0, 0.0, 0.0, 1.0)],
            "rNostril.001": [(1.0, 0.0, 0.0, 0.0), (0.0, 1.0, 0.0, 0.0), (0.0, 0.0, 1.0, 0.0), (0.0, 0.0, 0.0, 1.0)],
            "lLipBelowNose.001": [(1.0, 0.0, 0.0, 0.0), (0.0, 1.0, 0.0, 0.0), (0.0, 0.0, 1.0, 0.0), (0.0, 0.0, 0.0, 1.0)],
            "rLipBelowNose.001": [(1.0, 0.0, 0.0, 0.0), (0.0, 1.0, 0.0, 0.0), (0.0, 0.0, 1.0, 0.0), (0.0, 0.0, 0.0, 1.0)],
            "lLipNasolabialCrease.001": [(1.0, 0.0, 0.0, 0.0), (0.0, 1.0, 0.0, 0.0), (0.0, 0.0, 1.0, 0.0), (0.0, 0.0, 0.0, 1.0)],
            "rLipNasolabialCrease.001": [(1.0, 0.0, 0.0, 0.0), (0.0, 1.0, 0.0, 0.0), (0.0, 0.0, 1.0, 0.0), (0.0, 0.0, 0.0, 1.0)],
            "lNasolabialUpper.001": [(1.0, 0.0, 0.0, 0.0), (0.0, 1.0, 0.0, 0.0), (0.0, 0.0, 1.0, 0.0), (0.0, 0.0, 0.0, 1.0)],
            "rNasolabialUpper.001": [(1.0, 0.0, 0.0, 0.0), (0.0, 1.0, 0.0, 0.0), (0.0, 0.0, 1.0, 0.0), (0.0, 0.0, 0.0, 1.0)],
            "lNasolabialMiddle.001": [(1.0, 0.0, 0.0, 0.0), (0.0, 1.0, 0.0, 0.0), (0.0, 0.0, 1.0, 0.0), (0.0, 0.0, 0.0, 1.0)],
            "rNasolabialMiddle.001": [(1.0, 0.0, 0.0, 0.0), (0.0, 1.0, 0.0, 0.0), (0.0, 0.0, 1.0, 0.0), (0.0, 0.0, 0.0, 1.0)],
            "lEye.001": [(1.0, 0.0, 0.0, 1.073753992386628e-07), (0.0, 1.0, 0.0, 0.0), (0.0, 0.0, 1.0, 9.855017424342805e-08), (0.0, 0.0, 0.0, 1.0)],
            "rEye.001": [(1.0, 0.0, 0.0, -1.073753992386628e-07), (0.0, 1.0, 0.0, 0.0), (0.0, 0.0, 1.0, 9.855017424342805e-08), (0.0, 0.0, 0.0, 1.0)],
            "lEar.001": [(1.0, -3.003515303134918e-08, 1.862645149230957e-09, 1.043081283569336e-07), (3.003515303134918e-08, 1.0, 9.313225746154785e-10, -6.109476089477539e-07), (-1.862645149230957e-09, -9.313225191043273e-10, 1.0, 1.4901161193847656e-07), (0.0, 0.0, 0.0, 1.0)],
            "rEar.001": [(1.0, 3.003515303134918e-08, -1.862645149230957e-09, -1.043081283569336e-07), (-3.003515303134918e-08, 1.0, 9.313225746154785e-10, -6.109476089477539e-07), (1.862645149230957e-09, -9.313225191043273e-10, 1.0, 1.4901161193847656e-07), (0.0, 0.0, 0.0, 1.0)],
            "lPectoral.001": [(1.0000001192092896, 3.725290298461914e-09, -1.4901159417490817e-08, 7.152557373046875e-07), (-3.725290298461914e-09, 1.0000001192092896, -9.313223969797946e-09, 7.450580596923828e-08), (1.4901161193847656e-08, 9.313224857976365e-09, 1.0, -1.1920928955078125e-07), (0.0, 0.0, 0.0, 1.0)],
            "rPectoral.001": [(1.0, 5.587935447692871e-09, 1.0408340855860843e-17, -7.152557373046875e-07), (-5.587935447692871e-09, 1.0, 3.725290298461914e-09, -3.427267074584961e-07), (1.0408340855860843e-17, -3.725290298461914e-09, 1.0, -2.384185791015625e-07), (0.0, 0.0, 0.0, 1.0)],
            },
        },
    "Daz 8 BVH T-Pose": {
        "pose_matrix": {
            "hip": [(1.0, 0.0, 0.0, 0.0), (0.0, 1.0, 0.0, 0.0), (0.0, 0.0, 1.0, 0.0), (0.0, 0.0, 0.0, 1.0)],
            "pelvis": [(1.0, 0.0, 0.0, 0.0), (0.0, 0.9999999403953552, 0.0, -7.62939453125e-06), (0.0, 0.0, 0.9999999403953552, 0.0), (0.0, 0.0, 0.0, 1.0)],
            "lThighBend": [(0.9890265464782715, 0.14759062230587006, 0.006585420109331608, 1.9073486328125e-06), (-0.14773733913898468, 0.9879916310310364, 0.04523716866970062, 0.0), (0.00017024041153490543, -0.04571368545293808, 0.9989545345306396, -1.430511474609375e-06), (0.0, 0.0, 0.0, 1.0)],
            "lThighTwist": [(1.0000001192092896, 7.4505792646561986e-09, -2.8870999813079834e-08, -4.76837158203125e-07), (-7.450580596923828e-09, 0.9999999403953552, -7.450580596923828e-09, 1.52587890625e-05), (2.8870999813079834e-08, 7.4505792646561986e-09, 1.0000001192092896, 1.9073486328125e-06), (0.0, 0.0, 0.0, 1.0)],
            "lShin": [(0.9999998807907104, -3.725290742551124e-09, 2.9802322387695312e-08, -9.5367431640625e-07), (3.725290298461914e-09, 1.0, 3.725290298461914e-09, -7.62939453125e-06), (-2.9802322387695312e-08, -3.725290742551124e-09, 0.9999999403953552, 3.5762786865234375e-07), (0.0, 0.0, 0.0, 1.0)],
            "lFoot": [(1.0, 0.0, 0.0, 0.0), (0.0, 1.0, -2.9802322387695312e-08, 1.6689300537109375e-06), (0.0, 2.980232594040899e-08, 0.9999999403953552, 9.5367431640625e-07), (0.0, 0.0, 0.0, 1.0)],
            "lMetatarsals": [(1.0, 2.9802320611338473e-08, -2.9802322387695312e-08, 0.0), (-2.9802322387695312e-08, 0.9999999403953552, 2.9802322387695312e-08, 0.0), (2.9802322387695312e-08, -2.9802320611338473e-08, 1.0, 0.0), (0.0, 0.0, 0.0, 1.0)],
            "lToe": [(1.0, 2.980233304583635e-08, 5.960464477539063e-08, 1.430511474609375e-06), (-2.9802322387695312e-08, 1.0000001192092896, -1.1920928955078125e-07, 1.9073486328125e-06), (-5.9604641222676946e-08, 1.1920928955078125e-07, 1.0000001192092896, 2.1457672119140625e-06), (0.0, 0.0, 0.0, 1.0)],
            "lSmallToe4": [(0.9999998211860657, -4.470348002882929e-08, -2.9802322387695312e-08, -9.5367431640625e-07), (4.470348713425665e-08, 0.9999998211860657, 1.788139485370266e-07, -9.5367431640625e-07), (2.9802313505911115e-08, -1.7881393432617188e-07, 0.9999999403953552, 2.86102294921875e-06), (0.0, 0.0, 0.0, 1.0)],
            "lSmallToe4_2": [(1.0000001192092896, -4.470347292340193e-08, -5.960464477539063e-08, -9.5367431640625e-07), (4.470348002882929e-08, 0.9999999403953552, -7.450580596923828e-09, -9.5367431640625e-07), (5.960464477539063e-08, 7.4505766001209395e-09, 1.0000001192092896, 0.0), (0.0, 0.0, 0.0, 1.0)],
            "lSmallToe3": [(1.0, -5.960463766996327e-08, 0.0, -1.430511474609375e-06), (5.960464477539063e-08, 0.9999998807907104, 1.7881393432617188e-07, -9.5367431640625e-07), (-1.0658141036401503e-14, -1.7881390590446244e-07, 1.0, 9.5367431640625e-07), (0.0, 0.0, 0.0, 1.0)],
            "lSmallToe3_2": [(0.9999999403953552, 2.2351745343485163e-08, 2.9802322387695312e-08, -2.86102294921875e-06), (-2.2351743567128324e-08, 1.0, 0.0, 4.76837158203125e-07), (-2.9802320611338473e-08, -6.661339206542123e-16, 1.0, -9.5367431640625e-07), (0.0, 0.0, 0.0, 1.0)],
            "lSmallToe2": [(0.9999997615814209, -5.960464477539063e-08, -2.9802322387695312e-08, -2.384185791015625e-06), (5.960464477539063e-08, 0.9999997615814209, 1.1920928955078125e-07, -1.9073486328125e-06), (2.9802308176840597e-08, -1.1920926112907182e-07, 1.0, 9.5367431640625e-07), (0.0, 0.0, 0.0, 1.0)],
            "lSmallToe2_2": [(1.0000001192092896, -8.94069742685133e-08, -2.9802322387695312e-08, 0.0), (8.940696005765858e-08, 1.000000238418579, 0.0, 0.0), (2.980232594040899e-08, -2.6645354708586125e-15, 1.0, -9.5367431640625e-07), (0.0, 0.0, 0.0, 1.0)],
            "lSmallToe1": [(0.9999998807907104, -1.4901161193847656e-08, -2.6469779601696886e-23, -1.1920928955078125e-06), (1.4901161193847656e-08, 0.9999998807907104, 8.940696716308594e-08, -2.86102294921875e-06), (-1.3322675236710694e-15, -8.940695295223122e-08, 1.0, 1.9073486328125e-06), (0.0, 0.0, 0.0, 1.0)],
            "lSmallToe1_2": [(0.9999998807907104, -2.9802320611338473e-08, -2.9802322387695312e-08, 0.0), (2.9802322387695312e-08, 0.9999998211860657, 3.725290298461914e-08, 9.5367431640625e-07), (2.9802322387695312e-08, -3.725289943190546e-08, 0.9999999403953552, 0.0), (0.0, 0.0, 0.0, 1.0)],
            "lBigToe": [(0.9999998807907104, -1.4901160305669237e-08, -2.9802322387695312e-08, -1.5497207641601562e-06), (1.4901161193847656e-08, 1.0, 5.960464477539063e-08, -1.9073486328125e-06), (2.9802318834981634e-08, -5.960464477539063e-08, 1.0, 2.384185791015625e-06), (0.0, 0.0, 0.0, 1.0)],
            "lBigToe_2": [(0.9999999403953552, 5.960464477539063e-08, 4.470348713425665e-08, 4.76837158203125e-07), (-5.960464477539063e-08, 0.9999999403953552, 2.9802322387695312e-08, -9.5367431640625e-07), (-4.4703490686970326e-08, -2.980232594040899e-08, 0.9999998211860657, -9.5367431640625e-07), (0.0, 0.0, 0.0, 1.0)],
            "rThighBend": [(0.9884114861488342, -0.15164262056350708, -0.006862816400825977, -1.9073486328125e-06), (0.1517975628376007, 0.9873185753822327, 0.046472951769828796, 0.0), (-0.0002714920847211033, -0.04697617143392563, 0.9988959431648254, -1.430511474609375e-06), (0.0, 0.0, 0.0, 1.0)],
            "rThighTwist": [(1.0000001192092896, 2.7582103268031233e-16, -7.404014468193054e-08, 1.430511474609375e-06), (0.0, 1.0, 3.725290298461914e-09, 7.62939453125e-06), (7.40401517873579e-08, -3.725290298461914e-09, 1.0, 2.2649765014648438e-06), (0.0, 0.0, 0.0, 1.0)],
            "rShin": [(0.9999999403953552, 3.725290742551124e-09, 3.213062882423401e-08, 0.0), (-3.725290298461914e-09, 1.0, -7.450580596923828e-09, -3.814697265625e-06), (-3.213062171880665e-08, 7.4505797087454084e-09, 1.0000001192092896, -2.384185791015625e-07), (0.0, 0.0, 0.0, 1.0)],
            "rFoot": [(0.9999999403953552, 5.960465188081798e-08, 1.2621773731219804e-29, 7.152557373046875e-07), (-5.960464477539063e-08, 1.0, 2.9802322387695312e-08, -1.996755599975586e-06), (1.7763570511584873e-15, -2.980232594040899e-08, 0.9999999403953552, 3.814697265625e-06), (0.0, 0.0, 0.0, 1.0)],
            "rMetatarsals": [(1.0, -1.4901155864777138e-08, -5.960464477539063e-08, 9.5367431640625e-07), (1.4901161193847656e-08, 1.0, 8.940696716308594e-08, -4.76837158203125e-07), (5.960464477539063e-08, -8.940696716308594e-08, 1.0, -4.76837158203125e-07), (0.0, 0.0, 0.0, 1.0)],
