# Pose library auto-generated by Bento Buddy 

poses = {
    "relaxed hands": {
        "pose_matrix": {
            "root": [(1.0, 0.0, 0.0, 0.0), (0.0, 1.0, 0.0, 0.0), (0.0, 0.0, 1.0, 0.0), (0.0, 0.0, 0.0, 1.0)],
            "spine05": [(1.0, 0.0, 0.0, 0.0), (0.0, 1.0, 0.0, 0.0), (0.0, 0.0, 1.0, 0.0), (0.0, 0.0, 0.0, 1.0)],
            "spine04": [(1.0, 0.0, 0.0, 0.0), (0.0, 1.0, 0.0, 0.0), (0.0, 0.0, 1.0, 0.0), (0.0, 0.0, 0.0, 1.0)],
            "spine03": [(1.0, 0.0, 0.0, 0.0), (0.0, 1.0, 0.0, 0.0), (0.0, 0.0, 1.0, 0.0), (0.0, 0.0, 0.0, 1.0)],
            "spine02": [(1.0, 0.0, 0.0, 0.0), (0.0, 1.0, 0.0, 0.0), (0.0, 0.0, 1.0, 0.0), (0.0, 0.0, 0.0, 1.0)],
            "breast_L": [(1.0, 0.0, 0.0, 0.0), (0.0, 1.0, 0.0, 0.0), (0.0, 0.0, 1.0, 0.0), (0.0, 0.0, 0.0, 1.0)],
            "breast_R": [(1.0, 0.0, 0.0, 0.0), (0.0, 1.0, 0.0, 0.0), (0.0, 0.0, 1.0, 0.0), (0.0, 0.0, 0.0, 1.0)],
            "spine01": [(1.0, 0.0, 0.0, 0.0), (0.0, 1.0, 0.0, 0.0), (0.0, 0.0, 1.0, 0.0), (0.0, 0.0, 0.0, 1.0)],
            "clavicle_L": [(1.0, 0.0, 0.0, 0.0), (0.0, 1.0, 0.0, 0.0), (0.0, 0.0, 1.0, 0.0), (0.0, 0.0, 0.0, 1.0)],
            "shoulder01_L": [(1.0, 0.0, 0.0, 0.0), (0.0, 1.0, 0.0, 0.0), (0.0, 0.0, 1.0, 0.0), (0.0, 0.0, 0.0, 1.0)],
            "upperarm01_L": [(1.0, 0.0, 0.0, 0.0), (0.0, 1.0, 0.0, 0.0), (0.0, 0.0, 1.0, 0.0), (0.0, 0.0, 0.0, 1.0)],
            "upperarm02_L": [(1.0, 0.0, 0.0, 0.0), (0.0, 1.0, 0.0, 0.0), (0.0, 0.0, 1.0, 0.0), (0.0, 0.0, 0.0, 1.0)],
            "lowerarm01_L": [(1.0, 0.0, 0.0, 0.0), (0.0, 1.0, 0.0, 0.0), (0.0, 0.0, 1.0, 0.0), (0.0, 0.0, 0.0, 1.0)],
            "lowerarm02_L": [(1.0, 0.0, 0.0, 0.0), (0.0, 1.0, 0.0, 0.0), (0.0, 0.0, 1.0, 0.0), (0.0, 0.0, 0.0, 1.0)],
            "wrist_L": [(1.0, 0.0, 0.0, 0.0), (0.0, 1.0, 0.0, 0.0), (0.0, 0.0, 1.0, 0.0), (0.0, 0.0, 0.0, 1.0)],
            "finger1-1_L": [(1.0, 0.0, 0.0, 0.0), (0.0, 1.0, 0.0, 0.0), (0.0, 0.0, 1.0, 0.0), (0.0, 0.0, 0.0, 1.0)],
            "finger1-2_L": [(0.9491298198699951, 0.16580380499362946, -0.2676970064640045, 0.0), (0.012021970935165882, 0.8304415941238403, 0.5569759607315063, 0.0), (0.31465545296669006, -0.5318607687950134, 0.7862036228179932, 0.0), (0.0, 0.0, 0.0, 1.0)],
            "finger1-3_L": [(0.9588876962661743, 0.17500047385692596, 0.2234037220478058, 0.0), (-0.13690979778766632, 0.9748269319534302, -0.17597763240337372, 0.0), (-0.24857613444328308, 0.13815663754940033, 0.9587088227272034, 0.0), (0.0, 0.0, 0.0, 1.0)],
            "metacarpal1_L": [(1.0, 0.0, 0.0, -0.0), (0.0, 1.0, 0.0, 0.0), (0.0, 0.0, 1.0, 0.0), (0.0, 0.0, 0.0, 1.0)],
            "finger2-1_L": [(0.9648880362510681, 0.2582947015762329, -0.047696683555841446, 0.0), (-0.25993356108665466, 0.9128873348236084, -0.3147558569908142, 0.0), (-0.037758056074380875, 0.31610211730003357, 0.9479735493659973, 0.0), (0.0, 0.0, 0.0, 1.0)],
            "finger2-2_L": [(0.9835743308067322, 0.18031220138072968, -0.008306475356221199, 0.0), (-0.17844350636005402, 0.9643871784210205, -0.1952313333749771, 0.0), (-0.027191929519176483, 0.19350676238536835, 0.9807220697402954, 0.0), (0.0, 0.0, 0.0, 1.0)],
            "finger2-3_L": [(0.9858511090278625, 0.16644111275672913, -0.01987362839281559, 0.0), (-0.16644111275672913, 0.9579365253448486, -0.2337840497493744, 0.0), (-0.019873598590493202, 0.2337840497493744, 0.9720854163169861, 0.0), (0.0, 0.0, 0.0, 1.0)],
            "metacarpal2_L": [(1.0, 0.0, 0.0, -0.0), (0.0, 1.0, 0.0, 0.0), (0.0, 0.0, 1.0, 0.0), (0.0, 0.0, 0.0, 1.0)],
            "finger3-1_L": [(0.9996522068977356, 0.026364659890532494, 0.0006477810093201697, 0.0), (-0.02575788088142872, 0.981328547000885, -0.19060640037059784, 0.0), (-0.0056609585881233215, 0.1905234158039093, 0.9816663265228271, 0.0), (0.0, 0.0, 0.0, 1.0)],
            "finger3-2_L": [(0.9758714437484741, 0.1941661685705185, -0.09987209737300873, 0.0), (-0.21807578206062317, 0.8894742727279663, -0.4015948474407196, 0.0), (0.010857533663511276, 0.4136846363544464, 0.9103555083274841, 0.0), (0.0, 0.0, 0.0, 1.0)],
            "finger3-3_L": [(0.9986944794654846, 0.051010314375162125, -0.002688333857804537, 0.0), (-0.05102315545082092, 0.9936728477478027, -0.1000543087720871, 0.0), (-0.002432476729154587, 0.1000608578324318, 0.9949783682823181, 0.0), (0.0, 0.0, 0.0, 1.0)],
            "metacarpal3_L": [(1.0, 0.0, 0.0, -0.0), (0.0, 1.0, 0.0, 0.0), (0.0, 0.0, 1.0, 0.0), (0.0, 0.0, 0.0, 1.0)],
            "finger4-1_L": [(0.9996830224990845, 0.02515639364719391, -0.0009965390199795365, 0.0), (-0.025134794414043427, 0.9949926137924194, -0.09673658013343811, 0.0), (-0.0014419939834624529, 0.09673096984624863, 0.9953095316886902, 0.0), (0.0, 0.0, 0.0, 1.0)],
            "finger4-2_L": [(0.9929465055465698, 0.11098308861255646, -0.04171370714902878, 0.0), (-0.11844047904014587, 0.9445154666900635, -0.3063696026802063, 0.0), (0.005397394765168428, 0.30914920568466187, 0.9509982466697693, 0.0), (0.0, 0.0, 0.0, 1.0)],
            "finger4-3_L": [(0.9982714056968689, 0.05841876193881035, -0.006441228091716766, 0.0), (-0.05841875821352005, 0.9742697477340698, -0.21768265962600708, 0.0), (-0.006441257894039154, 0.21768265962600708, 0.9759983420372009, 0.0), (0.0, 0.0, 0.0, 1.0)],
            "metacarpal4_L": [(1.0, 0.0, 0.0, -0.0), (0.0, 1.0, 0.0, 0.0), (0.0, 0.0, 1.0, 0.0), (0.0, 0.0, 0.0, 1.0)],
            "finger5-1_L": [(0.9998123645782471, 0.019314493983983994, 0.0014779346529394388, 0.0), (-0.019171537831425667, 0.9975548982620239, -0.06720660626888275, 0.0), (-0.0027723824605345726, 0.06716566532850266, 0.9977380037307739, 0.0), (0.0, 0.0, 0.0, 1.0)],
            "finger5-2_L": [(0.9991670250892639, 0.04044189304113388, -0.0054482147097587585, 0.0), (-0.04080330207943916, 0.9919783473014832, -0.11964146047830582, 0.0), (0.0005659837042912841, 0.11976411193609238, 0.9928022027015686, 0.0), (0.0, 0.0, 0.0, 1.0)],
            "finger5-3_L": [(0.995984673500061, 0.08863968402147293, -0.012551292777061462, 0.0), (-0.08863966912031174, 0.9567509889602661, -0.27707505226135254, 0.0), (-0.0125513831153512, 0.27707505226135254, 0.9607663154602051, 0.0), (0.0, 0.0, 0.0, 1.0)],
            "clavicle_R": [(1.0, 0.0, 0.0, 0.0), (0.0, 1.0, 0.0, 0.0), (0.0, 0.0, 1.0, 0.0), (0.0, 0.0, 0.0, 1.0)],
            "shoulder01_R": [(1.0, 0.0, 0.0, 0.0), (0.0, 1.0, 0.0, 0.0), (0.0, 0.0, 1.0, 0.0), (0.0, 0.0, 0.0, 1.0)],
            "upperarm01_R": [(1.0, 0.0, 0.0, 0.0), (0.0, 1.0, 0.0, 0.0), (0.0, 0.0, 1.0, 0.0), (0.0, 0.0, 0.0, 1.0)],
            "upperarm02_R": [(1.0, 0.0, 0.0, 0.0), (0.0, 1.0, 0.0, 0.0), (0.0, 0.0, 1.0, 0.0), (0.0, 0.0, 0.0, 1.0)],
            "lowerarm01_R": [(1.0, 0.0, 0.0, 0.0), (0.0, 1.0, 0.0, 0.0), (0.0, 0.0, 1.0, 0.0), (0.0, 0.0, 0.0, 1.0)],
            "lowerarm02_R": [(1.0, 0.0, 0.0, 0.0), (0.0, 1.0, 0.0, 0.0), (0.0, 0.0, 1.0, 0.0), (0.0, 0.0, 0.0, 1.0)],
            "wrist_R": [(1.0, 0.0, 0.0, 0.0), (0.0, 1.0, 0.0, 0.0), (0.0, 0.0, 1.0, 0.0), (0.0, 0.0, 0.0, 1.0)],
            "finger1-1_R": [(1.0, 0.0, 0.0, 0.0), (0.0, 1.0, 0.0, 0.0), (0.0, 0.0, 1.0, 0.0), (0.0, 0.0, 0.0, 1.0)],
            "finger1-2_R": [(0.9491298198699951, -0.16580379009246826, 0.26769697666168213, 0.0), (-0.01202196255326271, 0.8304415941238403, 0.5569759607315063, 0.0), (-0.3146554231643677, -0.5318607687950134, 0.7862036228179932, 0.0), (0.0, 0.0, 0.0, 1.0)],
            "finger1-3_R": [(0.9588876962661743, -0.17500042915344238, -0.22340375185012817, 0.0), (0.13690976798534393, 0.9748269319534302, -0.17597760260105133, 0.0), (0.24857614934444427, 0.13815660774707794, 0.9587088227272034, 0.0), (0.0, 0.0, 0.0, 1.0)],
            "metacarpal1_R": [(1.0, 0.0, 0.0, 0.0), (0.0, 1.0, 0.0, 0.0), (0.0, 0.0, 1.0, 0.0), (0.0, 0.0, 0.0, 1.0)],
            "finger2-1_R": [(0.9648880362510681, -0.25829464197158813, 0.04769667610526085, 0.0), (0.2599335014820099, 0.9128873944282532, -0.31475579738616943, 0.0), (0.03775804489850998, 0.3161020576953888, 0.9479735493659973, 0.0), (0.0, 0.0, 0.0, 1.0)],
            "finger2-2_R": [(0.9835743308067322, -0.18031220138072968, 0.008306477218866348, 0.0), (0.17844350636005402, 0.9643871784210205, -0.1952313333749771, 0.0), (0.027191927656531334, 0.19350676238536835, 0.9807220697402954, 0.0), (0.0, 0.0, 0.0, 1.0)],
            "finger2-3_R": [(0.9858511090278625, -0.16644109785556793, 0.01987363025546074, 0.0), (0.16644109785556793, 0.9579365253448486, -0.2337840348482132, 0.0), (0.019873598590493202, 0.2337840348482132, 0.9720854163169861, 0.0), (0.0, 0.0, 0.0, 1.0)],
            "metacarpal2_R": [(1.0, 0.0, 0.0, 0.0), (0.0, 1.0, 0.0, 0.0), (0.0, 0.0, 1.0, 0.0), (0.0, 0.0, 0.0, 1.0)],
            "finger3-1_R": [(0.9996522068977356, -0.026364656165242195, -0.0006477824063040316, 0.0), (0.02575787715613842, 0.981328547000885, -0.19060635566711426, 0.0), (0.005660958122462034, 0.19052337110042572, 0.9816663265228271, 0.0), (0.0, 0.0, 0.0, 1.0)],
            "finger3-2_R": [(0.9758714437484741, -0.1941661536693573, 0.09987208992242813, 0.0), (0.21807576715946198, 0.8894743323326111, -0.4015948474407196, 0.0), (-0.010857537388801575, 0.4136846363544464, 0.9103555083274841, 0.0), (0.0, 0.0, 0.0, 1.0)],
            "finger3-3_R": [(0.9986944794654846, -0.05101030692458153, 0.002688333624973893, 0.0), (0.051023148000240326, 0.9936728477478027, -0.1000543013215065, 0.0), (0.002432476496323943, 0.1000608503818512, 0.9949783682823181, 0.0), (0.0, 0.0, 0.0, 1.0)],
            "metacarpal3_R": [(1.0, 0.0, 0.0, 0.0), (0.0, 1.0, 0.0, 0.0), (0.0, 0.0, 1.0, 0.0), (0.0, 0.0, 0.0, 1.0)],
            "finger4-1_R": [(0.9996830224990845, -0.02515638805925846, 0.0009965383214876056, 0.0), (0.02513478882610798, 0.9949926137924194, -0.09673656523227692, 0.0), (0.0014419937506318092, 0.09673095494508743, 0.9953095316886902, 0.0), (0.0, 0.0, 0.0, 1.0)],
            "finger4-2_R": [(0.9929465055465698, -0.11098308116197586, 0.04171370342373848, 0.0), (0.11844047158956528, 0.9445154666900635, -0.3063696324825287, 0.0), (-0.005397396627813578, 0.30914923548698425, 0.9509982466697693, 0.0), (0.0, 0.0, 0.0, 1.0)],
            "finger4-3_R": [(0.9982714056968689, -0.05841876566410065, 0.006441228557378054, 0.0), (0.05841876193881035, 0.9742697477340698, -0.21768265962600708, 0.0), (0.006441257894039154, 0.21768265962600708, 0.9759983420372009, 0.0), (0.0, 0.0, 0.0, 1.0)],
            "metacarpal4_R": [(1.0, 0.0, 0.0, 0.0), (0.0, 1.0, 0.0, 0.0), (0.0, 0.0, 1.0, 0.0), (0.0, 0.0, 0.0, 1.0)],
            "finger5-1_R": [(0.9998123645782471, -0.019314493983983994, -0.0014779347693547606, 0.0), (0.019171537831425667, 0.9975548982620239, -0.06720661371946335, 0.0), (0.0027723826933652163, 0.06716567277908325, 0.9977380037307739, 0.0), (0.0, 0.0, 0.0, 1.0)],
            "finger5-2_R": [(0.9991670250892639, -0.04044189304113388, 0.005448214244097471, 0.0), (0.04080330207943916, 0.9919783473014832, -0.11964146047830582, 0.0), (-0.0005659834714606404, 0.11976411193609238, 0.9928022027015686, 0.0), (0.0, 0.0, 0.0, 1.0)],
            "finger5-3_R": [(0.995984673500061, -0.08863968402147293, 0.012551290914416313, 0.0), (0.08863967657089233, 0.9567509889602661, -0.2770750820636749, 0.0), (0.01255138497799635, 0.2770750820636749, 0.9607663154602051, 0.0), (0.0, 0.0, 0.0, 1.0)],
            "neck01": [(1.0, 0.0, 0.0, 0.0), (0.0, 1.0, 0.0, 0.0), (0.0, 0.0, 1.0, 0.0), (0.0, 0.0, 0.0, 1.0)],
            "neck02": [(1.0, 0.0, 0.0, 0.0), (0.0, 1.0, 0.0, 0.0), (0.0, 0.0, 1.0, 0.0), (0.0, 0.0, 0.0, 1.0)],
            "neck03": [(1.0, 0.0, 0.0, 0.0), (0.0, 1.0, 0.0, 0.0), (0.0, 0.0, 1.0, 0.0), (0.0, 0.0, 0.0, 1.0)],
            "head": [(1.0, 0.0, 0.0, 0.0), (0.0, 1.0, 0.0, 0.0), (0.0, 0.0, 1.0, 0.0), (0.0, 0.0, 0.0, 1.0)],
            "jaw": [(1.0, 0.0, 0.0, 0.0), (0.0, 1.0, 0.0, 0.0), (0.0, 0.0, 1.0, 0.0), (0.0, 0.0, 0.0, 1.0)],
            "special04": [(1.0, 0.0, 0.0, 0.0), (0.0, 1.0, 0.0, 0.0), (0.0, 0.0, 1.0, 0.0), (0.0, 0.0, 0.0, 1.0)],
            "oris02": [(1.0, 0.0, 0.0, 0.0), (0.0, 1.0, 0.0, 0.0), (0.0, 0.0, 1.0, 0.0), (0.0, 0.0, 0.0, 1.0)],
            "oris01": [(1.0, 0.0, 0.0, 0.0), (0.0, 1.0, 0.0, 0.0), (0.0, 0.0, 1.0, 0.0), (0.0, 0.0, 0.0, 1.0)],
            "oris06_L": [(1.0, 0.0, 0.0, 0.0), (0.0, 1.0, 0.0, 0.0), (0.0, 0.0, 1.0, 0.0), (0.0, 0.0, 0.0, 1.0)],
            "oris07_L": [(1.0, 0.0, 0.0, 0.0), (0.0, 1.0, 0.0, 0.0), (0.0, 0.0, 1.0, 0.0), (0.0, 0.0, 0.0, 1.0)],
            "oris06_R": [(1.0, 0.0, 0.0, 0.0), (0.0, 1.0, 0.0, 0.0), (0.0, 0.0, 1.0, 0.0), (0.0, 0.0, 0.0, 1.0)],
            "oris07_R": [(1.0, 0.0, 0.0, 0.0), (0.0, 1.0, 0.0, 0.0), (0.0, 0.0, 1.0, 0.0), (0.0, 0.0, 0.0, 1.0)],
            "tongue00": [(1.0, 0.0, 0.0, 0.0), (0.0, 1.0, 0.0, 0.0), (0.0, 0.0, 1.0, 0.0), (0.0, 0.0, 0.0, 1.0)],
            "tongue01": [(1.0, 0.0, 0.0, 0.0), (0.0, 1.0, 0.0, 0.0), (0.0, 0.0, 1.0, 0.0), (0.0, 0.0, 0.0, 1.0)],
            "tongue02": [(1.0, 0.0, 0.0, 0.0), (0.0, 1.0, 0.0, 0.0), (0.0, 0.0, 1.0, 0.0), (0.0, 0.0, 0.0, 1.0)],
            "tongue03": [(1.0, 0.0, 0.0, 0.0), (0.0, 1.0, 0.0, 0.0), (0.0, 0.0, 1.0, 0.0), (0.0, 0.0, 0.0, 1.0)],
            "tongue04": [(1.0, 0.0, 0.0, 0.0), (0.0, 1.0, 0.0, 0.0), (0.0, 0.0, 1.0, 0.0), (0.0, 0.0, 0.0, 1.0)],
            "tongue07_L": [(1.0, 0.0, 0.0, 0.0), (0.0, 1.0, 0.0, 0.0), (0.0, 0.0, 1.0, 0.0), (0.0, 0.0, 0.0, 1.0)],
            "tongue07_R": [(1.0, 0.0, 0.0, 0.0), (0.0, 1.0, 0.0, 0.0), (0.0, 0.0, 1.0, 0.0), (0.0, 0.0, 0.0, 1.0)],
            "tongue06_L": [(1.0, 0.0, 0.0, 0.0), (0.0, 1.0, 0.0, 0.0), (0.0, 0.0, 1.0, 0.0), (0.0, 0.0, 0.0, 1.0)],
            "tongue06_R": [(1.0, 0.0, 0.0, 0.0), (0.0, 1.0, 0.0, 0.0), (0.0, 0.0, 1.0, 0.0), (0.0, 0.0, 0.0, 1.0)],
            "tongue05_L": [(1.0, 0.0, 0.0, 0.0), (0.0, 1.0, 0.0, 0.0), (0.0, 0.0, 1.0, 0.0), (0.0, 0.0, 0.0, 1.0)],
            "tongue05_R": [(1.0, 0.0, 0.0, 0.0), (0.0, 1.0, 0.0, 0.0), (0.0, 0.0, 1.0, 0.0), (0.0, 0.0, 0.0, 1.0)],
            "levator02_L": [(1.0, 0.0, 0.0, 0.0), (0.0, 1.0, 0.0, 0.0), (0.0, 0.0, 1.0, 0.0), (0.0, 0.0, 0.0, 1.0)],
            "levator03_L": [(1.0, 0.0, 0.0, 0.0), (0.0, 1.0, 0.0, 0.0), (0.0, 0.0, 1.0, 0.0), (0.0, 0.0, 0.0, 1.0)],
            "levator04_L": [(1.0, 0.0, 0.0, 0.0), (0.0, 1.0, 0.0, 0.0), (0.0, 0.0, 1.0, 0.0), (0.0, 0.0, 0.0, 1.0)],
            "levator05_L": [(1.0, 0.0, 0.0, 0.0), (0.0, 1.0, 0.0, 0.0), (0.0, 0.0, 1.0, 0.0), (0.0, 0.0, 0.0, 1.0)],
            "levator02_R": [(1.0, 0.0, 0.0, 0.0), (0.0, 1.0, 0.0, 0.0), (0.0, 0.0, 1.0, 0.0), (0.0, 0.0, 0.0, 1.0)],
            "levator03_R": [(1.0, 0.0, 0.0, 0.0), (0.0, 1.0, 0.0, 0.0), (0.0, 0.0, 1.0, 0.0), (0.0, 0.0, 0.0, 1.0)],
            "levator04_R": [(1.0, 0.0, 0.0, 0.0), (0.0, 1.0, 0.0, 0.0), (0.0, 0.0, 1.0, 0.0), (0.0, 0.0, 0.0, 1.0)],
            "levator05_R": [(1.0, 0.0, 0.0, 0.0), (0.0, 1.0, 0.0, 0.0), (0.0, 0.0, 1.0, 0.0), (0.0, 0.0, 0.0, 1.0)],
            "special01": [(1.0, 0.0, 0.0, 0.0), (0.0, 1.0, 0.0, 0.0), (0.0, 0.0, 1.0, 0.0), (0.0, 0.0, 0.0, 1.0)],
            "oris04_L": [(1.0, 0.0, 0.0, 0.0), (0.0, 1.0, 0.0, 0.0), (0.0, 0.0, 1.0, 0.0), (0.0, 0.0, 0.0, 1.0)],
            "oris03_L": [(1.0, 0.0, 0.0, 0.0), (0.0, 1.0, 0.0, 0.0), (0.0, 0.0, 1.0, 0.0), (0.0, 0.0, 0.0, 1.0)],
            "oris04_R": [(1.0, 0.0, 0.0, 0.0), (0.0, 1.0, 0.0, 0.0), (0.0, 0.0, 1.0, 0.0), (0.0, 0.0, 0.0, 1.0)],
            "oris03_R": [(1.0, 0.0, 0.0, 0.0), (0.0, 1.0, 0.0, 0.0), (0.0, 0.0, 1.0, 0.0), (0.0, 0.0, 0.0, 1.0)],
            "oris06": [(1.0, 0.0, 0.0, 0.0), (0.0, 1.0, 0.0, 0.0), (0.0, 0.0, 1.0, 0.0), (0.0, 0.0, 0.0, 1.0)],
            "oris05": [(1.0, 0.0, 0.0, 0.0), (0.0, 1.0, 0.0, 0.0), (0.0, 0.0, 1.0, 0.0), (0.0, 0.0, 0.0, 1.0)],
            "special03": [(1.0, 0.0, 0.0, 0.0), (0.0, 1.0, 0.0, 0.0), (0.0, 0.0, 1.0, 0.0), (0.0, 0.0, 0.0, 1.0)],
            "levator06_L": [(1.0, 0.0, 0.0, 0.0), (0.0, 1.0, 0.0, 0.0), (0.0, 0.0, 1.0, 0.0), (0.0, 0.0, 0.0, 1.0)],
            "levator06_R": [(1.0, 0.0, 0.0, 0.0), (0.0, 1.0, 0.0, 0.0), (0.0, 0.0, 1.0, 0.0), (0.0, 0.0, 0.0, 1.0)],
            "special06_L": [(1.0, 0.0, 0.0, 0.0), (0.0, 1.0, 0.0, 0.0), (0.0, 0.0, 1.0, 0.0), (0.0, 0.0, 0.0, 1.0)],
            "special05_L": [(1.0, 0.0, 0.0, 0.0), (0.0, 1.0, 0.0, 0.0), (0.0, 0.0, 1.0, 0.0), (0.0, 0.0, 0.0, 1.0)],
            "eye_L": [(1.0, 0.0, 0.0, 0.0), (0.0, 1.0, 0.0, 0.0), (0.0, 0.0, 1.0, 0.0), (0.0, 0.0, 0.0, 1.0)],
            "orbicularis03_L": [(1.0, 0.0, 0.0, 0.0), (0.0, 1.0, 0.0, 0.0), (0.0, 0.0, 1.0, 0.0), (0.0, 0.0, 0.0, 1.0)],
            "orbicularis04_L": [(1.0, 0.0, 0.0, 0.0), (0.0, 1.0, 0.0, 0.0), (0.0, 0.0, 1.0, 0.0), (0.0, 0.0, 0.0, 1.0)],
            "special06_R": [(1.0, 0.0, 0.0, 0.0), (0.0, 1.0, 0.0, 0.0), (0.0, 0.0, 1.0, 0.0), (0.0, 0.0, 0.0, 1.0)],
            "special05_R": [(1.0, 0.0, 0.0, 0.0), (0.0, 1.0, 0.0, 0.0), (0.0, 0.0, 1.0, 0.0), (0.0, 0.0, 0.0, 1.0)],
            "eye_R": [(1.0, 0.0, 0.0, 0.0), (0.0, 1.0, 0.0, 0.0), (0.0, 0.0, 1.0, 0.0), (0.0, 0.0, 0.0, 1.0)],
            "orbicularis03_R": [(1.0, 0.0, 0.0, 0.0), (0.0, 1.0, 0.0, 0.0), (0.0, 0.0, 1.0, 0.0), (0.0, 0.0, 0.0, 1.0)],
            "orbicularis04_R": [(1.0, 0.0, 0.0, 0.0), (0.0, 1.0, 0.0, 0.0), (0.0, 0.0, 1.0, 0.0), (0.0, 0.0, 0.0, 1.0)],
            "temporalis01_L": [(1.0, 0.0, 0.0, 0.0), (0.0, 1.0, 0.0, 0.0), (0.0, 0.0, 1.0, 0.0), (0.0, 0.0, 0.0, 1.0)],
            "oculi02_L": [(1.0, 0.0, 0.0, 0.0), (0.0, 1.0, 0.0, 0.0), (0.0, 0.0, 1.0, 0.0), (0.0, 0.0, 0.0, 1.0)],
            "oculi01_L": [(1.0, 0.0, 0.0, 0.0), (0.0, 1.0, 0.0, 0.0), (0.0, 0.0, 1.0, 0.0), (0.0, 0.0, 0.0, 1.0)],
            "temporalis01_R": [(1.0, 0.0, 0.0, 0.0), (0.0, 1.0, 0.0, 0.0), (0.0, 0.0, 1.0, 0.0), (0.0, 0.0, 0.0, 1.0)],
            "oculi02_R": [(1.0, 0.0, 0.0, 0.0), (0.0, 1.0, 0.0, 0.0), (0.0, 0.0, 1.0, 0.0), (0.0, 0.0, 0.0, 1.0)],
            "oculi01_R": [(1.0, 0.0, 0.0, 0.0), (0.0, 1.0, 0.0, 0.0), (0.0, 0.0, 1.0, 0.0), (0.0, 0.0, 0.0, 1.0)],
            "temporalis02_L": [(1.0, 0.0, 0.0, 0.0), (0.0, 1.0, 0.0, 0.0), (0.0, 0.0, 1.0, 0.0), (0.0, 0.0, 0.0, 1.0)],
            "risorius02_L": [(1.0, 0.0, 0.0, 0.0), (0.0, 1.0, 0.0, 0.0), (0.0, 0.0, 1.0, 0.0), (0.0, 0.0, 0.0, 1.0)],
            "risorius03_L": [(1.0, 0.0, 0.0, 0.0), (0.0, 1.0, 0.0, 0.0), (0.0, 0.0, 1.0, 0.0), (0.0, 0.0, 0.0, 1.0)],
            "temporalis02_R": [(1.0, 0.0, 0.0, 0.0), (0.0, 1.0, 0.0, 0.0), (0.0, 0.0, 1.0, 0.0), (0.0, 0.0, 0.0, 1.0)],
            "risorius02_R": [(1.0, 0.0, 0.0, 0.0), (0.0, 1.0, 0.0, 0.0), (0.0, 0.0, 1.0, 0.0), (0.0, 0.0, 0.0, 1.0)],
            "risorius03_R": [(1.0, 0.0, 0.0, 0.0), (0.0, 1.0, 0.0, 0.0), (0.0, 0.0, 1.0, 0.0), (0.0, 0.0, 0.0, 1.0)],
            "pelvis_L": [(1.0, 0.0, 0.0, 0.0), (0.0, 1.0, 0.0, 0.0), (0.0, 0.0, 1.0, 0.0), (0.0, 0.0, 0.0, 1.0)],
            "upperleg01_L": [(1.0, 0.0, 0.0, 0.0), (0.0, 1.0, 0.0, 0.0), (0.0, 0.0, 1.0, 0.0), (0.0, 0.0, 0.0, 1.0)],
            "upperleg02_L": [(1.0, 0.0, 0.0, 0.0), (0.0, 1.0, 0.0, 0.0), (0.0, 0.0, 1.0, 0.0), (0.0, 0.0, 0.0, 1.0)],
            "lowerleg01_L": [(1.0, 0.0, 0.0, 0.0), (0.0, 1.0, 0.0, 0.0), (0.0, 0.0, 1.0, 0.0), (0.0, 0.0, 0.0, 1.0)],
            "lowerleg02_L": [(1.0, 0.0, 0.0, 0.0), (0.0, 1.0, 0.0, 0.0), (0.0, 0.0, 1.0, 0.0), (0.0, 0.0, 0.0, 1.0)],
            "foot_L": [(1.0, 0.0, 0.0, 0.0), (0.0, 1.0, 0.0, 0.0), (0.0, 0.0, 1.0, 0.0), (0.0, 0.0, 0.0, 1.0)],
            "toe1-1_L": [(1.0, 0.0, 0.0, 0.0), (0.0, 1.0, 0.0, 0.0), (0.0, 0.0, 1.0, 0.0), (0.0, 0.0, 0.0, 1.0)],
            "pelvis_R": [(1.0, 0.0, 0.0, 0.0), (0.0, 1.0, 0.0, 0.0), (0.0, 0.0, 1.0, 0.0), (0.0, 0.0, 0.0, 1.0)],
            "upperleg01_R": [(1.0, 0.0, 0.0, 0.0), (0.0, 1.0, 0.0, 0.0), (0.0, 0.0, 1.0, 0.0), (0.0, 0.0, 0.0, 1.0)],
            "upperleg02_R": [(1.0, 0.0, 0.0, 0.0), (0.0, 1.0, 0.0, 0.0), (0.0, 0.0, 1.0, 0.0), (0.0, 0.0, 0.0, 1.0)],
            "lowerleg01_R": [(1.0, 0.0, 0.0, 0.0), (0.0, 1.0, 0.0, 0.0), (0.0, 0.0, 1.0, 0.0), (0.0, 0.0, 0.0, 1.0)],
            "lowerleg02_R": [(1.0, 0.0, 0.0, 0.0), (0.0, 1.0, 0.0, 0.0), (0.0, 0.0, 1.0, 0.0), (0.0, 0.0, 0.0, 1.0)],
            "foot_R": [(1.0, 0.0, 0.0, 0.0), (0.0, 1.0, 0.0, 0.0), (0.0, 0.0, 1.0, 0.0), (0.0, 0.0, 0.0, 1.0)],
            "toe1-1_R": [(1.0, 0.0, 0.0, 0.0), (0.0, 1.0, 0.0, 0.0), (0.0, 0.0, 1.0, 0.0), (0.0, 0.0, 0.0, 1.0)],
            },
        },
    }
