# Auto Generated by Onigiri : Hybrid Map
rename = {
    "\u624b\u9996.R": "mWristRight",
    "\u3072\u3058.R": "mElbowRight",
    "\u8155.R": "mShoulderRight",
    "\u80a9.R": "mCollarRight",
    "\u80a9.L": "mCollarLeft",
    "\u8155.L": "mShoulderLeft",
    "\u3072\u3058.L": "mElbowLeft",
    "\u624b\u9996.L": "mWristLeft",
    "\u89aa\u6307\uff12.L": "mHandThumb2Left",
    "\u89aa\u6307\uff11.L": "mHandThumb1Left",
    "\u4eba\u6307\uff13.L": "mHandIndex3Left",
    "\u4eba\u6307\uff12.L": "mHandIndex2Left",
    "\u4eba\u6307\uff11.L": "mHandIndex1Left",
    "\u4e2d\u6307\uff13.L": "mHandMiddle3Left",
    "\u4e2d\u6307\uff12.L": "mHandMiddle2Left",
    "\u4e2d\u6307\uff11.L": "mHandMiddle1Left",
    "\u85ac\u6307\uff13.L": "mHandRing3Left",
    "\u85ac\u6307\uff12.L": "mHandRing2Left",
    "\u85ac\u6307\uff11.L": "mHandRing1Left",
    "\u5c0f\u6307\uff13.L": "mHandPinky3Left",
    "\u5c0f\u6307\uff12.L": "mHandPinky2Left",
    "\u5c0f\u6307\uff11.L": "mHandPinky1Left",
    "\u89aa\u6307\uff12.R": "mHandThumb2Right",
    "\u89aa\u6307\uff11.R": "mHandThumb1Right",
    "\u4eba\u6307\uff13.R": "mHandIndex3Right",
    "\u4eba\u6307\uff12.R": "mHandIndex2Right",
    "\u4eba\u6307\uff11.R": "mHandIndex1Right",
    "\u4e2d\u6307\uff13.R": "mHandMiddle3Right",
    "\u4e2d\u6307\uff12.R": "mHandMiddle2Right",
    "\u4e2d\u6307\uff11.R": "mHandMiddle1Right",
    "\u85ac\u6307\uff13.R": "mHandRing3Right",
    "\u85ac\u6307\uff12.R": "mHandRing2Right",
    "\u85ac\u6307\uff11.R": "mHandRing1Right",
    "\u5c0f\u6307\uff13.R": "mHandPinky3Right",
    "\u5c0f\u6307\uff12.R": "mHandPinky2Right",
    "\u5c0f\u6307\uff11.R": "mHandPinky1Right",
    "\u8db3\u9996.R": "mAnkleRight",
    "\u8db3\u9996.L": "mAnkleLeft",
    "\u3072\u3056.R": "mKneeRight",
    "\u3072\u3056.L": "mKneeLeft",
    "\u8db3.L": "mHipLeft",
    "\u8db3.R": "mHipRight",
    "\u982d": "mHead",
    "\u76ee.L": "mFaceEyeAltLeft",
    "\u76ee.R": "mFaceEyeAltRight",
    "\u9996": "mNeck",
    "\u4e0a\u534a\u8eab3": "mChest",
    "\u4e0a\u534a\u8eab2": "mTorso",
    "\u80f8\uff11.L": "LEFT_PEC",
    "\u80f8\uff11.R": "RIGHT_PEC",
    "\u4e0b\u534a\u8eab": "mPelvis"
}
reskin = {
    "\u624b\u9996.R": [
        "\u5c0f\u6307\uff10.R",
        "\u85ac\u6307\uff10.R",
        "\u4e2d\u6307\uff10.R",
        "\u4eba\u6307\uff10.R",
        "\u89aa\u6307\uff10.R"
    ],
    "\u3072\u3058.R": [
        "\u624b\u6369.R"
    ],
    "\u8155.R": [
        "\u8155\u6369.R"
    ],
    "\u8155.L": [
        "\u8155\u6369.L"
    ],
    "\u3072\u3058.L": [
        "\u624b\u6369.L"
    ],
    "\u624b\u9996.L": [
        "\u5c0f\u6307\uff10.L",
        "\u85ac\u6307\uff10.L",
        "\u4e2d\u6307\uff10.L",
        "\u4eba\u6307\uff10.L",
        "\u89aa\u6307\uff10.L"
    ],
    "\u982d": [
        "\u4e21\u76ee",
        "_dummy_\u76ee.L",
        "_dummy_\u76ee.R",
        "\u9aeaA.L",
        "\u9aeaB.L",
        "\u9aeaC.L",
        "\u9aeaD.L",
        "\u9aeaE.L",
        "\u9aeaF.L",
        "\u9aeaG.L",
        "\u9aeaA.R",
        "\u9aeaB.R",
        "\u9aeaC.R",
        "\u9aeaD.R",
        "\u9aeaE.R",
        "\u9aeaF.R",
        "\u9aeaG.R",
        "\u524d\u9aeaA\uff11",
        "\u524d\u9aeaA\uff12",
        "\u524d\u9aeaB",
        "\u524d\u9aeaC",
        "\u524d\u9aeaD",
        "\u524d\u9aeaD\u5148",
        "_shadow_\u76ee.L",
        "_shadow_\u76ee.R"
    ],
    "\u4e0b\u534a\u8eab": [
        "\u4e0a\u534a\u8eab"
    ]
}
template_map = {
    "mWristRight": {
        "Avatar": "\u624b\u9996.R"
    },
    "mElbowRight": {
        "Avatar": "\u3072\u3058.R"
    },
    "mShoulderRight": {
        "Avatar": "\u8155.R"
    },
    "mCollarRight": {
        "Avatar": "\u80a9.R"
    },
    "mCollarLeft": {
        "Avatar": "\u80a9.L"
    },
    "mShoulderLeft": {
        "Avatar": "\u8155.L"
    },
    "mElbowLeft": {
        "Avatar": "\u3072\u3058.L"
    },
    "mWristLeft": {
        "Avatar": "\u624b\u9996.L"
    },
    "mHandThumb2Left": {
        "Avatar": "\u89aa\u6307\uff12.L"
    },
    "mHandThumb1Left": {
        "Avatar": "\u89aa\u6307\uff11.L"
    },
    "mHandIndex3Left": {
        "Avatar": "\u4eba\u6307\uff13.L"
    },
    "mHandIndex2Left": {
        "Avatar": "\u4eba\u6307\uff12.L"
    },
    "mHandIndex1Left": {
        "Avatar": "\u4eba\u6307\uff11.L"
    },
    "mHandMiddle3Left": {
        "Avatar": "\u4e2d\u6307\uff13.L"
    },
    "mHandMiddle2Left": {
        "Avatar": "\u4e2d\u6307\uff12.L"
    },
    "mHandMiddle1Left": {
        "Avatar": "\u4e2d\u6307\uff11.L"
    },
    "mHandRing3Left": {
        "Avatar": "\u85ac\u6307\uff13.L"
    },
    "mHandRing2Left": {
        "Avatar": "\u85ac\u6307\uff12.L"
    },
    "mHandRing1Left": {
        "Avatar": "\u85ac\u6307\uff11.L"
    },
    "mHandPinky3Left": {
        "Avatar": "\u5c0f\u6307\uff13.L"
    },
    "mHandPinky2Left": {
        "Avatar": "\u5c0f\u6307\uff12.L"
    },
    "mHandPinky1Left": {
        "Avatar": "\u5c0f\u6307\uff11.L"
    },
    "mHandThumb2Right": {
        "Avatar": "\u89aa\u6307\uff12.R"
    },
    "mHandThumb1Right": {
        "Avatar": "\u89aa\u6307\uff11.R"
    },
    "mHandIndex3Right": {
        "Avatar": "\u4eba\u6307\uff13.R"
    },
    "mHandIndex2Right": {
        "Avatar": "\u4eba\u6307\uff12.R"
    },
    "mHandIndex1Right": {
        "Avatar": "\u4eba\u6307\uff11.R"
    },
    "mHandMiddle3Right": {
        "Avatar": "\u4e2d\u6307\uff13.R"
    },
    "mHandMiddle2Right": {
        "Avatar": "\u4e2d\u6307\uff12.R"
    },
    "mHandMiddle1Right": {
        "Avatar": "\u4e2d\u6307\uff11.R"
    },
    "mHandRing3Right": {
        "Avatar": "\u85ac\u6307\uff13.R"
    },
    "mHandRing2Right": {
        "Avatar": "\u85ac\u6307\uff12.R"
    },
    "mHandRing1Right": {
        "Avatar": "\u85ac\u6307\uff11.R"
    },
    "mHandPinky3Right": {
        "Avatar": "\u5c0f\u6307\uff13.R"
    },
    "mHandPinky2Right": {
        "Avatar": "\u5c0f\u6307\uff12.R"
    },
    "mHandPinky1Right": {
        "Avatar": "\u5c0f\u6307\uff11.R"
    },
    "mAnkleRight": {
        "Avatar": "\u8db3\u9996.R"
    },
    "mAnkleLeft": {
        "Avatar": "\u8db3\u9996.L"
    },
    "mKneeRight": {
        "Avatar": "\u3072\u3056.R"
    },
    "mKneeLeft": {
        "Avatar": "\u3072\u3056.L"
    },
    "mHipLeft": {
        "Avatar": "\u8db3.L"
    },
    "mHipRight": {
        "Avatar": "\u8db3.R"
    },
    "mHead": {
        "Avatar": "\u982d"
    },
    "mFaceEyeAltLeft": {
        "Avatar": "\u76ee.L"
    },
    "mFaceEyeAltRight": {
        "Avatar": "\u76ee.R"
    },
    "mNeck": {
        "Avatar": "\u9996"
    },
    "mChest": {
        "Avatar": "\u4e0a\u534a\u8eab3"
    },
    "mTorso": {
        "Avatar": "\u4e0a\u534a\u8eab2"
    },
    "LEFT_PEC": {
        "Avatar": "\u80f8\uff11.L"
    },
    "RIGHT_PEC": {
        "Avatar": "\u80f8\uff11.R"
    },
    "mPelvis": {
        "Avatar": "\u4e0b\u534a\u8eab"
    }
}
pose = {
    "\u5168\u3066\u306e\u89aa": [
        [
            1.0,
            0.0,
            0.0,
            0.0
        ],
        [
            0.0,
            1.0,
            0.0,
            0.0
        ],
        [
            0.0,
            0.0,
            1.0,
            0.0
        ],
        [
            0.0,
            0.0,
            0.0,
            1.0
        ]
    ],
    "\u30bb\u30f3\u30bf\u30fc": [
        [
            1.0,
            0.0,
            0.0,
            0.0
        ],
        [
            0.0,
            1.0,
            0.0,
            0.0
        ],
        [
            0.0,
            0.0,
            1.0,
            0.0
        ],
        [
            0.0,
            0.0,
            0.0,
            1.0
        ]
    ],
    "\u30b0\u30eb\u30fc\u30d6": [
        [
            1.0,
            0.0,
            0.0,
            0.0
        ],
        [
            0.0,
            1.0,
            0.0,
            0.0
        ],
        [
            0.0,
            0.0,
            1.0,
            0.0
        ],
        [
            0.0,
            0.0,
            0.0,
            1.0
        ]
    ],
    "\u4e0b\u534a\u8eab": [
        [
            1.0,
            0.0,
            0.0,
            0.0
        ],
        [
            0.0,
            1.0,
            0.0,
            0.0
        ],
        [
            0.0,
            0.0,
            1.0,
            0.0
        ],
        [
            0.0,
            0.0,
            0.0,
            1.0
        ]
    ],
    "\u4e0a\u534a\u8eab": [
        [
            1.0,
            -1.2789769243681803e-13,
            -2.842170943040401e-14,
            -1.7408297026122455e-13
        ],
        [
            -1.2789769243681803e-13,
            1.0,
            -4.36556485405859e-11,
            4.586798851846652e-08
        ],
        [
            -4.689582056016661e-13,
            -4.3655641601692e-11,
            1.0,
            7.566635318312365e-09
        ],
        [
            0.0,
            0.0,
            0.0,
            1.0
        ]
    ],
    "\u4e0a\u534a\u8eab2": [
        [
            1.0,
            -2.2737367544323206e-13,
            -1.2505552149377763e-12,
            -4.547473508864641e-13
        ],
        [
            -4.547473508864641e-13,
            1.0,
            -1.3392061071204608e-10,
            -1.0057350152692379e-07
        ],
        [
            2.1600499167107046e-12,
            -7.584501027224633e-09,
            1.0,
            -1.1184373427397531e-08
        ],
        [
            0.0,
            0.0,
            0.0,
            1.0
        ]
    ],
    "\u4e0a\u534a\u8eab3": [
        [
            1.0,
            2.0463630789890885e-12,
            -6.821210263296962e-13,
            2.6432189770275727e-12
        ],
        [
            0.0,
            1.0,
            -2.999734505237939e-08,
            3.681429205926179e-08
        ],
        [
            6.821210263296962e-13,
            2.96072979466544e-08,
            1.0,
            4.467987935186102e-08
        ],
        [
            0.0,
            0.0,
            0.0,
            1.0
        ]
    ],
    "\u9996": [
        [
            1.0,
            0.0,
            -4.547473508864641e-13,
            -1.4921397450962104e-12
        ],
        [
            0.0,
            1.0,
            2.9685521596434228e-08,
            1.6279508940897358e-07
        ],
        [
            -4.547473508864641e-13,
            -2.9919124955313237e-08,
            0.9999999403953552,
            -2.2170478786165404e-08
        ],
        [
            0.0,
            0.0,
            0.0,
            1.0
        ]
    ],
    "\u982d": [
        [
            1.0,
            6.714628852932947e-13,
            -7.247535904753022e-13,
            -1.0871303857129533e-12
        ],
        [
            -2.2239987629291136e-12,
            1.0,
            3.361188549710903e-10,
            1.0360357904914963e-08
        ],
        [
            2.078337502098293e-12,
            7.553868641707595e-09,
            1.0,
            2.736580517748166e-09
        ],
        [
            0.0,
            0.0,
            0.0,
            1.0
        ]
    ],
    "\u982d\u5148": [
        [
            1.0,
            -2.9309866166060683e-13,
            4.3698386380762455e-13,
            1.304569191389049e-12
        ],
        [
            -1.5809574515409514e-13,
            1.0,
            -1.0328804478376696e-10,
            -6.694089726977381e-11
        ],
        [
            2.0250448995624837e-13,
            -1.0328715660534726e-10,
            1.0,
            -9.945777534881017e-10
        ],
        [
            0.0,
            0.0,
            0.0,
            1.0
        ]
    ],
    "\u4e21\u76ee": [
        [
            1.0,
            -4.3698456853903667e-13,
            2.895461377171865e-13,
            -1.3358203432289883e-12
        ],
        [
            -1.11203787064168e-12,
            1.0,
            -1.0329159749744576e-10,
            -8.110845328701544e-11
        ],
        [
            1.580957587066223e-13,
            -1.0328826682837189e-10,
            1.0,
            0.0
        ],
        [
            0.0,
            0.0,
            0.0,
            1.0
        ]
    ],
    "\u4e21\u76ee\u5148": [
        [
            1.0,
            1.385957659944849e-19,
            1.4716155727959534e-19,
            1.398078701420058e-15
        ],
        [
            -6.098637220230962e-20,
            1.0,
            -5.074256749645293e-19,
            6.593764201312524e-09
        ],
        [
            3.9556914265628044e-20,
            8.880129306380554e-16,
            1.0,
            9.648501553272126e-09
        ],
        [
            0.0,
            0.0,
            0.0,
            1.0
        ]
    ],
    "_dummy_\u76ee.L": [
        [
            1.0000001192092896,
            2.9802322387695312e-08,
            3.725290298461914e-09,
            -1.474766122555593e-07
        ],
        [
            2.9802322387695312e-08,
            1.000000238418579,
            1.4901161193847656e-08,
            5.484183063231285e-08
        ],
        [
            -3.725290298461914e-08,
            1.4901161193847656e-08,
            1.0000001192092896,
            -7.050114714246547e-09
        ],
        [
            0.0,
            0.0,
            0.0,
            1.0
        ]
    ],
    "_dummy_\u76ee.R": [
        [
            0.9999998807907104,
            -2.9802322387695312e-08,
            4.842877388000488e-08,
            1.3467389692323195e-07
        ],
        [
            1.4901161193847656e-08,
            1.0,
            2.9802322387695312e-08,
            -3.737034504069925e-08
        ],
        [
            0.0,
            1.4901161193847656e-08,
            0.9999998807907104,
            -1.1798404386809125e-07
        ],
        [
            0.0,
            0.0,
            0.0,
            1.0
        ]
    ],
    "\u9aeaA.L": [
        [
            1.0000001192092896,
            -1.4901161193847656e-08,
            1.1175870895385742e-08,
            -3.3527612686157227e-08
        ],
        [
            -7.450580596923828e-09,
            1.0000001192092896,
            1.1175870895385742e-08,
            -9.12696123123169e-08
        ],
        [
            -1.862645149230957e-08,
            1.1175870895385742e-08,
            1.0000001192092896,
            -2.3748725652694702e-08
        ],
        [
            0.0,
            0.0,
            0.0,
            1.0
        ]
    ],
    "\u9aeaA\u5148.L": [
        [
            0.9999997615814209,
            1.303848229383675e-08,
            5.215400378233426e-08,
            -7.455959405433532e-08
        ],
        [
            1.3038467194803616e-08,
            0.9999997615814209,
            3.2883933206648286e-14,
            -6.623540826922181e-08
        ],
        [
            -5.960477977851042e-08,
            -1.862644971595273e-08,
            0.9999997615814209,
            -2.2578703351427976e-08
        ],
        [
            0.0,
            0.0,
            0.0,
            1.0
        ]
    ],
    "\u9aeaB.L": [
        [
            1.000000238418579,
            -2.9802322387695312e-08,
            -2.2351741790771484e-08,
            8.42846930027008e-08
        ],
        [
            3.725290298461914e-08,
            1.0,
            -7.450580596923828e-09,
            6.51925802230835e-08
        ],
        [
            3.725290298461914e-09,
            7.450580596923828e-09,
            1.0000001192092896,
            -3.5390257835388184e-08
        ],
        [
            0.0,
            0.0,
            0.0,
            1.0
        ]
    ],
    "\u9aeaB\u5148.L": [
        [
            0.9999997615814209,
            -2.8870976720440922e-08,
            5.587994955646991e-09,
            -4.1535667349990035e-08
        ],
        [
            2.700825874057955e-08,
            0.9999998807907104,
            1.490117540470237e-08,
            2.2676502453577996e-08
        ],
        [
            -5.587924789551835e-09,
            -3.725308062030308e-09,
            0.9999999403953552,
            -4.6041684242936753e-08
        ],
        [
            0.0,
            0.0,
            0.0,
            1.0
        ]
    ],
    "\u9aeaC.L": [
        [
            0.9999999403953552,
            1.4901161193847656e-08,
            -1.1175870895385742e-08,
            -3.236345946788788e-08
        ],
        [
            -5.21540641784668e-08,
            1.0,
            -7.450580596923828e-09,
            1.0244548320770264e-07
        ],
        [
            1.1175870895385742e-08,
            1.4901161193847656e-08,
            0.9999999403953552,
            -2.7939677238464355e-09
        ],
        [
            0.0,
            0.0,
            0.0,
            1.0
        ]
    ],
    "\u9aeaC\u5148.L": [
        [
            1.000000238418579,
            -6.519253759051935e-08,
            7.450610794990098e-09,
            6.997731727409473e-09
        ],
        [
            2.793966302760964e-08,
            1.0,
            -7.450577044210149e-09,
            -2.463071666625183e-07
        ],
        [
            6.705540300799839e-08,
            3.725292785361489e-08,
            1.0000001192092896,
            1.0864845023661474e-08
        ],
        [
            0.0,
            0.0,
            0.0,
            1.0
        ]
    ],
    "\u9aeaD.L": [
        [
            0.9999998211860657,
            6.51925802230835e-09,
            1.862645149230957e-09,
            3.026798367500305e-09
        ],
        [
            9.313225746154785e-10,
            0.9999998211860657,
            -7.450580596923828e-09,
            -4.300381988286972e-07
        ],
        [
            1.0710209608078003e-08,
            4.190951585769653e-09,
            0.9999998211860657,
            -9.313225746154785e-09
        ],
        [
            0.0,
            0.0,
            0.0,
            1.0
        ]
    ],
    "\u9aeaD\u5148.L": [
        [
            1.000000238418579,
            1.478478139915751e-08,
            6.290097775973891e-09,
            1.5189357327471953e-08
        ],
        [
            -2.409849386708629e-08,
            1.0000001192092896,
            9.546463175524877e-09,
            1.6120083046189393e-09
        ],
        [
            -6.75578970543711e-09,
            -2.095898787857209e-09,
            1.000000238418579,
            2.294695988780404e-09
        ],
        [
            0.0,
            0.0,
            0.0,
            1.0
        ]
    ],
    "\u9aeaE.L": [
        [
            0.9999998807907104,
            -1.862645149230957e-09,
            -9.313225746154785e-09,
            -3.073364496231079e-08
        ],
        [
            -9.313225746154785e-09,
            1.0000001192092896,
            -1.862645149230957e-08,
            -8.288770914077759e-08
        ],
        [
            -3.725290298461914e-09,
            3.818422555923462e-08,
            0.9999999403953552,
            2.514570951461792e-08
        ],
        [
            0.0,
            0.0,
            0.0,
            1.0
        ]
    ],
    "\u9aeaE\u5148.L": [
        [
            1.0000001192092896,
            1.3969815526593266e-08,
            5.58793988858497e-09,
            -1.472308497341146e-09
        ],
        [
            -1.0244540327164486e-08,
            1.0,
            1.3969859047335831e-08,
            1.2130493587392266e-07
        ],
        [
            1.862645593320167e-09,
            4.656580898654283e-09,
            1.000000238418579,
            -2.3292001216645986e-08
        ],
        [
            0.0,
            0.0,
            0.0,
            1.0
        ]
    ],
    "\u9aeaF.L": [
        [
            1.0,
            -1.1175870895385742e-08,
            -1.1175870895385742e-08,
            2.7008354663848877e-08
        ],
        [
            2.60770320892334e-08,
            0.9999999403953552,
            -7.450580596923828e-09,
            -2.561137080192566e-07
        ],
        [
            -1.1175870895385742e-08,
            3.725290298461914e-09,
            0.9999998807907104,
            2.468004822731018e-07
        ],
        [
            0.0,
            0.0,
            0.0,
            1.0
        ]
    ],
    "\u9aeaF\u5148.L": [
        [
            1.0,
            3.725290742551124e-09,
            -9.313255056042635e-09,
            -1.0215499557375551e-08
        ],
        [
            3.7252827489453466e-09,
            1.0000001192092896,
            3.445894947162742e-08,
            1.032327361372154e-07
        ],
        [
            1.862760390380913e-09,
            -2.7008363545633074e-08,
            1.000000238418579,
            1.3364113726765936e-07
        ],
        [
            0.0,
            0.0,
            0.0,
            1.0
        ]
    ],
    "\u9aeaG.L": [
        [
            0.9999999403953552,
            1.862645149230957e-09,
            3.725290298461914e-09,
            8.381903171539307e-09
        ],
        [
            1.862645149230957e-09,
            1.0000001192092896,
            4.6566128730773926e-09,
            3.5390257835388184e-08
        ],
        [
            1.0244548320770264e-08,
            1.0244548320770264e-08,
            0.9999999403953552,
            -2.9336661100387573e-08
        ],
        [
            0.0,
            0.0,
            0.0,
            1.0
        ]
    ],
    "\u9aeaG\u5148.L": [
        [
            1.0000001192092896,
            -8.847601762340673e-09,
            4.6549702981124597e-10,
            2.0045547444169642e-09
        ],
        [
            1.3969662093771262e-09,
            1.0,
            4.657200736168932e-10,
            8.504875381731836e-08
        ],
        [
            -1.3965324452414052e-09,
            -7.916222344306334e-09,
            1.0,
            3.3187221859520832e-09
        ],
        [
            0.0,
            0.0,
            0.0,
            1.0
        ]
    ],
    "\u9aeaA.R": [
        [
            0.9999999403953552,
            2.2351741790771484e-08,
            3.725290298461914e-08,
            -3.5390257835388184e-08
        ],
        [
            -7.450580596923828e-09,
            1.0,
            1.4901161193847656e-08,
            1.862645149230957e-08
        ],
        [
            -1.4901161193847656e-08,
            -1.1175870895385742e-08,
            1.0,
            -1.1641532182693481e-08
        ],
        [
            0.0,
            0.0,
            0.0,
            1.0
        ]
    ],
    "\u9aeaA\u5148.R": [
        [
            1.0000001192092896,
            4.470359016295333e-08,
            4.284078869432051e-08,
            3.417680360939812e-08
        ],
        [
            -1.862790144357973e-09,
            1.0,
            -2.0489165919457264e-08,
            -1.7974421950839314e-07
        ],
        [
            -3.911542378887134e-08,
            4.6566221101329575e-08,
            1.0000001192092896,
            5.082640441855801e-08
        ],
        [
            0.0,
            0.0,
            0.0,
            1.0
        ]
    ],
    "\u9aeaB.R": [
        [
            0.9999998807907104,
            3.725290298461914e-08,
            -2.421438694000244e-08,
            -7.171183824539185e-08
        ],
        [
            1.1175870895385742e-08,
            0.9999999403953552,
            -1.4901161193847656e-08,
            2.207234501838684e-07
        ],
        [
            1.1175870895385742e-08,
            3.725290298461914e-09,
            0.9999999403953552,
            3.725290298461914e-09
        ],
        [
            0.0,
            0.0,
            0.0,
            1.0
        ]
    ],
    "\u9aeaB\u5148.R": [
        [
            1.0000001192092896,
            1.6763804566721774e-08,
            2.4214410032641354e-08,
            -8.374234639063616e-09
        ],
        [
            1.6763840093858562e-08,
            0.9999999403953552,
            5.587941220852599e-09,
            -4.5917701640973974e-08
        ],
        [
            -3.539002335628538e-08,
            -1.676382055393333e-08,
            1.000000238418579,
            -3.803921444500702e-08
        ],
        [
            0.0,
            0.0,
            0.0,
            1.0
        ]
    ],
    "\u9aeaC.R": [
        [
            1.0000001192092896,
            -2.9802322387695312e-08,
            -2.9802322387695312e-08,
            9.313225746154785e-09
        ],
        [
            2.9802322387695312e-08,
            1.0,
            -7.450580596923828e-09,
            -4.889443516731262e-09
        ],
        [
            -3.725290298461914e-09,
            7.450580596923828e-09,
            1.000000238418579,
            1.0244548320770264e-08
        ],
        [
            0.0,
            0.0,
            0.0,
            1.0
        ]
    ],
    "\u9aeaC\u5148.R": [
        [
            0.9999998807907104,
            -1.8626433728741176e-08,
            1.4901130995781386e-08,
            8.661007910859553e-09
        ],
        [
            -1.4901223366337035e-08,
            1.0,
            2.1704846578894654e-14,
            -1.492713295192516e-07
        ],
        [
            -4.470341252726939e-08,
            7.450552175214398e-09,
            0.9999998807907104,
            3.0656543970053463e-09
        ],
        [
            0.0,
            0.0,
            0.0,
            1.0
        ]
    ],
    "\u9aeaD.R": [
        [
            1.0,
            -2.7939677238464355e-09,
            7.916241884231567e-09,
            1.1874362826347351e-08
        ],
        [
            -8.381903171539307e-09,
            1.0,
            -9.313225746154785e-10,
            2.223532646894455e-07
        ],
        [
            9.080395102500916e-09,
            1.3969838619232178e-09,
            1.000000238418579,
            -3.725290298461914e-09
        ],
        [
            0.0,
            0.0,
            0.0,
            1.0
        ]
    ],
    "\u9aeaD\u5148.R": [
        [
            1.0,
            2.0023511737576882e-08,
            1.3502416962296593e-08,
            2.6012468623548557e-08
        ],
        [
            -1.3504092066796147e-08,
            1.0,
            1.1652502296399803e-09,
            7.240404897856934e-08
        ],
        [
            -1.6764797550195e-08,
            -5.821310544718017e-09,
            0.9999998211860657,
            -4.8662691654044465e-09
        ],
        [
            0.0,
            0.0,
            0.0,
            1.0
        ]
    ],
    "\u9aeaE.R": [
        [
            1.0,
            -5.587935447692871e-09,
            -1.4901161193847656e-08,
            -1.862645149230957e-09
        ],
        [
            9.313225746154785e-09,
            1.0000001192092896,
            -7.450580596923828e-09,
            -4.293397068977356e-07
        ],
        [
            1.1175870895385742e-08,
            1.1175870895385742e-08,
            1.0000001192092896,
            6.612390279769897e-08
        ],
        [
            0.0,
            0.0,
            0.0,
            1.0
        ]
    ],
    "\u9aeaE\u5148.R": [
        [
            1.0,
            -1.3038487622907269e-08,
            -9.31482557753327e-10,
            -6.30383283350966e-08
        ],
        [
            9.313164461843826e-09,
            0.9999997615814209,
            6.519396134052613e-09,
            -1.217116079033076e-07
        ],
        [
            4.657061403179341e-09,
            -1.1175889547132556e-08,
            0.9999998807907104,
            -2.9069660456571e-08
        ],
        [
            0.0,
            0.0,
            0.0,
            1.0
        ]
    ],
    "\u9aeaF.R": [
        [
            1.0,
            2.9802322387695312e-08,
            1.862645149230957e-08,
            5.587935447692871e-09
        ],
        [
            -1.862645149230957e-08,
            0.9999999403953552,
            -1.862645149230957e-08,
            2.384185791015625e-07
        ],
        [
            -7.450580596923828e-09,
            1.862645149230957e-08,
            1.0,
            2.514570951461792e-08
        ],
        [
            0.0,
            0.0,
            0.0,
            1.0
        ]
    ],
    "\u9aeaF\u5148.R": [
        [
            1.0,
            1.8626404862942536e-09,
            2.980215541015241e-08,
            9.871253148219239e-09
        ],
        [
            -1.862561105347993e-09,
            1.0000001192092896,
            5.68105917864159e-08,
            2.7056094609179127e-07
        ],
        [
            -2.235128171435008e-08,
            -6.519266460003337e-09,
            1.0,
            7.1950090330119565e-09
        ],
        [
            0.0,
            0.0,
            0.0,
            1.0
        ]
    ],
    "\u9aeaG.R": [
        [
            1.0,
            5.587935447692871e-09,
            -8.381903171539307e-09,
            -1.0244548320770264e-08
        ],
        [
            1.862645149230957e-09,
            1.0,
            1.862645149230957e-09,
            -2.998858690261841e-07
        ],
        [
            7.450580596923828e-09,
            -9.313225746154785e-09,
            1.0,
            0.0
        ],
        [
            0.0,
            0.0,
            0.0,
            1.0
        ]
    ],
    "\u9aeaG\u5148.R": [
        [
            1.0,
            4.190941371717827e-09,
            -1.3969384760059711e-08,
            2.393399789468731e-08
        ],
        [
            1.3504094731331406e-08,
            1.0,
            -1.2107308045017362e-08,
            9.440673665039867e-08
        ],
        [
            3.7239273886768842e-09,
            -7.4505797087454084e-09,
            1.0,
            -4.7285858784107404e-08
        ],
        [
            0.0,
            0.0,
            0.0,
            1.0
        ]
    ],
    "\u524d\u9aeaA\uff11": [
        [
            1.0,
            7.450580596923828e-09,
            4.470348358154297e-08,
            5.21540641784668e-08
        ],
        [
            -7.450580596923828e-09,
            1.0,
            2.2351741790771484e-08,
            2.980232238769531e-07
        ],
        [
            -5.960464477539063e-08,
            2.2351741790771484e-08,
            0.9999999403953552,
            -2.7008354663848877e-08
        ],
        [
            0.0,
            0.0,
            0.0,
            1.0
        ]
    ],
    "\u524d\u9aeaA\uff12": [
        [
            0.9999999403953552,
            0.0,
            -2.2351741790771484e-08,
            5.799665814265609e-08
        ],
        [
            -7.450580596923828e-08,
            1.0,
            -7.82310962677002e-08,
            -4.1756902646739036e-07
        ],
        [
            -1.4901161193847656e-08,
            7.450580596923828e-09,
            1.0,
            1.121861714636907e-07
        ],
        [
            0.0,
            0.0,
            0.0,
            1.0
        ]
    ],
    "\u524dg\u8eabA\u5148": [
        [
            1.0,
            -1.1175864678136804e-08,
            4.097817907222634e-08,
            -1.1819911271970795e-08
        ],
        [
            -1.1175885994418877e-08,
            1.0,
            -1.3038500945583564e-08,
            1.1122478582592521e-07
        ],
        [
            -1.8626352016326564e-08,
            3.5390279151670256e-08,
            1.0000001192092896,
            9.981228288324928e-08
        ],
        [
            0.0,
            0.0,
            0.0,
            1.0
        ]
    ],
    "\u524d\u9aeaB": [
        [
            1.0,
            -1.862645149230957e-08,
            -2.9802322387695312e-08,
            3.3527612686157227e-08
        ],
        [
            3.725290298461914e-09,
            1.0,
            -9.313225746154785e-10,
            1.5832483768463135e-08
        ],
        [
            1.1175870895385742e-08,
            9.313225746154785e-09,
            0.9999999403953552,
            3.818422555923462e-08
        ],
        [
            0.0,
            0.0,
            0.0,
            1.0
        ]
    ],
    "\u524d\u9aeaB\u5148": [
        [
            1.0,
            3.72530273295979e-09,
            -2.2351743567128324e-08,
            -2.952534217115499e-08
        ],
        [
            -3.725306285673469e-09,
            1.0,
            1.2572842322811084e-08,
            1.1194512694601144e-07
        ],
        [
            1.1175870007207322e-08,
            3.958120231573048e-08,
            1.0,
            1.553512873897489e-09
        ],
        [
            0.0,
            0.0,
            0.0,
            1.0
        ]
    ],
    "\u524d\u9aeaC": [
        [
            1.0,
            0.0,
            -1.4901161193847656e-08,
            -6.705522537231445e-08
        ],
        [
            -7.450580596923828e-09,
            1.0,
            -8.940696716308594e-08,
            -4.3120235204696655e-07
        ],
        [
            0.0,
            3.3527612686157227e-08,
            1.0000001192092896,
            1.1781230568885803e-07
        ],
        [
            0.0,
            0.0,
            0.0,
            1.0
        ]
    ],
    "\u524d\u9aeaC\u5148": [
        [
            1.0,
            1.8626465703164286e-08,
            7.450582373280668e-09,
            -1.5333741387735245e-08
        ],
        [
            3.7252474438531635e-09,
            0.9999999403953552,
            6.705522537231445e-08,
            -2.2492336881896335e-07
        ],
        [
            -2.235169915820734e-08,
            -3.725290298461914e-08,
            1.0,
            -8.780691018728248e-08
        ],
        [
            0.0,
            0.0,
            0.0,
            1.0
        ]
    ],
    "\u524d\u9aeaD": [
        [
            0.9999999403953552,
            -9.313225746154785e-10,
            -6.51925802230835e-09,
            -2.421438694000244e-08
        ],
        [
            -6.51925802230835e-09,
            0.9999999403953552,
            -3.725290298461914e-09,
            -4.12575900554657e-07
        ],
        [
            5.587935447692871e-09,
            5.3085386753082275e-08,
            0.9999999403953552,
            -3.632158041000366e-08
        ],
        [
            0.0,
            0.0,
            0.0,
            1.0
        ]
    ],
    "\u524d\u9aeaD\u5148": [
        [
            1.0,
            -9.313278148681547e-09,
            -1.5832487321176814e-08,
            -2.3770663659661295e-08
        ],
        [
            6.519223827439191e-09,
            1.0,
            3.841718054786725e-08,
            -1.4703518047554098e-07
        ],
        [
            8.381792149236844e-09,
            -4.1676596396200694e-08,
            1.0,
            -4.856126523122839e-08
        ],
        [
            0.0,
            0.0,
            0.0,
            1.0
        ]
    ],
    "_shadow_\u76ee.L": [
        [
            1.0,
            4.470348358154297e-08,
            -7.711350917816162e-07,
            -2.826735823191484e-08
        ],
        [
            -5.960464477539063e-08,
            1.000000238418579,
            -1.043081283569336e-07,
            2.5039506468260697e-08
        ],
        [
            7.450580596923828e-07,
            -2.9802322387695312e-08,
            1.0000001192092896,
            -7.050138250974669e-09
        ],
        [
            0.0,
            0.0,
            0.0,
            1.0
        ]
    ],
    "\u76ee.L": [
        [
            0.9999999403953552,
            1.4901161193847656e-08,
            -1.4454126358032227e-06,
            2.9336661100387573e-07
        ],
        [
            0.0,
            0.9999996423721313,
            -1.4901161193847656e-08,
            -2.514570951461792e-08
        ],
        [
            1.4677643775939941e-06,
            3.725290298461914e-08,
            1.0000001192092896,
            1.94646418094635e-07
        ],
        [
            0.0,
            0.0,
            0.0,
            1.0
        ]
    ],
    "\u76ee\u5148.L": [
        [
            1.0000001192092896,
            7.450597649949486e-08,
            1.4901216260909678e-08,
            -5.812628600665448e-09
        ],
        [
            -6.705510458004937e-08,
            1.0,
            4.842868861487659e-08,
            -1.1477908401502646e-07
        ],
        [
            2.980245383810143e-08,
            -5.5879375793210784e-08,
            1.0,
            -2.697004930496405e-08
        ],
        [
            0.0,
            0.0,
            0.0,
            1.0
        ]
    ],
    "_shadow_\u76ee.R": [
        [
            0.9999998211860657,
            -5.960464477539063e-08,
            4.805624485015869e-07,
            1.546460914880754e-08
        ],
        [
            4.470348358154297e-08,
            1.0,
            -2.2351741790771484e-08,
            -3.737034504069925e-08
        ],
        [
            -3.650784492492676e-07,
            -7.450580596923828e-09,
            0.9999998211860657,
            -1.1798404386809125e-07
        ],
        [
            0.0,
            0.0,
            0.0,
            1.0
        ]
    ],
    "\u76ee.R": [
        [
            1.0,
            2.9802322387695312e-08,
            9.648501873016357e-07,
            5.243346095085144e-07
        ],
        [
            -1.4901161193847656e-08,
            1.000000238418579,
            3.725290298461914e-08,
            1.2293457984924316e-07
        ],
        [
            -9.052455425262451e-07,
            -3.725290298461914e-08,
            1.0,
            5.029141902923584e-08
        ],
        [
            0.0,
            0.0,
            0.0,
            1.0
        ]
    ],
    "\u76ee\u5148.R": [
        [
            0.9999998807907104,
            6.705534616457953e-08,
            -1.2490022579560167e-14,
            1.1019322698757605e-07
        ],
        [
            -7.450451366963762e-09,
            1.0000001192092896,
            -7.450595695956963e-09,
            1.3007813493004505e-07
        ],
        [
            -1.4901223366337035e-08,
            2.9802340151263707e-08,
            1.0,
            2.0694807645327273e-08
        ],
        [
            0.0,
            0.0,
            0.0,
            1.0
        ]
    ],
    "\u80a9.L": [
        [
            1.0,
            1.6492514819110848e-13,
            -2.9607303275724917e-08,
            -7.725422079829514e-09
        ],
        [
            -1.2571710165942829e-12,
            1.0,
            3.8555787794207486e-15,
            3.5519860386301616e-09
        ],
        [
            2.9997348605093066e-08,
            6.611268336172843e-15,
            1.0,
            2.455850278693106e-07
        ],
        [
            0.0,
            0.0,
            0.0,
            1.0
        ]
    ],
    "\u8155.L": [
        [
            0.9999650120735168,
            -0.0024657875765115023,
            -0.007994843646883965,
            9.313225746154785e-10
        ],
        [
            -0.0024660094641149044,
            0.8262641429901123,
            -0.5632773041725159,
            5.7159923017024994e-08
        ],
        [
            0.007994774729013443,
            0.5632774233818054,
            0.8262289762496948,
            1.6358423948759082e-08
        ],
        [
            0.0,
            0.0,
            0.0,
            1.0
        ]
    ],
    "\u8155\u6369.L": [
        [
            1.0,
            -7.429434845107608e-10,
            8.015046404352688e-10,
            1.4406396076083183e-09
        ],
        [
