# Pose library auto-generated by Onigiri 

poses = {
    "Hand Pose": {
        "pose_matrix": {
            "Hips": [(0.9999999403953552, 0.0, 0.0, 0.0), (0.0, 1.0, 0.0, 0.0), (0.0, 0.0, 1.0, 0.0), (0.0, 0.0, 0.0, 1.0)],
            "RightUpLeg": [(1.0, 0.0, 0.0, 0.0), (0.0, 0.9999999403953552, 0.0, 0.0), (0.0, 0.0, 1.0, 0.0), (0.0, 0.0, 0.0, 1.0)],
            "RightLeg": [(1.0, 0.0, 0.0, 0.0), (0.0, 1.0, 0.0, 0.0), (0.0, 0.0, 1.0, 0.0), (0.0, 0.0, 0.0, 1.0)],
            "RightFoot": [(1.0, 0.0, 0.0, 0.0), (0.0, 1.0, 0.0, 0.0), (0.0, 0.0, 0.9999999403953552, 0.0), (0.0, 0.0, 0.0, 1.0)],
            "LeftUpLeg": [(1.0, 0.0, 0.0, 0.0), (0.0, 0.9999999403953552, 0.0, 0.0), (0.0, 0.0, 0.9999999403953552, 0.0), (0.0, 0.0, 0.0, 1.0)],
            "LeftLeg": [(0.9999999403953552, 0.0, 0.0, 0.0), (0.0, 1.0, 0.0, 0.0), (0.0, 0.0, 1.0, 0.0), (0.0, 0.0, 0.0, 1.0)],
            "LeftFoot": [(1.0, 0.0, 0.0, 0.0), (0.0, 1.0, 0.0, 0.0), (0.0, 0.0, 1.0, 0.0), (0.0, 0.0, 0.0, 1.0)],
            "Spine": [(0.9999999403953552, 0.0, 0.0, 0.0), (0.0, 0.9999999403953552, 0.0, 0.0), (0.0, 0.0, 0.9999999403953552, 0.0), (0.0, 0.0, 0.0, 1.0)],
            "Spine1": [(1.0, 0.0, 0.0, 0.0), (0.0, 0.9999999403953552, 0.0, 0.0), (0.0, 0.0, 1.0, 0.0), (0.0, 0.0, 0.0, 1.0)],
            "Spine2": [(1.0, 0.0, 0.0, 0.0), (0.0, 1.0, 0.0, 0.0), (0.0, 0.0, 0.9999999403953552, 0.0), (0.0, 0.0, 0.0, 1.0)],
            "Spine3": [(1.0, 0.0, 0.0, 0.0), (0.0, 1.0, 0.0, 0.0), (0.0, 0.0, 1.0, 0.0), (0.0, 0.0, 0.0, 1.0)],
            "Neck": [(1.0, 0.0, 0.0, 0.0), (0.0, 1.0, 0.0, 0.0), (0.0, 0.0, 1.0, 0.0), (0.0, 0.0, 0.0, 1.0)],
            "Head": [(0.9999999403953552, 0.0, 0.0, 0.0), (0.0, 0.9999999403953552, 0.0, 0.0), (0.0, 0.0, 0.9999999403953552, 0.0), (0.0, 0.0, 0.0, 1.0)],
            "RightShoulder": [(1.0, 0.0, 0.0, 0.0), (0.0, 0.9999999403953552, 0.0, 0.0), (0.0, 0.0, 1.0, 0.0), (0.0, 0.0, 0.0, 1.0)],
            "RightArm": [(0.9999999403953552, 0.0, 0.0, 0.0), (0.0, 0.9999999403953552, 0.0, 0.0), (0.0, 0.0, 1.0, 0.0), (0.0, 0.0, 0.0, 1.0)],
            "RightForeArm": [(1.0, 0.0, 0.0, 0.0), (0.0, 0.9999999403953552, 0.0, 0.0), (0.0, 0.0, 0.9999999403953552, 0.0), (0.0, 0.0, 0.0, 1.0)],
            "RightHand": [(0.9999999403953552, 0.0, 0.0, 0.0), (0.0, 1.0, 0.0, 0.0), (0.0, 0.0, 1.0, 0.0), (0.0, 0.0, 0.0, 1.0)],
            "RightHandThumb1": [(0.9849226474761963, 0.032240692526102066, 0.16996446251869202, 0.0), (0.06947720050811768, 0.8260454535484314, -0.5593047738075256, 0.0), (-0.15843074023723602, 0.5626806020736694, 0.8113508820533752, 0.0), (0.0, 0.0, 0.0, 1.0)],
            "RightHandThumb2": [(0.9986258149147034, -0.006989100482314825, -0.051938608288764954, 0.0), (0.009731942787766457, 0.9985604882240295, 0.052745521068573, 0.0), (0.051495201885700226, -0.05317850038409233, 0.9972563982009888, 0.0), (0.0, 0.0, 0.0, 1.0)],
            "RightHandThumb3": [(0.9963060617446899, -0.008524498902261257, -0.08544880151748657, 0.0), (0.023323915898799896, 0.9845165610313416, 0.173732727766037, 0.0), (0.08264477550983429, -0.1750839501619339, 0.9810787439346313, 0.0), (0.0, 0.0, 0.0, 1.0)],
            "RightInHandIndex": [(1.0, 0.0, 0.0, 0.0), (0.0, 1.0, 0.0, 0.0), (0.0, 0.0, 1.0, 0.0), (0.0, 0.0, 0.0, 1.0)],
            "RightHandIndex1": [(0.9999999403953552, 6.564156507238295e-08, -1.3808870491516245e-08, 0.0), (-6.564156507238295e-08, 0.9152417182922363, -0.40290510654449463, 0.0), (-1.3808867826980986e-08, 0.40290507674217224, 0.9152417778968811, 0.0), (0.0, 0.0, 0.0, 1.0)],
            "RightHandIndex2": [(0.9999999403953552, 0.0, 0.0, 0.0), (0.0, 0.9999999403953552, 0.0, 0.0), (0.0, 0.0, 1.0, 0.0), (0.0, 0.0, 0.0, 1.0)],
            "RightHandIndex3": [(0.9999999403953552, 0.0, 0.0, 0.0), (0.0, 1.0, 0.0, 0.0), (0.0, 0.0, 0.9999999403953552, 0.0), (0.0, 0.0, 0.0, 1.0)],
            "RightInHandMiddle": [(1.0, 0.0, 0.0, 0.0), (0.0, 1.0, 0.0, 0.0), (0.0, 0.0, 1.0, 0.0), (0.0, 0.0, 0.0, 1.0)],
            "RightHandMiddle1": [(1.0, 2.444615843089082e-09, -1.8334601198377598e-11, 0.0), (-2.4446160651336868e-09, 0.9998872876167297, -0.015004949644207954, 0.0), (-1.8348805114198896e-11, 0.01500494871288538, 0.9998873472213745, 0.0), (0.0, 0.0, 0.0, 1.0)],
            "RightHandMiddle2": [(1.0, 0.0, 0.0, 0.0), (0.0, 1.0, 0.0, 0.0), (0.0, 0.0, 1.0, 0.0), (0.0, 0.0, 0.0, 1.0)],
            "RightHandMiddle3": [(1.0, 0.0, 0.0, 0.0), (0.0, 1.0, 0.0, 0.0), (0.0, 0.0, 1.0, 0.0), (0.0, 0.0, 0.0, 1.0)],
            "RightInHandRing": [(1.0, 0.0, 0.0, 0.0), (0.0, 1.0, 0.0, 0.0), (0.0, 0.0, 1.0, 0.0), (0.0, 0.0, 0.0, 1.0)],
            "RightHandRing1": [(0.9999999403953552, -4.6337355286141246e-08, -6.728497758956564e-09, 0.0), (4.633735173342757e-08, 0.9587007761001587, 0.2844166159629822, 0.0), (-6.728498203045774e-09, -0.28441664576530457, 0.9587007164955139, 0.0), (0.0, 0.0, 0.0, 1.0)],
            "RightHandRing2": [(0.9999999403953552, 0.0, 0.0, 0.0), (0.0, 1.0, 0.0, 0.0), (0.0, 0.0, 1.0, 0.0), (0.0, 0.0, 0.0, 1.0)],
            "RightHandRing3": [(0.9999999403953552, 0.0, 0.0, 0.0), (0.0, 0.9999999403953552, 0.0, 0.0), (0.0, 0.0, 1.0, 0.0), (0.0, 0.0, 0.0, 1.0)],
            "RightInHandPinky": [(1.0, 0.0, 0.0, 0.0), (0.0, 1.0, 0.0, 0.0), (0.0, 0.0, 1.0, 0.0), (0.0, 0.0, 0.0, 1.0)],
            "RightHandPinky1": [(1.0, -9.954425195246586e-08, -3.394747594143155e-08, 0.0), (9.954426616332057e-08, 0.7916319966316223, 0.610998272895813, 0.0), (-3.394744751972212e-08, -0.610998272895813, 0.7916319966316223, 0.0), (0.0, 0.0, 0.0, 1.0)],
            "RightHandPinky2": [(0.9999999403953552, 0.0, 0.0, 0.0), (0.0, 1.0, 0.0, 0.0), (0.0, 0.0, 1.0, 0.0), (0.0, 0.0, 0.0, 1.0)],
            "RightHandPinky3": [(1.0, 0.0, 0.0, 0.0), (0.0, 1.0, 0.0, 0.0), (0.0, 0.0, 0.9999999403953552, 0.0), (0.0, 0.0, 0.0, 1.0)],
            "LeftShoulder": [(0.9999999403953552, 0.0, 0.0, 0.0), (0.0, 0.9999999403953552, 0.0, 0.0), (0.0, 0.0, 1.0, 0.0), (0.0, 0.0, 0.0, 1.0)],
            "LeftArm": [(0.9999999403953552, 0.0, 0.0, 0.0), (0.0, 1.0, 0.0, 0.0), (0.0, 0.0, 1.0, 0.0), (0.0, 0.0, 0.0, 1.0)],
            "LeftForeArm": [(1.0, 0.0, 0.0, 0.0), (0.0, 1.0, 0.0, 0.0), (0.0, 0.0, 1.0, 0.0), (0.0, 0.0, 0.0, 1.0)],
            "LeftHand": [(0.9999999403953552, 0.0, 0.0, 0.0), (0.0, 1.0, 0.0, 0.0), (0.0, 0.0, 1.0, 0.0), (0.0, 0.0, 0.0, 1.0)],
            "LeftHandThumb1": [(1.0, -8.094429659877278e-08, 1.907262081601857e-08, 0.0), (8.070702506302041e-08, 0.8893202543258667, -0.4572848975658417, 0.0), (2.005293353590787e-08, 0.4572848975658417, 0.8893202543258667, 0.0), (0.0, 0.0, 0.0, 1.0)],
            "LeftHandThumb2": [(1.0, 1.2566987450668421e-08, 3.4094251866179093e-09, 0.0), (-1.2695824835873282e-08, 0.9991645812988281, 0.04086804389953613, 0.0), (-2.892988737457358e-09, -0.04086804389953613, 0.9991645812988281, 0.0), (0.0, 0.0, 0.0, 1.0)],
            "LeftHandThumb3": [(1.0, 2.3448659902669533e-08, 6.618305903316468e-09, 0.0), (-2.3882350319581747e-08, 0.9971311688423157, 0.07569324225187302, 0.0), (-4.824414201465288e-09, -0.07569324970245361, 0.9971311092376709, 0.0), (0.0, 0.0, 0.0, 1.0)],
            "LeftInHandIndex": [(1.0, 0.0, 0.0, 0.0), (0.0, 1.0, 0.0, 0.0), (0.0, 0.0, 1.0, 0.0), (0.0, 0.0, 0.0, 1.0)],
            "LeftHandIndex1": [(1.0, -8.55485851047888e-08, 1.774326818804184e-08, 0.0), (8.692801856113874e-08, 0.9538325071334839, -0.3003390431404114, 0.0), (8.769474924008591e-09, 0.3003390431404114, 0.9538325071334839, 0.0), (0.0, 0.0, 0.0, 1.0)],
            "LeftHandIndex2": [(1.0, 0.0, 0.0, 0.0), (0.0, 0.9999999403953552, 0.0, 0.0), (0.0, 0.0, 1.0, 0.0), (0.0, 0.0, 0.0, 1.0)],
            "LeftHandIndex3": [(1.0, 0.0, 0.0, 0.0), (0.0, 1.0, 0.0, 0.0), (0.0, 0.0, 1.0, 0.0), (0.0, 0.0, 0.0, 1.0)],
            "LeftInHandMiddle": [(1.0, 0.0, 0.0, 0.0), (0.0, 1.0, 0.0, 0.0), (0.0, 0.0, 1.0, 0.0), (0.0, 0.0, 0.0, 1.0)],
            "LeftHandMiddle1": [(1.0, 0.0, 0.0, 0.0), (0.0, 1.0, 0.0, 0.0), (0.0, 0.0, 1.0, 0.0), (0.0, 0.0, 0.0, 1.0)],
            "LeftHandMiddle2": [(1.0, 0.0, 0.0, 0.0), (0.0, 1.0, 0.0, 0.0), (0.0, 0.0, 1.0, 0.0), (0.0, 0.0, 0.0, 1.0)],
            "LeftHandMiddle3": [(1.0, 0.0, 0.0, 0.0), (0.0, 0.9999999403953552, 0.0, 0.0), (0.0, 0.0, 0.9999999403953552, 0.0), (0.0, 0.0, 0.0, 1.0)],
            "LeftInHandRing": [(1.0, 0.0, 0.0, 0.0), (0.0, 1.0, 0.0, 0.0), (0.0, 0.0, 1.0, 0.0), (0.0, 0.0, 0.0, 1.0)],
            "LeftHandRing1": [(1.0, 6.903874805175292e-08, 7.521616218753024e-09, 0.0), (-6.888127046522641e-08, 0.9722156524658203, 0.23408663272857666, 0.0), (8.848416221951538e-09, -0.23408663272857666, 0.9722156524658203, 0.0), (0.0, 0.0, 0.0, 1.0)],
            "LeftHandRing2": [(1.0, 0.0, 0.0, 0.0), (0.0, 1.0, 0.0, 0.0), (0.0, 0.0, 0.9999999403953552, 0.0), (0.0, 0.0, 0.0, 1.0)],
            "LeftHandRing3": [(0.9999999403953552, 0.0, 0.0, 0.0), (0.0, 1.0, 0.0, 0.0), (0.0, 0.0, 1.0, 0.0), (0.0, 0.0, 0.0, 1.0)],
            "LeftInHandPinky": [(1.0, 0.0, 0.0, 0.0), (0.0, 1.0, 0.0, 0.0), (0.0, 0.0, 1.0, 0.0), (0.0, 0.0, 0.0, 1.0)],
            "LeftHandPinky1": [(0.9999999403953552, 1.6840174055232637e-07, 3.538854187468132e-08, 0.0), (-1.5979387057996064e-07, 0.8324417471885681, 0.5541126132011414, 0.0), (6.38545998299378e-08, -0.5541126132011414, 0.8324417471885681, 0.0), (0.0, 0.0, 0.0, 1.0)],
            "LeftHandPinky2": [(0.9999999403953552, 0.0, 0.0, 0.0), (0.0, 1.0, 0.0, 0.0), (0.0, 0.0, 0.9999999403953552, 0.0), (0.0, 0.0, 0.0, 1.0)],
            "LeftHandPinky3": [(1.0, 0.0, 0.0, 0.0), (0.0, 1.0, 0.0, 0.0), (0.0, 0.0, 1.0, 0.0), (0.0, 0.0, 0.0, 1.0)],
            },
        },
    "Neutral": {
        "pose_matrix": {
            "Hips": [(0.9999999403953552, 0.0, 0.0, 0.0), (0.0, 1.0, 0.0, 0.0), (0.0, 0.0, 1.0, 0.0), (0.0, 0.0, 0.0, 1.0)],
            "RightUpLeg": [(1.0, 0.0, 0.0, 0.0), (0.0, 0.9999999403953552, 0.0, 0.0), (0.0, 0.0, 1.0, 0.0), (0.0, 0.0, 0.0, 1.0)],
            "RightLeg": [(1.0, 0.0, 0.0, 0.0), (0.0, 1.0, 0.0, 0.0), (0.0, 0.0, 1.0, 0.0), (0.0, 0.0, 0.0, 1.0)],
            "RightFoot": [(1.0, 0.0, 0.0, 0.0), (0.0, 1.0, 0.0, 0.0), (0.0, 0.0, 0.9999999403953552, 0.0), (0.0, 0.0, 0.0, 1.0)],
            "LeftUpLeg": [(1.0, 0.0, 0.0, 0.0), (0.0, 0.9999999403953552, 0.0, 0.0), (0.0, 0.0, 0.9999999403953552, 0.0), (0.0, 0.0, 0.0, 1.0)],
            "LeftLeg": [(0.9999999403953552, 0.0, 0.0, 0.0), (0.0, 1.0, 0.0, 0.0), (0.0, 0.0, 1.0, 0.0), (0.0, 0.0, 0.0, 1.0)],
            "LeftFoot": [(1.0, 0.0, 0.0, 0.0), (0.0, 1.0, 0.0, 0.0), (0.0, 0.0, 1.0, 0.0), (0.0, 0.0, 0.0, 1.0)],
            "Spine": [(0.9999999403953552, 0.0, 0.0, 0.0), (0.0, 0.9999999403953552, 0.0, 0.0), (0.0, 0.0, 0.9999999403953552, 0.0), (0.0, 0.0, 0.0, 1.0)],
            "Spine1": [(1.0, 0.0, 0.0, 0.0), (0.0, 0.9999999403953552, 0.0, 0.0), (0.0, 0.0, 1.0, 0.0), (0.0, 0.0, 0.0, 1.0)],
            "Spine2": [(1.0, 0.0, 0.0, 0.0), (0.0, 1.0, 0.0, 0.0), (0.0, 0.0, 0.9999999403953552, 0.0), (0.0, 0.0, 0.0, 1.0)],
            "Spine3": [(1.0, 0.0, 0.0, 0.0), (0.0, 1.0, 0.0, 0.0), (0.0, 0.0, 1.0, 0.0), (0.0, 0.0, 0.0, 1.0)],
            "Neck": [(1.0, 0.0, 0.0, 0.0), (0.0, 1.0, 0.0, 0.0), (0.0, 0.0, 1.0, 0.0), (0.0, 0.0, 0.0, 1.0)],
            "Head": [(0.9999999403953552, 0.0, 0.0, 0.0), (0.0, 0.9999999403953552, 0.0, 0.0), (0.0, 0.0, 0.9999999403953552, 0.0), (0.0, 0.0, 0.0, 1.0)],
            "RightShoulder": [(1.0, 0.0, 0.0, 0.0), (0.0, 0.9999999403953552, 0.0, 0.0), (0.0, 0.0, 1.0, 0.0), (0.0, 0.0, 0.0, 1.0)],
            "RightArm": [(0.9999999403953552, 0.0, 0.0, 0.0), (0.0, 0.9999999403953552, 0.0, 0.0), (0.0, 0.0, 1.0, 0.0), (0.0, 0.0, 0.0, 1.0)],
            "RightForeArm": [(1.0, 0.0, 0.0, 0.0), (0.0, 0.9999999403953552, 0.0, 0.0), (0.0, 0.0, 0.9999999403953552, 0.0), (0.0, 0.0, 0.0, 1.0)],
            "RightHand": [(0.9999999403953552, 0.0, 0.0, 0.0), (0.0, 1.0, 0.0, 0.0), (0.0, 0.0, 1.0, 0.0), (0.0, 0.0, 0.0, 1.0)],
            "RightHandThumb1": [(1.0, 0.0, 0.0, 0.0), (0.0, 1.0, 0.0, 0.0), (0.0, 0.0, 1.0, 0.0), (0.0, 0.0, 0.0, 1.0)],
            "RightHandThumb2": [(1.0, 0.0, 0.0, 0.0), (0.0, 0.9999999403953552, 0.0, 0.0), (0.0, 0.0, 1.0, 0.0), (0.0, 0.0, 0.0, 1.0)],
            "RightHandThumb3": [(0.9999999403953552, 0.0, 0.0, 0.0), (0.0, 0.9999999403953552, 0.0, 0.0), (0.0, 0.0, 1.0, 0.0), (0.0, 0.0, 0.0, 1.0)],
            "RightInHandIndex": [(1.0, 0.0, 0.0, 0.0), (0.0, 1.0, 0.0, 0.0), (0.0, 0.0, 1.0, 0.0), (0.0, 0.0, 0.0, 1.0)],
            "RightHandIndex1": [(0.9999999403953552, 0.0, 0.0, 0.0), (0.0, 0.9999999403953552, 0.0, 0.0), (0.0, 0.0, 1.0, 0.0), (0.0, 0.0, 0.0, 1.0)],
            "RightHandIndex2": [(0.9999999403953552, 0.0, 0.0, 0.0), (0.0, 0.9999999403953552, 0.0, 0.0), (0.0, 0.0, 1.0, 0.0), (0.0, 0.0, 0.0, 1.0)],
            "RightHandIndex3": [(0.9999999403953552, 0.0, 0.0, 0.0), (0.0, 1.0, 0.0, 0.0), (0.0, 0.0, 0.9999999403953552, 0.0), (0.0, 0.0, 0.0, 1.0)],
            "RightInHandMiddle": [(1.0, 0.0, 0.0, 0.0), (0.0, 1.0, 0.0, 0.0), (0.0, 0.0, 1.0, 0.0), (0.0, 0.0, 0.0, 1.0)],
            "RightHandMiddle1": [(1.0, 0.0, 0.0, 0.0), (0.0, 0.9999998807907104, 0.0, 0.0), (0.0, 0.0, 0.9999999403953552, 0.0), (0.0, 0.0, 0.0, 1.0)],
            "RightHandMiddle2": [(1.0, 0.0, 0.0, 0.0), (0.0, 1.0, 0.0, 0.0), (0.0, 0.0, 1.0, 0.0), (0.0, 0.0, 0.0, 1.0)],
            "RightHandMiddle3": [(1.0, 0.0, 0.0, 0.0), (0.0, 1.0, 0.0, 0.0), (0.0, 0.0, 1.0, 0.0), (0.0, 0.0, 0.0, 1.0)],
            "RightInHandRing": [(1.0, 0.0, 0.0, 0.0), (0.0, 1.0, 0.0, 0.0), (0.0, 0.0, 1.0, 0.0), (0.0, 0.0, 0.0, 1.0)],
            "RightHandRing1": [(0.9999999403953552, 0.0, 0.0, 0.0), (0.0, 1.0, 0.0, 0.0), (0.0, 0.0, 0.9999999403953552, 0.0), (0.0, 0.0, 0.0, 1.0)],
            "RightHandRing2": [(0.9999999403953552, 0.0, 0.0, 0.0), (0.0, 1.0, 0.0, 0.0), (0.0, 0.0, 1.0, 0.0), (0.0, 0.0, 0.0, 1.0)],
            "RightHandRing3": [(0.9999999403953552, 0.0, 0.0, 0.0), (0.0, 0.9999999403953552, 0.0, 0.0), (0.0, 0.0, 1.0, 0.0), (0.0, 0.0, 0.0, 1.0)],
            "RightInHandPinky": [(1.0, 0.0, 0.0, 0.0), (0.0, 1.0, 0.0, 0.0), (0.0, 0.0, 1.0, 0.0), (0.0, 0.0, 0.0, 1.0)],
            "RightHandPinky1": [(1.0, 0.0, 0.0, 0.0), (0.0, 1.0, 0.0, 0.0), (0.0, 0.0, 1.0, 0.0), (0.0, 0.0, 0.0, 1.0)],
            "RightHandPinky2": [(0.9999999403953552, 0.0, 0.0, 0.0), (0.0, 1.0, 0.0, 0.0), (0.0, 0.0, 1.0, 0.0), (0.0, 0.0, 0.0, 1.0)],
            "RightHandPinky3": [(1.0, 0.0, 0.0, 0.0), (0.0, 1.0, 0.0, 0.0), (0.0, 0.0, 0.9999999403953552, 0.0), (0.0, 0.0, 0.0, 1.0)],
            "LeftShoulder": [(0.9999999403953552, 0.0, 0.0, 0.0), (0.0, 0.9999999403953552, 0.0, 0.0), (0.0, 0.0, 1.0, 0.0), (0.0, 0.0, 0.0, 1.0)],
            "LeftArm": [(0.9999999403953552, 0.0, 0.0, 0.0), (0.0, 1.0, 0.0, 0.0), (0.0, 0.0, 1.0, 0.0), (0.0, 0.0, 0.0, 1.0)],
            "LeftForeArm": [(1.0, 0.0, 0.0, 0.0), (0.0, 1.0, 0.0, 0.0), (0.0, 0.0, 1.0, 0.0), (0.0, 0.0, 0.0, 1.0)],
            "LeftHand": [(0.9999999403953552, 0.0, 0.0, 0.0), (0.0, 1.0, 0.0, 0.0), (0.0, 0.0, 1.0, 0.0), (0.0, 0.0, 0.0, 1.0)],
            "LeftHandThumb1": [(1.0, 0.0, 0.0, 0.0), (0.0, 1.0, 0.0, 0.0), (0.0, 0.0, 1.0, 0.0), (0.0, 0.0, 0.0, 1.0)],
            "LeftHandThumb2": [(1.0, 0.0, 0.0, 0.0), (0.0, 1.0, 0.0, 0.0), (0.0, 0.0, 1.0, 0.0), (0.0, 0.0, 0.0, 1.0)],
            "LeftHandThumb3": [(1.0, 0.0, 0.0, 0.0), (0.0, 1.0, 0.0, 0.0), (0.0, 0.0, 0.9999999403953552, 0.0), (0.0, 0.0, 0.0, 1.0)],
            "LeftInHandIndex": [(1.0, 0.0, 0.0, 0.0), (0.0, 1.0, 0.0, 0.0), (0.0, 0.0, 1.0, 0.0), (0.0, 0.0, 0.0, 1.0)],
            "LeftHandIndex1": [(1.0, 0.0, 0.0, 0.0), (0.0, 1.0, 0.0, 0.0), (0.0, 0.0, 1.0, 0.0), (0.0, 0.0, 0.0, 1.0)],
            "LeftHandIndex2": [(1.0, 0.0, 0.0, 0.0), (0.0, 0.9999999403953552, 0.0, 0.0), (0.0, 0.0, 1.0, 0.0), (0.0, 0.0, 0.0, 1.0)],
            "LeftHandIndex3": [(1.0, 0.0, 0.0, 0.0), (0.0, 1.0, 0.0, 0.0), (0.0, 0.0, 1.0, 0.0), (0.0, 0.0, 0.0, 1.0)],
            "LeftInHandMiddle": [(1.0, 0.0, 0.0, 0.0), (0.0, 1.0, 0.0, 0.0), (0.0, 0.0, 1.0, 0.0), (0.0, 0.0, 0.0, 1.0)],
            "LeftHandMiddle1": [(1.0, 0.0, 0.0, 0.0), (0.0, 1.0, 0.0, 0.0), (0.0, 0.0, 1.0, 0.0), (0.0, 0.0, 0.0, 1.0)],
            "LeftHandMiddle2": [(1.0, 0.0, 0.0, 0.0), (0.0, 1.0, 0.0, 0.0), (0.0, 0.0, 1.0, 0.0), (0.0, 0.0, 0.0, 1.0)],
            "LeftHandMiddle3": [(1.0, 0.0, 0.0, 0.0), (0.0, 0.9999999403953552, 0.0, 0.0), (0.0, 0.0, 0.9999999403953552, 0.0), (0.0, 0.0, 0.0, 1.0)],
            "LeftInHandRing": [(1.0, 0.0, 0.0, 0.0), (0.0, 1.0, 0.0, 0.0), (0.0, 0.0, 1.0, 0.0), (0.0, 0.0, 0.0, 1.0)],
            "LeftHandRing1": [(1.0, 0.0, 0.0, 0.0), (0.0, 0.9999999403953552, 0.0, 0.0), (0.0, 0.0, 0.9999999403953552, 0.0), (0.0, 0.0, 0.0, 1.0)],
            "LeftHandRing2": [(1.0, 0.0, 0.0, 0.0), (0.0, 1.0, 0.0, 0.0), (0.0, 0.0, 0.9999999403953552, 0.0), (0.0, 0.0, 0.0, 1.0)],
            "LeftHandRing3": [(0.9999999403953552, 0.0, 0.0, 0.0), (0.0, 1.0, 0.0, 0.0), (0.0, 0.0, 1.0, 0.0), (0.0, 0.0, 0.0, 1.0)],
            "LeftInHandPinky": [(1.0, 0.0, 0.0, 0.0), (0.0, 1.0, 0.0, 0.0), (0.0, 0.0, 1.0, 0.0), (0.0, 0.0, 0.0, 1.0)],
            "LeftHandPinky1": [(0.9999999403953552, 0.0, 0.0, 0.0), (0.0, 1.0, 0.0, 0.0), (0.0, 0.0, 1.0, 0.0), (0.0, 0.0, 0.0, 1.0)],
            "LeftHandPinky2": [(0.9999999403953552, 0.0, 0.0, 0.0), (0.0, 1.0, 0.0, 0.0), (0.0, 0.0, 0.9999999403953552, 0.0), (0.0, 0.0, 0.0, 1.0)],
            "LeftHandPinky3": [(1.0, 0.0, 0.0, 0.0), (0.0, 1.0, 0.0, 0.0), (0.0, 0.0, 1.0, 0.0), (0.0, 0.0, 0.0, 1.0)],
            },
        },
    }
