# Pose library auto-generated by Bento Buddy 

poses = {
    "Mixamo Alternative": {
        "pose_matrix": {
            "Hips": [(1.0, -2.050578041234985e-05, -7.156077685976925e-07, -4.073370655532926e-05), (2.050578041234985e-05, 1.0, 2.7401389957049105e-07, 0.43255615234375), (7.156021979426441e-07, -2.7402856517255714e-07, 1.0, -2.373377561569214), (0.0, 0.0, 0.0, 1.0)],
            "Spine": [(1.0, 2.0269906599423848e-05, 3.1827999009692576e-06, 0.0), (-2.026989750447683e-05, 1.0000004768371582, 7.447354732903477e-08, 5.0649046897888184e-05), (-3.182796945111477e-06, -7.453806460944179e-08, 1.0000004768371582, -3.2782580092316493e-05), (0.0, 0.0, 0.0, 1.0)],
            "Spine1": [(1.0, 1.3440087801366851e-12, 2.4913212226702897e-13, 0.0), (-1.3440087801366851e-12, 1.0, 1.3286815203628066e-07, 4.76837158203125e-06), (-2.491319596367031e-13, -1.3286815203628066e-07, 1.0, -1.576622889842838e-05), (0.0, 0.0, 0.0, 1.0)],
            "Spine2": [(1.0, 3.944304526105059e-29, 0.0, 0.0), (-3.944304526105059e-29, 1.0, 0.0, 1.049041748046875e-05), (0.0, 0.0, 1.0, -5.609848017229524e-07), (0.0, 0.0, 0.0, 1.0)],
            "Neck": [(1.0, 3.915527822543822e-29, -4.755714234161284e-30, 0.0), (-3.9155299290296985e-29, 0.999999463558197, -4.991888999938965e-07, -5.799068821943365e-05), (4.7556973070426324e-30, 4.991888999938965e-07, 0.999999463558197, 7.685062155360356e-05), (0.0, 0.0, 0.0, 1.0)],
            "Head": [(1.0, 9.182989096413391e-40, 0.0, 0.0), (-9.182989096413391e-40, 1.0, 7.450580596923828e-09, 1.4693712913071977e-08), (0.0, -7.450580596923828e-09, 1.0, -6.461158363890718e-07), (0.0, 0.0, 0.0, 1.0)],
            "LeftShoulder": [(0.9999996423721313, -0.0005169312353245914, -1.8469154383637942e-05, -0.0001170806135633029), (0.0005170019576326013, 0.9999914169311523, 0.004058109596371651, 6.908830255270004e-05), (1.6371242963941768e-05, -0.004058120306581259, 0.9999911189079285, 0.00012288452126085758), (0.0, 0.0, 0.0, 1.0)],
            "LeftArm": [(0.997783362865448, -0.06649567186832428, -0.002550362376496196, 9.022087033372372e-05), (0.0665256455540657, 0.9958532452583313, 0.06205357611179352, -4.7652276407461613e-05), (-0.0015865071909502149, -0.06208568066358566, 0.9980698227882385, -4.665109736379236e-05), (0.0, 0.0, 0.0, 1.0)],
            "LeftForeArm": [(0.9936066269874573, 0.11276283860206604, -0.005540314130485058, -5.69988478673622e-05), (-0.11276280879974365, 0.9888061285018921, -0.0977136492729187, 4.768613143824041e-05), (-0.005540171172469854, 0.09771373122930527, 0.9951988458633423, -6.366280285874382e-05), (0.0, 0.0, 0.0, 1.0)],
            "LeftHand": [(0.9810648560523987, 0.13380546867847443, -0.1400230973958969, 2.5373989046784118e-05), (-0.12303498387336731, 0.988926887512207, 0.08297555893659592, -4.577385698212311e-05), (0.14957518875598907, -0.06417667865753174, 0.9866652488708496, 8.598035492468625e-06), (0.0, 0.0, 0.0, 1.0)],
            "LeftHandThumb1": [(0.9612445831298828, -0.2071991264820099, -0.1818685382604599, -4.736760092782788e-05), (0.2165689319372177, 0.9757071137428284, 0.033045876771211624, 6.508827209472656e-05), (0.17060346901416779, -0.07115226984024048, 0.9827669262886047, 1.902565963973757e-05), (0.0, 0.0, 0.0, 1.0)],
            "LeftHandThumb2": [(0.9958261251449585, -0.09078124165534973, -0.009411581791937351, 1.9764142962230835e-06), (0.09107393771409988, 0.9816991090774536, 0.16725361347198486, 3.080489477724768e-05), (-0.005944144446402788, -0.1674128621816635, 0.9858688116073608, 2.5127676053671166e-05), (0.0, 0.0, 0.0, 1.0)],
            "LeftHandThumb3": [(0.987562358379364, -0.15722784399986267, -5.388419231167063e-05, 4.3110503611387685e-06), (0.1572277992963791, 0.987561821937561, -0.0007739465218037367, -9.082299220608547e-05), (0.0001748999929986894, 0.0007558483048342168, 0.9999995827674866, 4.816191358258948e-05), (0.0, 0.0, 0.0, 1.0)],
            "LeftHandIndex1": [(0.9410290718078613, -0.33831214904785156, 0.003181409789249301, 6.288445547397714e-06), (0.3377208411693573, 0.9398629665374756, 0.0510108508169651, 4.802178591489792e-05), (-0.020247675478458405, -0.04692820832133293, 0.9986935257911682, -1.9509345293045044e-05), (0.0, 0.0, 0.0, 1.0)],
            "LeftHandIndex2": [(0.9999575614929199, 0.009210288524627686, 0.00029263822943903506, 7.946666300995275e-06), (-0.009177496656775475, 0.99253249168396, 0.12163452059030533, -1.764425542205572e-05), (0.0008298364118672907, -0.12163206189870834, 0.9925746917724609, 1.3345349543669727e-05), (0.0, 0.0, 0.0, 1.0)],
            "LeftHandIndex3": [(0.9999927282333374, 0.0038031009025871754, -0.0002065337757812813, -5.333249646355398e-06), (-0.0037879280280321836, 0.998731791973114, 0.05021830275654793, 5.725273695134092e-06), (0.00039725686656311154, -0.05021720007061958, 0.9987381100654602, 1.594326204212848e-05), (0.0, 0.0, 0.0, 1.0)],
            "LeftHandMiddle1": [(0.9960333704948425, -0.08885636925697327, -0.004869877826422453, 4.994751725462265e-05), (0.0888170450925827, 0.9892011880874634, 0.11658723652362823, -3.653392195701599e-05), (-0.005542233120650053, -0.11655718088150024, 0.9931687712669373, 1.007778337225318e-06), (0.0, 0.0, 0.0, 1.0)],
            "LeftHandMiddle2": [(0.999981701374054, 0.006047747563570738, -1.4575914065062534e-05, 3.7432262161019025e-06), (-0.0060126520693302155, 0.9944311380386353, 0.1052113026380539, 5.077854075352661e-05), (0.0006507864454761147, -0.10520923137664795, 0.9944499135017395, -2.586298796813935e-05), (0.0, 0.0, 0.0, 1.0)],
            "LeftHandMiddle3": [(0.9999949932098389, -0.0031636240892112255, 8.723844803171232e-05, -5.3092835514689796e-06), (0.0031636194325983524, 0.9984724521636963, -0.05516122281551361, -3.337858652230352e-05), (8.740422344999388e-05, 0.0551612451672554, 0.998477041721344, 6.845768075436354e-05), (0.0, 0.0, 0.0, 1.0)],
            "LeftHandRing1": [(0.9911504983901978, 0.13151098787784576, -0.01806214638054371, -5.934120054007508e-05), (-0.12134694308042526, 0.9527791738510132, 0.2783653736114502, 0.00010097026824951172), (0.05381733924150467, -0.27371010184288025, 0.9603056907653809, 4.16608527302742e-05), (0.0, 0.0, 0.0, 1.0)],
            "LeftHandRing2": [(0.999993085861206, -0.0037188041023910046, 4.1390838305233046e-05, 1.0561542467257823e-06), (0.0037114496808499098, 0.9971811771392822, -0.07493829727172852, -6.294989725574851e-05), (0.00023740656615700573, 0.07493789494037628, 0.9971885085105896, -8.61515654833056e-05), (0.0, 0.0, 0.0, 1.0)],
            "LeftHandRing3": [(1.0, -0.00013923620281275362, -5.768838946096366e-06, 4.094506493856898e-06), (0.00013921016943641007, 0.9999907612800598, -0.004290849901735783, 1.7166246834676713e-05), (6.366227808030089e-06, 0.004290849436074495, 0.9999907612800598, 2.3293596314033493e-05), (0.0, 0.0, 0.0, 1.0)],
            "LeftHandPinky1": [(0.9257748126983643, 0.37774452567100525, -0.01579534076154232, -4.246317985234782e-05), (-0.3669176399707794, 0.9077464938163757, 0.2033916860818863, -1.4935253602743614e-05), (0.09116823971271515, -0.18249952793121338, 0.9789694547653198, 6.487325299531221e-05), (0.0, 0.0, 0.0, 1.0)],
            "LeftHandPinky2": [(0.9999902248382568, 0.004393415059894323, 6.99320444255136e-05, -7.153015531002893e-07), (-0.0043850974179804325, 0.9968329071998596, 0.07940032333135605, -5.483696440933272e-05), (0.000279128085821867, -0.07939985394477844, 0.996842622756958, 4.585037095239386e-05), (0.0, 0.0, 0.0, 1.0)],
            "LeftHandPinky3": [(0.999998927116394, 0.0014623271999880672, -5.575006071012467e-05, 5.6937465160444845e-06), (-0.0014602936571463943, 0.9996365904808044, 0.0269407257437706, 6.890548684168607e-05), (9.512597171124071e-05, -0.02694065310060978, 0.9996362328529358, 9.959835733752698e-05), (0.0, 0.0, 0.0, 1.0)],
            "RightShoulder": [(0.9999997615814209, 0.0005063985590822995, -1.8091124729835428e-05, 6.556027801707387e-05), (-0.0005063210846856236, 0.999991238117218, 0.0040604593232274055, 4.52469103038311e-05), (2.0147197574260645e-05, -0.004060450475662947, 0.9999910593032837, 9.179720655083656e-05), (0.0, 0.0, 0.0, 1.0)],
            "RightArm": [(0.9973537921905518, 0.07264453917741776, 0.002778134075924754, -2.256976586068049e-05), (-0.07267753779888153, 0.9954530596733093, 0.061578650027513504, -1.9042074200115167e-05), (0.0017078494420275092, -0.061617638915777206, 0.9980984926223755, 9.377243259223178e-06), (0.0, 0.0, 0.0, 1.0)],
            "RightForeArm": [(0.9932041764259338, -0.11624433100223541, 0.005710747092962265, 2.313596814929042e-05), (0.1162443459033966, 0.9884050488471985, -0.09768471866846085, -1.8971176132254186e-06), (0.005710760597139597, 0.09768465906381607, 0.9952014088630676, -9.474455146118999e-05), (0.0, 0.0, 0.0, 1.0)],
            "RightHand": [(0.9831211566925049, -0.14009007811546326, 0.1176786795258522, -7.769162766635418e-05), (0.12966324388980865, 0.9872758388519287, 0.09205511957406998, 1.7164304153993726e-05), (-0.12907734513282776, -0.07524270564317703, 0.988775908946991, -2.4357994334422983e-05), (0.0, 0.0, 0.0, 1.0)],
            "RightHandThumb1": [(0.9612445831298828, 0.2071991115808487, 0.1818685531616211, 4.736760092782788e-05), (-0.21656891703605652, 0.9757071137428284, 0.033045873045921326, 6.508827209472656e-05), (-0.17060348391532898, -0.07115226238965988, 0.9827669262886047, 1.902565963973757e-05), (0.0, 0.0, 0.0, 1.0)],
            "RightHandThumb2": [(0.9954960942268372, 0.09427111595869064, 0.010016214102506638, 3.1039965051604668e-06), (-0.094582200050354, 0.9804492592811584, 0.1725546270608902, -5.580291690421291e-05), (0.006446521729230881, -0.17272502183914185, 0.9849486947059631, 6.095299613662064e-05), (0.0, 0.0, 0.0, 1.0)],
            "RightHandThumb3": [(0.9854311347007751, 0.16990433633327484, 0.007607247214764357, -5.004688318877015e-06), (-0.16828489303588867, 0.9805576205253601, -0.1009303629398346, 6.126429798314348e-05), (-0.02460782788693905, 0.09817966818809509, 0.9948652386665344, -8.202988828998059e-05), (0.0, 0.0, 0.0, 1.0)],
            "RightHandIndex1": [(0.9410290122032166, 0.33831217885017395, -0.0031814074609428644, -6.288445547397714e-06), (-0.3377209007740021, 0.9398629069328308, 0.051010861992836, 4.802178591489792e-05), (0.020247681066393852, -0.04692821949720383, 0.9986935257911682, -1.9509345293045044e-05), (0.0, 0.0, 0.0, 1.0)],
            "RightHandIndex2": [(0.9999812245368958, -0.006127982400357723, -6.236207991605625e-05, 3.766956297113211e-06), (0.006111595313996077, 0.9964538216590881, 0.08392339944839478, 4.5778062485624105e-05), (-0.00045214008423499763, -0.08392224460840225, 0.9964720010757446, -7.789973892613489e-07), (0.0, 0.0, 0.0, 1.0)],
            "RightHandIndex3": [(0.9999998807907104, 0.00021942428429611027, -7.134141924325377e-06, -5.749038791691419e-06), (-0.00021944593754597008, 0.9999949932098389, -0.0031998746562749147, 2.6228957722196355e-05), (6.431971996789798e-06, 0.0031998755875974894, 0.999995231628418, 2.0443917492229957e-06), (0.0, 0.0, 0.0, 1.0)],
            "RightHandMiddle1": [(0.9965461492538452, 0.082994244992733, 0.002470471663400531, 9.026808402268216e-05), (-0.08297325670719147, 0.9943056106567383, 0.06687482446432114, 2.5898916646838188e-05), (0.0030938200652599335, -0.06684894114732742, 0.9977577328681946, 0.00011114966764580458), (0.0, 0.0, 0.0, 1.0)],
            "RightHandMiddle2": [(0.9999604821205139, -0.00890298094600439, -2.867862167477142e-05, -1.8828965266948217e-06), (0.00881649274379015, 0.9897875785827637, 0.14227643609046936, 3.767207817872986e-05), (-0.0012382984859868884, -0.1422709971666336, 0.9898273348808289, -8.321591303683817e-05), (0.0, 0.0, 0.0, 1.0)],
            "RightHandMiddle3": [(0.9999940991401672, 0.0033929054625332355, -0.0001393936254316941, 3.161443828503252e-06), (-0.003395462641492486, 0.9985084533691406, -0.05447964370250702, -0.00010728461347753182), (-4.565860945149325e-05, 0.054479777812957764, 0.9985146522521973, 7.167586591094732e-05), (0.0, 0.0, 0.0, 1.0)],
            "RightHandRing1": [(0.9911504983901978, -0.13151097297668457, 0.01806214451789856, 5.934120054007508e-05), (0.12134693562984467, 0.9527791738510132, 0.2783653736114502, 0.00010097026824951172), (-0.05381733179092407, -0.27371010184288025, 0.9603056907653809, 4.16608527302742e-05), (0.0, 0.0, 0.0, 1.0)],
            "RightHandRing2": [(0.999991238117218, -0.004213469568639994, 7.049804844427854e-05, -2.0035423631270532e-07), (0.004190798848867416, 0.996087908744812, 0.08827091753482819, -5.221469473326579e-05), (-0.0004421493213158101, -0.0882699191570282, 0.9960957765579224, 0.00011173442180734128), (0.0, 0.0, 0.0, 1.0)],
            "RightHandRing3": [(0.9999892711639404, 0.0046332464553415775, -5.757679900852963e-05, 2.0108072931179777e-06), (-0.004616872873157263, 0.9952456951141357, -0.09728261083364487, 2.1935999029665254e-05), (-0.0003934312262572348, 0.09728175401687622, 0.9952571392059326, -7.997576904017478e-05), (0.0, 0.0, 0.0, 1.0)],
            "RightHandPinky1": [(0.9257748126983643, -0.3777444362640381, 0.015795361250638962, 4.246317985234782e-05), (0.3669174909591675, 0.9077465534210205, 0.20339161157608032, -1.4935253602743614e-05), (-0.09116819500923157, -0.1824994683265686, 0.9789695739746094, 6.487325299531221e-05), (0.0, 0.0, 0.0, 1.0)],
            "RightHandPinky2": [(0.9999840259552002, -0.005673387087881565, -2.75330021395348e-05, 1.1778516864069388e-06), (0.0056352331303060055, 0.9926723837852478, 0.12070225179195404, 0.00010324047616450116), (-0.0006574593135155737, -0.12070035934448242, 0.9926892518997192, -1.650283047638368e-05), (0.0, 0.0, 0.0, 1.0)],
            "RightHandPinky3": [(0.9999990463256836, 0.001281845266930759, -7.810082752257586e-05, 2.2121464553492842e-06), (-0.0012839402770623565, 0.999203622341156, -0.03987675905227661, -8.010657620616257e-05), (2.6922791221295483e-05, 0.03987681493163109, 0.999204695224762, -1.1471242032712325e-05), (0.0, 0.0, 0.0, 1.0)],
            "LeftUpLeg": [(0.9965031147003174, 0.08354230225086212, 0.0016586098354309797, -1.0461080819368362e-06), (-0.08340103179216385, 0.9956446290016174, -0.04166560620069504, -1.6763806343078613e-07), (-0.005132226273417473, 0.04138154909014702, 0.9991306066513062, -2.3543834686279297e-06), (0.0, 0.0, 0.0, 1.0)],
            "LeftLeg": [(0.9999996423721313, 8.17516483948566e-05, -0.00016125456022564322, 2.5106155590037815e-06), (-7.926151010906324e-05, 0.9998820424079895, 0.01538191456347704, -2.2887494196766056e-05), (0.00016249303007498384, -0.015381916426122189, 0.9998810887336731, 3.133538371002942e-07), (0.0, 0.0, 0.0, 1.0)],
            "LeftFoot": [(0.9964262247085571, -0.047788992524147034, 0.06964276731014252, 5.03601904711104e-06), (0.04615066200494766, 0.9986235499382019, 0.024947067722678185, -3.6171300052956212e-06), (-0.07073905318975449, -0.021643882617354393, 0.9972597360610962, -7.51239167584572e-06), (0.0, 0.0, 0.0, 1.0)],
            "LeftToeBase": [(1.000000238418579, -1.004182070829529e-08, -4.4842107804754505e-09, -1.5201625274130492e-06), (1.004182248465213e-08, 1.0000001192092896, 3.2363562496584564e-08, 2.3474042336601997e-06), (4.484214777278339e-09, -3.2363590918293994e-08, 0.9999992847442627, 5.425952167570358e-06), (0.0, 0.0, 0.0, 1.0)],
            "RightUpLeg": [(0.9965028166770935, -0.08354208618402481, -0.0015464856987819076, -6.656628102064133e-07), (0.08342430740594864, 0.9957981705665588, -0.03777401149272919, -3.097951412200928e-05), (0.004695705603808165, 0.03751291707158089, 0.9992849826812744, 2.507156750652939e-06), (0.0, 0.0, 0.0, 1.0)],
            "RightLeg": [(1.0000007152557373, -2.892911470553372e-05, 0.0001470908464398235, 0.0), (2.8058191674062982e-05, 0.999982476234436, 0.005917678587138653, 0.0), (-0.00014725954679306597, -0.005917673464864492, 0.9999825954437256, 0.0), (0.0, 0.0, 0.0, 1.0)],
            "RightFoot": [(0.9964126348495483, 0.04764113575220108, -0.06993033736944199, 0.0), (-0.04559548199176788, 0.9984918236732483, 0.03056362457573414, 0.0), (0.07128095626831055, -0.027265500277280807, 0.9970831274986267, 0.0), (0.0, 0.0, 0.0, 1.0)],
            "RightToeBase": [(1.0000004768371582, 2.3096932366684086e-08, 1.0253806692617218e-07, 9.218602826877031e-06), (-2.309692348489989e-08, 1.0000008344650269, -9.546084811518085e-09, 8.707424967724364e-06), (-1.025381308750184e-07, 9.546091916945443e-09, 0.9999998807907104, -1.0303258932253812e-05), (0.0, 0.0, 0.0, 1.0)],
            },
        },
    "Mixamo Alternative - hands / legs": {
        "pose_matrix": {
            "Hips": [(1.0, -2.050578041234985e-05, -7.156077685976925e-07, -4.073370655532926e-05), (2.050578041234985e-05, 1.0, 2.7401389957049105e-07, 0.43255615234375), (7.156021979426441e-07, -2.7402856517255714e-07, 1.0, -2.373377561569214), (0.0, 0.0, 0.0, 1.0)],
            "Spine": [(1.0, 2.0269906599423848e-05, 3.1827999009692576e-06, 0.0), (-2.026989750447683e-05, 1.0000004768371582, 7.447354732903477e-08, 5.0649046897888184e-05), (-3.182796945111477e-06, -7.453806460944179e-08, 1.0000004768371582, -3.2782580092316493e-05), (0.0, 0.0, 0.0, 1.0)],
            "Spine1": [(1.0, 1.3440087801366851e-12, 2.4913212226702897e-13, 0.0), (-1.3440087801366851e-12, 1.0, 1.3286815203628066e-07, 0.0), (-2.491319596367031e-13, -1.3286815203628066e-07, 1.0, 0.0), (0.0, 0.0, 0.0, 1.0)],
            "Spine2": [(1.0, 3.944304526105059e-29, 0.0, 0.0), (-3.944304526105059e-29, 1.0, 0.0, 0.0), (0.0, 0.0, 1.0, 0.0), (0.0, 0.0, 0.0, 1.0)],
            "Neck": [(1.0, 3.915527822543822e-29, -4.755714234161284e-30, 0.0), (-3.9155299290296985e-29, 0.999999463558197, -4.991888999938965e-07, -5.799068821943365e-05), (4.7556973070426324e-30, 4.991888999938965e-07, 0.999999463558197, 7.685062155360356e-05), (0.0, 0.0, 0.0, 1.0)],
            "Head": [(1.0, 9.182989096413391e-40, 0.0, 0.0), (-9.182989096413391e-40, 1.0, 7.450580596923828e-09, 1.4693712913071977e-08), (0.0, -7.450580596923828e-09, 1.0, -6.461158363890718e-07), (0.0, 0.0, 0.0, 1.0)],
            "HeadTop_End": [(1.0, 0.0, 0.0, 0.0), (0.0, 1.0, 0.0, -3.814697265625e-06), (0.0, 0.0, 1.0, -1.1920928955078125e-07), (0.0, 0.0, 0.0, 1.0)],
            "LeftShoulder": [(0.9999996423721313, -0.0005169312353245914, -1.8469154383637942e-05, -0.0001170806135633029), (0.0005170019576326013, 0.9999914169311523, 0.004058109596371651, 6.908830255270004e-05), (1.6371242963941768e-05, -0.004058120306581259, 0.9999911189079285, 0.00012288452126085758), (0.0, 0.0, 0.0, 1.0)],
            "LeftArm": [(0.997783362865448, -0.06649566441774368, -0.002550362376496196, 9.022087033372372e-05), (0.0665256455540657, 0.9958531856536865, 0.062053579837083817, -4.7652276407461613e-05), (-0.0015865073073655367, -0.06208568066358566, 0.9980698227882385, -4.665109736379236e-05), (0.0, 0.0, 0.0, 1.0)],
            "LeftForeArm": [(0.9936066269874573, 0.11276283860206604, -0.005540314596146345, -5.69988478673622e-05), (-0.11276280879974365, 0.9888061285018921, -0.0977136567234993, 4.768613143824041e-05), (-0.005540171638131142, 0.09771373867988586, 0.9951988458633423, -6.366280285874382e-05), (0.0, 0.0, 0.0, 1.0)],
            "LeftHand": [(0.9810648560523987, 0.13380546867847443, -0.14002308249473572, 0.0), (-0.12303498387336731, 0.988926887512207, 0.08297555893659592, 0.0), (0.14957518875598907, -0.06417668610811234, 0.9866651892662048, 0.0), (0.0, 0.0, 0.0, 1.0)],
            "LeftHandThumb1": [(0.9612445831298828, -0.2071991264820099, -0.1818685382604599, -4.736760092782788e-05), (0.2165689468383789, 0.9757070541381836, 0.033045876771211624, 6.508827209472656e-05), (0.17060346901416779, -0.07115227729082108, 0.98276686668396, 1.902565963973757e-05), (0.0, 0.0, 0.0, 1.0)],
            "LeftHandThumb2": [(0.9958260655403137, -0.09078124910593033, -0.009411581791937351, 1.9764142962230835e-06), (0.09107393771409988, 0.9816991090774536, 0.16725361347198486, 3.080489477724768e-05), (-0.0059441449120640755, -0.1674128621816635, 0.9858688116073608, 2.5127676053671166e-05), (0.0, 0.0, 0.0, 1.0)],
            "LeftHandThumb3": [(0.987562358379364, -0.15722784399986267, -5.388419231167063e-05, 4.3110503611387685e-06), (0.1572277992963791, 0.987561821937561, -0.0007739465218037367, -9.082299220608547e-05), (0.0001748999929986894, 0.0007558483048342168, 0.9999995827674866, 4.816191358258948e-05), (0.0, 0.0, 0.0, 1.0)],
            "LeftHandThumb4": [(1.0, 1.3504177331924438e-08, -5.587935003603661e-09, 6.6513375713839196e-06), (-1.3504177331924438e-08, 1.0, -3.1903741870564772e-09, 4.284436272428138e-06), (5.587935891782081e-09, 3.190374631145687e-09, 0.9999998807907104, -2.5740330329426797e-06), (0.0, 0.0, 0.0, 1.0)],
            "LeftHandIndex1": [(0.9410290122032166, -0.3383122384548187, 0.003181406995281577, 6.288445547397714e-06), (0.33772093057632446, 0.9398629665374756, 0.0510108657181263, 4.802178591489792e-05), (-0.020247682929039, -0.046928223222494125, 0.9986935257911682, -1.9509345293045044e-05), (0.0, 0.0, 0.0, 1.0)],
            "LeftHandIndex2": [(0.9999575614929199, 0.009210288524627686, 0.00029263822943903506, 7.946666300995275e-06), (-0.009177496656775475, 0.99253249168396, 0.12163452804088593, -1.764425542205572e-05), (0.0008298364700749516, -0.12163206934928894, 0.9925746917724609, 1.3345349543669727e-05), (0.0, 0.0, 0.0, 1.0)],
            "LeftHandIndex3": [(0.9999927282333374, 0.0038031009025871754, -0.00020653376122936606, -5.333249646355398e-06), (-0.0037879280280321836, 0.998731791973114, 0.050218306481838226, 5.725273695134092e-06), (0.000397256895666942, -0.05021720379590988, 0.9987381100654602, 1.594326204212848e-05), (0.0, 0.0, 0.0, 1.0)],
            "LeftHandIndex4": [(0.9999998807907104, 3.958120053937364e-09, -2.3283031058696224e-10, -4.4290484879638825e-07), (-3.958120053937364e-09, 0.9999998807907104, -1.741986643821747e-08, -1.621234514459502e-05), (2.32830255075811e-10, 1.741986643821747e-08, 0.9999998807907104, 2.8810636649723165e-05), (0.0, 0.0, 0.0, 1.0)],
            "LeftHandMiddle1": [(0.9960333704948425, -0.08885636925697327, -0.004869877826422453, 4.994751725462265e-05), (0.0888170450925827, 0.9892011880874634, 0.11658723652362823, -3.653392195701599e-05), (-0.005542233120650053, -0.11655718088150024, 0.9931687712669373, 1.007778337225318e-06), (0.0, 0.0, 0.0, 1.0)],
            "LeftHandMiddle2": [(0.999981701374054, 0.006047749426215887, -1.4575806744687725e-05, 3.7432262161019025e-06), (-0.006012653931975365, 0.9944311380386353, 0.10521132498979568, 5.077854075352661e-05), (0.0006507866783067584, -0.10520925372838974, 0.9944499135017395, -2.586298796813935e-05), (0.0, 0.0, 0.0, 1.0)],
            "LeftHandMiddle3": [(0.9999949932098389, -0.0031636240892112255, 8.723844803171232e-05, -5.3092835514689796e-06), (0.0031636194325983524, 0.9984724521636963, -0.05516122281551361, -3.337858652230352e-05), (8.740421617403626e-05, 0.0551612451672554, 0.998477041721344, 6.845768075436354e-05), (0.0, 0.0, 0.0, 1.0)],
            "LeftHandMiddle4": [(1.0000001192092896, 1.6880226105797647e-09, 4.65661453841193e-10, 5.552301445277408e-07), (-1.6880223885351597e-09, 1.000000238418579, 7.584611161348676e-09, 1.2397765203786548e-05), (-4.65661453841193e-10, -7.584612049527095e-09, 1.0000001192092896, 6.770793561372557e-07), (0.0, 0.0, 0.0, 1.0)],
            "LeftHandRing1": [(0.9911504983901978, 0.13151098787784576, -0.01806214638054371, -5.934120054007508e-05), (-0.12134694308042526, 0.9527791738510132, 0.2783653736114502, 0.00010097026824951172), (0.05381733924150467, -0.27371010184288025, 0.9603056907653809, 4.16608527302742e-05), (0.0, 0.0, 0.0, 1.0)],
            "LeftHandRing2": [(0.999993085861206, -0.003718805033713579, 4.139087468502112e-05, 1.0561542467257823e-06), (0.0037114506121724844, 0.9971811771392822, -0.07493831217288971, -6.294989725574851e-05), (0.0002374066534684971, 0.07493790984153748, 0.9971885085105896, -8.61515654833056e-05), (0.0, 0.0, 0.0, 1.0)],
            "LeftHandRing3": [(1.0, -0.00013923620281275362, -5.768838946096366e-06, 4.094506493856898e-06), (0.0001392101839883253, 0.999990701675415, -0.004290849901735783, 1.7166246834676713e-05), (6.366227808030089e-06, 0.004290848970413208, 0.9999907612800598, 2.3293596314033493e-05), (0.0, 0.0, 0.0, 1.0)],
            "LeftHandRing4": [(0.9999999403953552, -6.984919309616089e-10, 4.656612873077393e-10, -1.6900361998750668e-08), (6.984918754504577e-10, 1.0, -1.8418091496386069e-09, -4.291528057365213e-06), (-4.656612040410124e-10, 1.841808927594002e-09, 1.0000001192092896, 3.5213529372413177e-06), (0.0, 0.0, 0.0, 1.0)],
            "LeftHandPinky1": [(0.9257748126983643, 0.37774452567100525, -0.01579534448683262, -4.246317985234782e-05), (-0.36691761016845703, 0.9077464938163757, 0.2033916711807251, -1.4935253602743614e-05), (0.09116823971271515, -0.18249952793121338, 0.978969395160675, 6.487325299531221e-05), (0.0, 0.0, 0.0, 1.0)],
            "LeftHandPinky2": [(0.9999902248382568, 0.004393414594233036, 6.993205897742882e-05, -7.153015531002893e-07), (-0.0043850974179804325, 0.9968328475952148, 0.07940033078193665, -5.483696440933272e-05), (0.00027912811492569745, -0.07939986139535904, 0.996842622756958, 4.585037095239386e-05), (0.0, 0.0, 0.0, 1.0)],
            "LeftHandPinky3": [(0.999998927116394, 0.0014623271999880672, -5.575004979618825e-05, 5.6937465160444845e-06), (-0.0014602936571463943, 0.9996365904808044, 0.02694072388112545, 6.890548684168607e-05), (9.51259644352831e-05, -0.02694065310060978, 0.999636173248291, 9.959835733752698e-05), (0.0, 0.0, 0.0, 1.0)],
            "LeftHandPinky4": [(1.0, 1.1641527325467749e-10, -1.7462298274040222e-09, -9.422358004940179e-08), (-1.1641525937688968e-10, 1.0, 5.0729340728139505e-09, 1.1801719665527344e-05), (1.7462298274040222e-09, -5.0729340728139505e-09, 1.0, -5.477986178448191e-06), (0.0, 0.0, 0.0, 1.0)],
            "RightShoulder": [(0.9999997615814209, 0.0005063985590822995, -1.8091124729835428e-05, 6.556027801707387e-05), (-0.0005063210846856236, 0.999991238117218, 0.0040604593232274055, 4.52469103038311e-05), (2.0147197574260645e-05, -0.004060450475662947, 0.9999910593032837, 9.179720655083656e-05), (0.0, 0.0, 0.0, 1.0)],
            "RightArm": [(0.9973537921905518, 0.07264453917741776, 0.002778134075924754, -2.256976586068049e-05), (-0.07267753779888153, 0.9954530596733093, 0.061578650027513504, -1.9042074200115167e-05), (0.0017078494420275092, -0.061617638915777206, 0.9980984926223755, 9.377243259223178e-06), (0.0, 0.0, 0.0, 1.0)],
            "RightForeArm": [(0.9932041764259338, -0.11624433845281601, 0.005710747558623552, 2.313596814929042e-05), (0.1162443533539772, 0.9884049892425537, -0.09768471866846085, -1.8971176132254186e-06), (0.005710761062800884, 0.09768465906381607, 0.9952014088630676, -9.474455146118999e-05), (0.0, 0.0, 0.0, 1.0)],
            "RightHand": [(0.9831211566925049, -0.14009007811546326, 0.1176786720752716, -7.769162766635418e-05), (0.12966324388980865, 0.9872758388519287, 0.09205511957406998, 1.7164304153993726e-05), (-0.12907733023166656, -0.07524270564317703, 0.988775908946991, -2.4357994334422983e-05), (0.0, 0.0, 0.0, 1.0)],
            "RightHandThumb1": [(0.9612445831298828, 0.2071991115808487, 0.1818685531616211, 4.736760092782788e-05), (-0.2165689319372177, 0.9757070541381836, 0.033045873045921326, 6.508827209472656e-05), (-0.17060348391532898, -0.07115227729082108, 0.98276686668396, 1.902565963973757e-05), (0.0, 0.0, 0.0, 1.0)],
            "RightHandThumb2": [(0.9954960346221924, 0.09427112340927124, 0.010016214102506638, 3.1039965051604668e-06), (-0.094582200050354, 0.9804492592811584, 0.172554612159729, -5.580291690421291e-05), (0.006446521729230881, -0.17272502183914185, 0.9849486351013184, 6.095299613662064e-05), (0.0, 0.0, 0.0, 1.0)],
            "RightHandThumb3": [(0.9854310750961304, 0.16990433633327484, 0.007607249077409506, -5.004688318877015e-06), (-0.16828489303588867, 0.9805576205253601, -0.1009303629398346, 6.126429798314348e-05), (-0.02460782788693905, 0.09817966818809509, 0.9948652386665344, -8.202988828998059e-05), (0.0, 0.0, 0.0, 1.0)],
            "RightHandThumb4": [(1.0000001192092896, 9.313224857976365e-09, -3.725290298461914e-09, -3.0258786409831373e-06), (-9.313224857976365e-09, 1.0000001192092896, -3.301974160763166e-08, 1.6461708582937717e-05), (3.7252898543727042e-09, 3.301974160763166e-08, 1.0000001192092896, 9.617773685022257e-06), (0.0, 0.0, 0.0, 1.0)],
            "RightHandIndex1": [(0.9410290122032166, 0.33831217885017395, -0.0031814042013138533, -6.288445547397714e-06), (-0.33772093057632446, 0.9398629069328308, 0.051010861992836, 4.802178591489792e-05), (0.020247682929039, -0.04692821949720383, 0.9986935257911682, -1.9509345293045044e-05), (0.0, 0.0, 0.0, 1.0)],
            "RightHandIndex2": [(0.9999812245368958, -0.006127982400357723, -6.236207991605625e-05, 3.766956297113211e-06), (0.006111595313996077, 0.9964538216590881, 0.08392339199781418, 4.5778062485624105e-05), (-0.00045214008423499763, -0.08392224460840225, 0.9964719414710999, -7.789973892613489e-07), (0.0, 0.0, 0.0, 1.0)],
            "RightHandIndex3": [(0.9999998807907104, 0.00021942434250377119, -7.134144198062131e-06, -5.749038791691419e-06), (-0.000219445995753631, 0.9999949932098389, -0.0031998755875974894, 2.6228957722196355e-05), (6.431973815779202e-06, 0.003199876518920064, 0.999995231628418, 2.0443917492229957e-06), (0.0, 0.0, 0.0, 1.0)],
            "RightHandIndex4": [(1.0, -7.450580596923828e-09, -5.355105248128211e-09, -1.1344335462126764e-06), (7.450580596923828e-09, 1.0, 2.3756204114988577e-08, 4.053156771988142e-06), (5.3551048040390015e-09, -2.37562005622749e-08, 1.0000001192092896, -3.1010472412162926e-06), (0.0, 0.0, 0.0, 1.0)],
            "RightHandMiddle1": [(0.9965461492538452, 0.082994244992733, 0.002470471663400531, 9.026808402268216e-05), (-0.08297325670719147, 0.9943056106567383, 0.06687482446432114, 2.5898916646838188e-05), (0.0030938200652599335, -0.06684894114732742, 0.9977577328681946, 0.00011114966764580458), (0.0, 0.0, 0.0, 1.0)],
            "RightHandMiddle2": [(0.9999604821205139, -0.008902981877326965, -2.867863076971844e-05, -1.8828965266948217e-06), (0.008816493675112724, 0.9897875785827637, 0.14227643609046936, 3.767207817872986e-05), (-0.0012382986024022102, -0.1422709971666336, 0.9898273348808289, -8.321591303683817e-05), (0.0, 0.0, 0.0, 1.0)],
            "RightHandMiddle3": [(0.9999940395355225, 0.0033929054625332355, -0.0001393936254316941, 3.161443828503252e-06), (-0.0033954624086618423, 0.9985084533691406, -0.05447964370250702, -0.00010728461347753182), (-4.565860945149325e-05, 0.054479777812957764, 0.9985146522521973, 7.167586591094732e-05), (0.0, 0.0, 0.0, 1.0)],
            "RightHandMiddle4": [(1.0000001192092896, -1.6298149496662973e-09, 1.1641531072470457e-09, -5.870840027455415e-07), (1.6298149496662973e-09, 1.0000001192092896, 1.0374011871761013e-08, -7.152557373046875e-07), (-1.1641532182693481e-09, -1.0374012759939433e-08, 1.0, 1.83747744131324e-07), (0.0, 0.0, 0.0, 1.0)],
            "RightHandRing1": [(0.9911504983901978, -0.13151097297668457, 0.01806214451789856, 5.934120054007508e-05), (0.12134693562984467, 0.9527791738510132, 0.2783653736114502, 0.00010097026824951172), (-0.05381733179092407, -0.27371010184288025, 0.9603056907653809, 4.16608527302742e-05), (0.0, 0.0, 0.0, 1.0)],
            "RightHandRing2": [(0.999991238117218, -0.004213469568639994, 7.0498077548109e-05, -2.0035423631270532e-07), (0.004190798848867416, 0.996087908744812, 0.08827091753482819, -5.221469473326579e-05), (-0.00044214935041964054, -0.0882699191570282, 0.9960957765579224, 0.00011173442180734128), (0.0, 0.0, 0.0, 1.0)],
            "RightHandRing3": [(0.9999892711639404, 0.0046332464553415775, -5.757679900852963e-05, 2.0108072931179777e-06), (-0.004616872873157263, 0.9952456951141357, -0.09728261083364487, 2.1935999029665254e-05), (-0.0003934312262572348, 0.09728175401687622, 0.9952571392059326, -7.997576904017478e-05), (0.0, 0.0, 0.0, 1.0)],
            "RightHandRing4": [(1.0, -1.877196842414719e-09, -1.076841726899147e-09, -9.457195915274497e-08), (1.877197064459324e-09, 0.9999998807907104, -2.288621736568075e-08, -1.478195463278098e-05), (1.076841726899147e-09, 2.288621381296707e-08, 1.0, 1.8986967916134745e-05), (0.0, 0.0, 0.0, 1.0)],
            "RightHandPinky1": [(0.9257748126983643, -0.3777444362640381, 0.015795361250638962, 4.246317985234782e-05), (0.3669174909591675, 0.9077465534210205, 0.20339161157608032, -1.4935253602743614e-05), (-0.09116819500923157, -0.1824994683265686, 0.9789695739746094, 6.487325299531221e-05), (0.0, 0.0, 0.0, 1.0)],
            "RightHandPinky2": [(0.9999840259552002, -0.005673387087881565, -2.753302214841824e-05, 1.1778516864069388e-06), (0.005635233595967293, 0.992672324180603, 0.12070225924253464, 0.00010324047616450116), (-0.0006574593717232347, -0.12070035934448242, 0.9926892518997192, -1.650283047638368e-05), (0.0, 0.0, 0.0, 1.0)],
            "RightHandPinky3": [(0.9999990463256836, 0.001281845266930759, -7.810082752257586e-05, 2.2121464553492842e-06), (-0.0012839402770623565, 0.999203622341156, -0.03987675905227661, -8.010657620616257e-05), (2.6922791221295483e-05, 0.03987681493163109, 0.999204695224762, -1.1471242032712325e-05), (0.0, 0.0, 0.0, 1.0)],
            "RightHandPinky4": [(1.0000001192092896, -9.313225746154785e-10, 1.0113581083714962e-09, -1.3142597481419216e-06), (9.31322685637781e-10, 1.0, -1.5612723558433572e-08, -2.3841869278840022e-06), (-1.0113582193937987e-09, 1.5612723558433572e-08, 1.0, 1.4452265531872399e-05), (0.0, 0.0, 0.0, 1.0)],
            "LeftUpLeg": [(0.9998241662979126, 0.018761269748210907, -0.0003933941188734025, -1.0461080819368362e-06), (-0.018761346116662025, 0.9989529252052307, -0.04172615706920624, -1.6763806343078613e-07), (-0.0003898533759638667, 0.04172617569565773, 0.9991293549537659, -2.3543834686279297e-06), (0.0, 0.0, 0.0, 1.0)],
            "LeftLeg": [(0.9999996423721313, 8.17516483948566e-05, -0.00016125456022564322, 0.0), (-7.926151010906324e-05, 0.9998820424079895, 0.01538191456347704, 0.0), (0.00016249303007498384, -0.015381916426122189, 0.9998810887336731, 0.0), (0.0, 0.0, 0.0, 1.0)],
            "LeftFoot": [(0.9964261651039124, -0.04778899624943733, 0.06964276731014252, 0.0), (0.04615066200494766, 0.9986235499382019, 0.024947069585323334, 0.0), (-0.07073904573917389, -0.021643884479999542, 0.9972597360610962, 0.0), (0.0, 0.0, 0.0, 1.0)],
            "LeftToeBase": [(1.000000238418579, -1.004182070829529e-08, -4.4842107804754505e-09, 0.0), (1.004182248465213e-08, 1.0000001192092896, 3.2363562496584564e-08, 0.0), (4.484214777278339e-09, -3.2363590918293994e-08, 0.9999992847442627, 0.0), (0.0, 0.0, 0.0, 1.0)],
            "LeftToe_End": [(1.0000001192092896, -8.207282853334164e-09, 5.937182301352095e-09, 0.0), (8.207281965155744e-09, 1.000000238418579, -2.8245605854237965e-09, 0.0), (-5.937182301352095e-09, 2.8245608074684014e-09, 1.0000001192092896, 0.0), (0.0, 0.0, 0.0, 1.0)],
            "RightUpLeg": [(0.9999691247940063, -0.00763295404613018, 0.001742313033901155, -6.656628102064133e-07), (0.007693529594689608, 0.9992516040802002, -0.037913963198661804, -3.097951412200928e-05), (-0.0014516131486743689, 0.037926215678453445, 0.9992793798446655, 2.507156750652939e-06), (0.0, 0.0, 0.0, 1.0)],
            "RightLeg": [(1.0000007152557373, -2.8929121981491335e-05, 0.00014709087554365396, 0.0), (2.8058198950020596e-05, 0.999982476234436, 0.005917680449783802, 0.0), (-0.00014725957589689642, -0.005917675327509642, 0.9999825954437256, 0.0), (0.0, 0.0, 0.0, 1.0)],
            "RightFoot": [(0.9964126348495483, 0.04764113575220108, -0.06993033736944199, 0.0), (-0.04559548571705818, 0.9984917640686035, 0.030563628301024437, 0.0), (0.07128095626831055, -0.027265502139925957, 0.9970831274986267, 0.0), (0.0, 0.0, 0.0, 1.0)],
            "RightToeBase": [(1.0000004768371582, 2.3096932366684086e-08, 1.0253806692617218e-07, 9.218602826877031e-06), (-2.309692348489989e-08, 1.0000008344650269, -9.546084811518085e-09, 8.707424967724364e-06), (-1.025381308750184e-07, 9.546091916945443e-09, 0.9999998807907104, -1.0303258932253812e-05), (0.0, 0.0, 0.0, 1.0)],
            "RightToe_End": [(1.0000001192092896, 7.450580152834618e-09, -1.4551916338589876e-09, 0.0), (-7.450580596923828e-09, 1.0, -1.1571965607970469e-08, 0.0), (1.4551916338589876e-09, 1.157196383161363e-08, 1.0000001192092896, 0.0), (0.0, 0.0, 0.0, 1.0)],
            },
        },
    "T Pose": {
        "pose_matrix": {
            "Hips": [(1.0, -2.050578041234985e-05, -7.156077685976925e-07, -4.073370655532926e-05), (2.050578041234985e-05, 1.0, 2.7401389957049105e-07, 0.43255615234375), (7.156021979426441e-07, -2.7402856517255714e-07, 1.0, -2.373377561569214), (0.0, 0.0, 0.0, 1.0)],
            "Spine": [(1.0, 2.0269906599423848e-05, 3.1827999009692576e-06, 0.0), (-2.026989750447683e-05, 1.0000004768371582, 7.447354732903477e-08, 5.0649046897888184e-05), (-3.182796945111477e-06, -7.453806460944179e-08, 1.0000004768371582, -3.2782580092316493e-05), (0.0, 0.0, 0.0, 1.0)],
            "Spine1": [(1.0, 1.3440087801366851e-12, 2.4913212226702897e-13, 0.0), (-1.3440087801366851e-12, 1.0, 1.3286815203628066e-07, 4.76837158203125e-06), (-2.491319596367031e-13, -1.3286815203628066e-07, 1.0, -1.576622889842838e-05), (0.0, 0.0, 0.0, 1.0)],
            "Spine2": [(1.0, 3.944304526105059e-29, 0.0, 0.0), (-3.944304526105059e-29, 1.0, 0.0, 1.049041748046875e-05), (0.0, 0.0, 1.0, -5.609848017229524e-07), (0.0, 0.0, 0.0, 1.0)],
            "Neck": [(1.0, 3.915527521617268e-29, -4.755713858003092e-30, 0.0), (-3.9155296281031447e-29, 0.999999463558197, -4.991888999938965e-07, -5.799068821943365e-05), (4.75569693088444e-30, 4.991888999938965e-07, 0.999999463558197, 7.685062155360356e-05), (0.0, 0.0, 0.0, 1.0)],
            "Head": [(1.0, 9.182989096413391e-40, 0.0, 0.0), (-9.182989096413391e-40, 1.0, 7.450580596923828e-09, 1.4693712913071977e-08), (0.0, -7.450580596923828e-09, 1.0, -6.461158363890718e-07), (0.0, 0.0, 0.0, 1.0)],
            "LeftShoulder": [(0.9999996423721313, -0.0005169312353245914, -1.8469154383637942e-05, -0.0001170806135633029), (0.0005170019576326013, 0.9999914169311523, 0.004058109596371651, 6.908830255270004e-05), (1.6371242963941768e-05, -0.004058120306581259, 0.9999911189079285, 0.00012288452126085758), (0.0, 0.0, 0.0, 1.0)],
            "LeftArm": [(0.997783362865448, -0.06649567931890488, -0.002550362143665552, 9.022087033372372e-05), (0.0665256455540657, 0.9958533644676208, 0.06205357238650322, -4.7652276407461613e-05), (-0.0015865069581195712, -0.06208568438887596, 0.9980698227882385, -4.665109736379236e-05), (0.0, 0.0, 0.0, 1.0)],
            "LeftForeArm": [(0.9936066269874573, 0.11276283860206604, -0.0055403136648237705, -5.69988478673622e-05), (-0.11276280879974365, 0.9888061285018921, -0.0977136418223381, 4.768613143824041e-05), (-0.005540170706808567, 0.09771372377872467, 0.9951988458633423, -6.366280285874382e-05), (0.0, 0.0, 0.0, 1.0)],
            "LeftHand": [(0.9810648560523987, 0.13380546867847443, -0.1400230973958969, 2.5373989046784118e-05), (-0.1230349913239479, 0.988926887512207, 0.08297556638717651, -4.577385698212311e-05), (0.14957517385482788, -0.06417667865753174, 0.9866653084754944, 8.598035492468625e-06), (0.0, 0.0, 0.0, 1.0)],
            "LeftHandThumb1": [(0.9987304210662842, 0.04743880033493042, 0.016950134187936783, 1.4541014934366103e-05), (-0.04267856478691101, 0.9755477905273438, -0.21560204029083252, 2.09808349609375e-05), (-0.02676357328891754, 0.2146047204732895, 0.9763345718383789, -5.362636147765443e-05), (0.0, 0.0, 0.0, 1.0)],
            "LeftHandThumb2": [(0.9958261847496033, -0.09078123420476913, -0.009411579929292202, 1.9764142962230835e-06), (0.09107393771409988, 0.9816991090774536, 0.16725361347198486, 3.080489477724768e-05), (-0.005944143049418926, -0.1674128621816635, 0.9858688116073608, 2.5127676053671166e-05), (0.0, 0.0, 0.0, 1.0)],
