# Pose library auto-generated by Onigiri 

poses = {
    "Retargeting Hands": {
        "pose_matrix": {
            "Hips": [(1.0, -2.050578041234985e-05, -7.156077685976925e-07, -4.073370655532926e-05), (2.050578041234985e-05, 1.0, 2.7401389957049105e-07, 0.43255615234375), (7.156021979426441e-07, -2.7402856517255714e-07, 1.0, -2.373377561569214), (0.0, 0.0, 0.0, 1.0)],
            "Spine": [(1.0, 2.0269906599423848e-05, 3.1827999009692576e-06, 0.0), (-2.026989750447683e-05, 1.0000004768371582, 7.447354732903477e-08, 5.0649046897888184e-05), (-3.182796945111477e-06, -7.453806460944179e-08, 1.0000004768371582, -3.2782580092316493e-05), (0.0, 0.0, 0.0, 1.0)],
            "Spine1": [(1.0, 1.3440087801366851e-12, 2.4913212226702897e-13, 0.0), (-1.3440087801366851e-12, 1.0, 1.3286815203628066e-07, 4.76837158203125e-06), (-2.491319596367031e-13, -1.3286815203628066e-07, 1.0, -1.576622889842838e-05), (0.0, 0.0, 0.0, 1.0)],
            "Spine2": [(1.0, 3.944304526105059e-29, 0.0, 0.0), (-3.944304526105059e-29, 1.0, 0.0, 1.049041748046875e-05), (0.0, 0.0, 1.0, -5.609848017229524e-07), (0.0, 0.0, 0.0, 1.0)],
            "Neck": [(1.0, 3.915527822543822e-29, -4.755714234161284e-30, 0.0), (-3.9155299290296985e-29, 0.999999463558197, -4.991888999938965e-07, -5.799068821943365e-05), (4.7556973070426324e-30, 4.991888999938965e-07, 0.999999463558197, 7.685062155360356e-05), (0.0, 0.0, 0.0, 1.0)],
            "Head": [(1.0, 9.182989096413391e-40, 0.0, 0.0), (-9.182989096413391e-40, 1.0, 7.450580596923828e-09, 1.4693712913071977e-08), (0.0, -7.450580596923828e-09, 1.0, -6.461158363890718e-07), (0.0, 0.0, 0.0, 1.0)],
            "HeadTop_End": [(1.0, 0.0, 0.0, 0.0), (0.0, 1.0, 0.0, 0.0), (0.0, 0.0, 1.0, 0.0), (0.0, 0.0, 0.0, 1.0)],
            "LeftShoulder": [(0.9999996423721313, -0.0005169312353245914, -1.8469154383637942e-05, -0.0001170806135633029), (0.0005170019576326013, 0.9999914169311523, 0.004058109596371651, 6.908830255270004e-05), (1.6371242963941768e-05, -0.004058120306581259, 0.9999911189079285, 0.00012288452126085758), (0.0, 0.0, 0.0, 1.0)],
            "LeftArm": [(0.997783362865448, -0.06649567186832428, -0.002550362376496196, 9.022087033372372e-05), (0.0665256455540657, 0.9958532452583313, 0.06205357611179352, -4.7652276407461613e-05), (-0.0015865071909502149, -0.06208568066358566, 0.9980698227882385, -4.665109736379236e-05), (0.0, 0.0, 0.0, 1.0)],
            "LeftForeArm": [(0.9936066269874573, 0.11276283860206604, -0.005540314130485058, -5.69988478673622e-05), (-0.11276280879974365, 0.9888061285018921, -0.0977136492729187, 4.768613143824041e-05), (-0.005540171172469854, 0.09771373122930527, 0.9951988458633423, -6.366280285874382e-05), (0.0, 0.0, 0.0, 1.0)],
            "LeftHand": [(0.9810648560523987, 0.13380546867847443, -0.1400230973958969, 2.5373989046784118e-05), (-0.12303498387336731, 0.988926887512207, 0.08297555893659592, -4.577385698212311e-05), (0.14957518875598907, -0.06417667865753174, 0.9866652488708496, 8.598035492468625e-06), (0.0, 0.0, 0.0, 1.0)],
            "LeftHandThumb1": [(0.9612445831298828, -0.2071991264820099, -0.1818685382604599, -4.736760092782788e-05), (0.2165689319372177, 0.9757071137428284, 0.033045876771211624, 6.508827209472656e-05), (0.17060346901416779, -0.07115226984024048, 0.9827669262886047, 1.902565963973757e-05), (0.0, 0.0, 0.0, 1.0)],
            "LeftHandThumb2": [(0.9955630302429199, 0.08720704168081284, -0.03533710911870003, 1.9764142962230835e-06), (-0.07745496928691864, 0.9727637767791748, 0.21847829222679138, 3.080489477724768e-05), (0.05342746526002884, -0.21477212011814117, 0.9752016067504883, 2.5127676053671166e-05), (0.0, 0.0, 0.0, 1.0)],
            "LeftHandThumb3": [(0.9996549487113953, -0.019764024764299393, -0.017300540581345558, 4.3110503611387685e-06), (0.020464112982153893, 0.9989382028579712, 0.04127056524157524, -9.082299220608547e-05), (0.016466503962874413, -0.04161036014556885, 0.9989981055259705, 4.816191358258948e-05), (0.0, 0.0, 0.0, 1.0)],
            "LeftHandThumb4": [(1.0, 0.0, 0.0, 4.996003610813204e-16), (0.0, 1.0, 0.0, 1.7763568394002505e-15), (0.0, 0.0, 1.0, 2.457549629428105e-17), (0.0, 0.0, 0.0, 1.0)],
            "LeftHandIndex1": [(0.9318325519561768, -0.3628729581832886, 0.0034846796188503504, 6.288445547397714e-06), (0.36225515604019165, 0.930726945400238, 0.05018439516425133, 4.802178591489792e-05), (-0.021453844383358955, -0.045501064509153366, 0.9987343549728394, -1.9509345293045044e-05), (0.0, 0.0, 0.0, 1.0)],
            "LeftHandIndex2": [(0.9999575614929199, 0.009210288524627686, 0.00029263822943903506, 7.946666300995275e-06), (-0.009177496656775475, 0.99253249168396, 0.12163452059030533, -1.764425542205572e-05), (0.0008298364118672907, -0.12163206189870834, 0.9925746917724609, 1.3345349543669727e-05), (0.0, 0.0, 0.0, 1.0)],
            "LeftHandIndex3": [(0.9999927282333374, 0.0038031009025871754, -0.0002065337757812813, -5.333249646355398e-06), (-0.0037879280280321836, 0.998731791973114, 0.05021830275654793, 5.725273695134092e-06), (0.00039725686656311154, -0.05021720007061958, 0.9987381100654602, 1.594326204212848e-05), (0.0, 0.0, 0.0, 1.0)],
            "LeftHandIndex4": [(1.0, -8.271806125530277e-25, -4.930380657631324e-32, 7.632783294297951e-17), (8.271806125530277e-25, 1.0, 0.0, 4.884981308350689e-15), (4.930380657631324e-32, 0.0, 1.0, -4.524214729522032e-19), (0.0, 0.0, 0.0, 1.0)],
            "LeftHandMiddle1": [(0.9960333704948425, -0.08885636925697327, -0.004869877826422453, 4.994751725462265e-05), (0.0888170450925827, 0.9892011880874634, 0.11658723652362823, -3.653392195701599e-05), (-0.005542233120650053, -0.11655718088150024, 0.9931687712669373, 1.007778337225318e-06), (0.0, 0.0, 0.0, 1.0)],
            "LeftHandMiddle2": [(0.999981701374054, 0.006047747563570738, -1.4575914065062534e-05, 3.7432262161019025e-06), (-0.0060126520693302155, 0.9944311380386353, 0.1052113026380539, 5.077854075352661e-05), (0.0006507864454761147, -0.10520923137664795, 0.9944499135017395, -2.586298796813935e-05), (0.0, 0.0, 0.0, 1.0)],
            "LeftHandMiddle3": [(0.9999949932098389, -0.0031636240892112255, 8.723844803171232e-05, -5.3092835514689796e-06), (0.0031636194325983524, 0.9984724521636963, -0.05516122281551361, -3.337858652230352e-05), (8.740422344999388e-05, 0.0551612451672554, 0.998477041721344, 6.845768075436354e-05), (0.0, 0.0, 0.0, 1.0)],
            "LeftHandMiddle4": [(1.0, 0.0, 0.0, 0.0), (0.0, 1.0, 0.0, 0.0), (0.0, 0.0, 1.0, -5.161607022330893e-22), (0.0, 0.0, 0.0, 1.0)],
            "LeftHandRing1": [(0.9911504983901978, 0.13151098787784576, -0.01806214638054371, -5.934120054007508e-05), (-0.12134694308042526, 0.9527791738510132, 0.2783653736114502, 0.00010097026824951172), (0.05381733924150467, -0.27371010184288025, 0.9603056907653809, 4.16608527302742e-05), (0.0, 0.0, 0.0, 1.0)],
            "LeftHandRing2": [(0.999993085861206, -0.0037188041023910046, 4.1390838305233046e-05, 1.0561542467257823e-06), (0.0037114496808499098, 0.9971811771392822, -0.07493829727172852, -6.294989725574851e-05), (0.00023740656615700573, 0.07493789494037628, 0.9971885085105896, -8.61515654833056e-05), (0.0, 0.0, 0.0, 1.0)],
            "LeftHandRing3": [(1.0, -0.00013923620281275362, -5.768838946096366e-06, 4.094506493856898e-06), (0.00013921016943641007, 0.9999907612800598, -0.004290849901735783, 1.7166246834676713e-05), (6.366227808030089e-06, 0.004290849436074495, 0.9999907612800598, 2.3293596314033493e-05), (0.0, 0.0, 0.0, 1.0)],
            "LeftHandRing4": [(1.0, 0.0, 0.0, -5.421010862427522e-17), (0.0, 1.0, 0.0, 8.881784197001252e-16), (0.0, 0.0, 1.0, 1.7760487311656867e-15), (0.0, 0.0, 0.0, 1.0)],
            "LeftHandPinky1": [(0.8892354965209961, 0.4571272134780884, -0.017160914838314056, -4.246317985234782e-05), (-0.44410112500190735, 0.8716778755187988, 0.2072492390871048, -1.4935253602743614e-05), (0.10969801992177963, -0.17667241394519806, 0.9781370759010315, 6.487325299531221e-05), (0.0, 0.0, 0.0, 1.0)],
            "LeftHandPinky2": [(0.9999902248382568, 0.004393415059894323, 6.99320444255136e-05, -7.153015531002893e-07), (-0.0043850974179804325, 0.9968329071998596, 0.07940032333135605, -5.483696440933272e-05), (0.000279128085821867, -0.07939985394477844, 0.996842622756958, 4.585037095239386e-05), (0.0, 0.0, 0.0, 1.0)],
            "LeftHandPinky3": [(0.999998927116394, 0.0014623271999880672, -5.575006071012467e-05, 5.6937465160444845e-06), (-0.0014602936571463943, 0.9996365904808044, 0.0269407257437706, 6.890548684168607e-05), (9.512597171124071e-05, -0.02694065310060978, 0.9996362328529358, 9.959835733752698e-05), (0.0, 0.0, 0.0, 1.0)],
            "LeftHandPinky4": [(1.0, 0.0, 0.0, 2.0556473190325164e-16), (0.0, 1.0, 0.0, 0.0), (0.0, 0.0, 1.0, 1.2243795078111907e-18), (0.0, 0.0, 0.0, 1.0)],
            "RightShoulder": [(0.9999997615814209, 0.0005063985590822995, -1.8091124729835428e-05, 6.556027801707387e-05), (-0.0005063210846856236, 0.999991238117218, 0.0040604593232274055, 4.52469103038311e-05), (2.0147197574260645e-05, -0.004060450475662947, 0.9999910593032837, 9.179720655083656e-05), (0.0, 0.0, 0.0, 1.0)],
            "RightArm": [(0.9973537921905518, 0.07264453917741776, 0.002778134075924754, -2.256976586068049e-05), (-0.07267753779888153, 0.9954530596733093, 0.061578650027513504, -1.9042074200115167e-05), (0.0017078494420275092, -0.061617638915777206, 0.9980984926223755, 9.377243259223178e-06), (0.0, 0.0, 0.0, 1.0)],
            "RightForeArm": [(0.9932041764259338, -0.11624433100223541, 0.005710747092962265, 2.313596814929042e-05), (0.1162443459033966, 0.9884050488471985, -0.09768471866846085, -1.8971176132254186e-06), (0.005710760597139597, 0.09768465906381607, 0.9952014088630676, -9.474455146118999e-05), (0.0, 0.0, 0.0, 1.0)],
            "RightHand": [(0.9831211566925049, -0.14009007811546326, 0.1176786795258522, -7.769162766635418e-05), (0.12966324388980865, 0.9872758388519287, 0.09205511957406998, 1.7164304153993726e-05), (-0.12907734513282776, -0.07524270564317703, 0.988775908946991, -2.4357994334422983e-05), (0.0, 0.0, 0.0, 1.0)],
            "RightHandThumb1": [(0.9612445831298828, 0.2071991115808487, 0.1818685531616211, 4.736760092782788e-05), (-0.21656891703605652, 0.9757071137428284, 0.033045873045921326, 6.508827209472656e-05), (-0.17060348391532898, -0.07115226238965988, 0.9827669262886047, 1.902565963973757e-05), (0.0, 0.0, 0.0, 1.0)],
            "RightHandThumb2": [(0.9993739724159241, -0.021098420023918152, 0.028398150578141212, 3.1039965051604668e-06), (0.014889674261212349, 0.97899329662323, 0.20335198938846588, -5.580291690421291e-05), (-0.03209198638796806, -0.20280207693576813, 0.9786934852600098, 6.095299613662064e-05), (0.0, 0.0, 0.0, 1.0)],
            "RightHandThumb3": [(0.9995856285095215, 0.00082022650167346, 0.028770243749022484, -5.004688318877015e-06), (0.0006354585057124496, 0.9987212419509888, -0.05055138096213341, 6.126429798314348e-05), (-0.028774891048669815, 0.050548676401376724, 0.9983078241348267, -8.202988828998059e-05), (0.0, 0.0, 0.0, 1.0)],
            "RightHandThumb4": [(1.0, 0.0, 0.0, -1.6653345369377348e-16), (0.0, 1.0, 0.0, 3.1086244689504383e-15), (0.0, 0.0, 1.0, 1.2903726388251613e-17), (0.0, 0.0, 0.0, 1.0)],
            "RightHandIndex1": [(0.9095119833946228, 0.4156024754047394, -0.007956608198583126, -6.288445547397714e-06), (-0.414735347032547, 0.9085695743560791, 0.04995812848210335, 4.802178591489792e-05), (0.02799185737967491, -0.04213758558034897, 0.998720109462738, -1.9509345293045044e-05), (0.0, 0.0, 0.0, 1.0)],
            "RightHandIndex2": [(0.9999812245368958, -0.006127982400357723, -6.236207991605625e-05, 3.766956297113211e-06), (0.006111595313996077, 0.9964538216590881, 0.08392339944839478, 4.5778062485624105e-05), (-0.00045214008423499763, -0.08392224460840225, 0.9964720010757446, -7.789973892613489e-07), (0.0, 0.0, 0.0, 1.0)],
            "RightHandIndex3": [(0.9999998807907104, 0.00021942428429611027, -7.134141924325377e-06, -5.749038791691419e-06), (-0.00021944593754597008, 0.9999949932098389, -0.0031998746562749147, 2.6228957722196355e-05), (6.431971996789798e-06, 0.0031998755875974894, 0.999995231628418, 2.0443917492229957e-06), (0.0, 0.0, 0.0, 1.0)],
            "RightHandIndex4": [(1.0, 0.0, 0.0, 0.0), (0.0, 1.0, 0.0, 0.0), (0.0, 0.0, 1.0, -2.220446049250313e-16), (0.0, 0.0, 0.0, 1.0)],
            "RightHandMiddle1": [(0.9965461492538452, 0.082994244992733, 0.002470471663400531, 9.026808402268216e-05), (-0.08297325670719147, 0.9943056106567383, 0.06687482446432114, 2.5898916646838188e-05), (0.0030938200652599335, -0.06684894114732742, 0.9977577328681946, 0.00011114966764580458), (0.0, 0.0, 0.0, 1.0)],
            "RightHandMiddle2": [(0.9999604821205139, -0.00890298094600439, -2.867862167477142e-05, -1.8828965266948217e-06), (0.00881649274379015, 0.9897875785827637, 0.14227643609046936, 3.767207817872986e-05), (-0.0012382984859868884, -0.1422709971666336, 0.9898273348808289, -8.321591303683817e-05), (0.0, 0.0, 0.0, 1.0)],
            "RightHandMiddle3": [(0.9999940991401672, 0.0033929054625332355, -0.0001393936254316941, 3.161443828503252e-06), (-0.003395462641492486, 0.9985084533691406, -0.05447964370250702, -0.00010728461347753182), (-4.565860945149325e-05, 0.054479777812957764, 0.9985146522521973, 7.167586591094732e-05), (0.0, 0.0, 0.0, 1.0)],
            "RightHandMiddle4": [(1.0, 0.0, 0.0, 3.655929725621121e-16), (0.0, 1.0, 0.0, -4.440892098500626e-16), (0.0, 0.0, 1.0, 5.175238958825767e-19), (0.0, 0.0, 0.0, 1.0)],
            "RightHandRing1": [(0.9892278909683228, -0.14546836912631989, 0.016367070376873016, 5.934120054007508e-05), (0.13520164787769318, 0.9507809281349182, 0.2788129150867462, 0.00010097026824951172), (-0.056119948625564575, -0.27359655499458313, 0.9602062106132507, 4.16608527302742e-05), (0.0, 0.0, 0.0, 1.0)],
            "RightHandRing2": [(0.999991238117218, -0.004213469568639994, 7.049804844427854e-05, -2.0035423631270532e-07), (0.004190798848867416, 0.996087908744812, 0.08827091753482819, -5.221469473326579e-05), (-0.0004421493213158101, -0.0882699191570282, 0.9960957765579224, 0.00011173442180734128), (0.0, 0.0, 0.0, 1.0)],
            "RightHandRing3": [(0.9999892711639404, 0.0046332464553415775, -5.757679900852963e-05, 2.0108072931179777e-06), (-0.004616872873157263, 0.9952456951141357, -0.09728261083364487, 2.1935999029665254e-05), (-0.0003934312262572348, 0.09728175401687622, 0.9952571392059326, -7.997576904017478e-05), (0.0, 0.0, 0.0, 1.0)],
            "RightHandRing4": [(1.0, 0.0, 0.0, -2.0816681711721685e-17), (0.0, 1.0, 0.0, 0.0), (0.0, 0.0, 1.0, 8.877812671269814e-16), (0.0, 0.0, 0.0, 1.0)],
            "RightHandPinky1": [(0.8620517253875732, -0.5066349506378174, 0.013687429949641228, 4.1527102439431474e-05), (0.49319884181022644, 0.8447980880737305, 0.20753620564937592, -1.4759374607820064e-05), (-0.1167081743478775, -0.17215654253959656, 0.9781310558319092, 6.482508615590632e-05), (0.0, 0.0, 0.0, 1.0)],
            "RightHandPinky2": [(0.9999840259552002, -0.005673387087881565, -2.75330021395348e-05, 1.1778516864069388e-06), (0.0056352331303060055, 0.9926723837852478, 0.12070225179195404, 0.00010324047616450116), (-0.0006574593135155737, -0.12070035934448242, 0.9926892518997192, -1.650283047638368e-05), (0.0, 0.0, 0.0, 1.0)],
            "RightHandPinky3": [(0.9999990463256836, 0.001281845266930759, -7.810082752257586e-05, 2.2121464553492842e-06), (-0.0012839402770623565, 0.999203622341156, -0.03987675905227661, -8.010657620616257e-05), (2.6922791221295483e-05, 0.03987681493163109, 0.999204695224762, -1.1471242032712325e-05), (0.0, 0.0, 0.0, 1.0)],
            "RightHandPinky4": [(1.0, 0.0, 0.0, -9.194034422677078e-17), (0.0, 1.0, 0.0, 1.1102230246251565e-15), (0.0, 0.0, 1.0, 1.7765633036811437e-15), (0.0, 0.0, 0.0, 1.0)],
            "LeftUpLeg": [(0.9965031147003174, 0.08354230225086212, 0.0016586098354309797, -1.0461080819368362e-06), (-0.08340103179216385, 0.9956446290016174, -0.04166560620069504, -1.6763806343078613e-07), (-0.005132226273417473, 0.04138154909014702, 0.9991306066513062, -2.3543834686279297e-06), (0.0, 0.0, 0.0, 1.0)],
            "LeftLeg": [(0.9999996423721313, 8.17516483948566e-05, -0.00016125456022564322, 2.5106155590037815e-06), (-7.926151010906324e-05, 0.9998820424079895, 0.01538191456347704, -2.2887494196766056e-05), (0.00016249303007498384, -0.015381916426122189, 0.9998810887336731, 3.133538371002942e-07), (0.0, 0.0, 0.0, 1.0)],
            "LeftFoot": [(0.9964262247085571, -0.047788992524147034, 0.06964276731014252, 5.03601904711104e-06), (0.04615066200494766, 0.9986235499382019, 0.024947067722678185, -3.6171300052956212e-06), (-0.07073905318975449, -0.021643882617354393, 0.9972597360610962, -7.51239167584572e-06), (0.0, 0.0, 0.0, 1.0)],
            "LeftToeBase": [(1.000000238418579, -1.004182070829529e-08, -4.4842107804754505e-09, -1.5201625274130492e-06), (1.004182248465213e-08, 1.0000001192092896, 3.2363562496584564e-08, 2.3474042336601997e-06), (4.484214777278339e-09, -3.2363590918293994e-08, 0.9999992847442627, 5.425952167570358e-06), (0.0, 0.0, 0.0, 1.0)],
            "LeftToe_End": [(1.0, 0.0, 0.0, 0.0), (0.0, 1.0, 0.0, 0.0), (0.0, 0.0, 1.0, 0.0), (0.0, 0.0, 0.0, 1.0)],
            "RightUpLeg": [(0.9965028166770935, -0.08354208618402481, -0.0015464856987819076, -6.656628102064133e-07), (0.08342430740594864, 0.9957981705665588, -0.03777401149272919, -3.097951412200928e-05), (0.004695705603808165, 0.03751291707158089, 0.9992849826812744, 2.507156750652939e-06), (0.0, 0.0, 0.0, 1.0)],
            "RightLeg": [(1.0000007152557373, -2.892911470553372e-05, 0.0001470908464398235, 0.0), (2.8058191674062982e-05, 0.999982476234436, 0.005917678587138653, 0.0), (-0.00014725954679306597, -0.005917673464864492, 0.9999825954437256, 0.0), (0.0, 0.0, 0.0, 1.0)],
            "RightFoot": [(0.9964126348495483, 0.04764113575220108, -0.06993033736944199, 0.0), (-0.04559548199176788, 0.9984918236732483, 0.03056362457573414, 0.0), (0.07128095626831055, -0.027265500277280807, 0.9970831274986267, 0.0), (0.0, 0.0, 0.0, 1.0)],
            "RightToeBase": [(1.0000004768371582, 2.3096932366684086e-08, 1.0253806692617218e-07, 9.218602826877031e-06), (-2.309692348489989e-08, 1.0000008344650269, -9.546084811518085e-09, 8.707424967724364e-06), (-1.025381308750184e-07, 9.546091916945443e-09, 0.9999998807907104, -1.0303258932253812e-05), (0.0, 0.0, 0.0, 1.0)],
            "RightToe_End": [(1.0, 0.0, 0.0, 0.0), (0.0, 1.0, 0.0, 0.0), (0.0, 0.0, 1.0, 0.0), (0.0, 0.0, 0.0, 1.0)],
            },
        },
    }
