# Pose library auto-generated by Bento Buddy 

poses = {
    "A-Pose": {
        "pose_matrix": {
            "Hips": [(0.9999998807907104, 0.0, 0.0, 0.0), (0.0, 0.9999998807907104, 0.0, 0.0), (0.0, 0.0, 0.9999998807907104, 0.0), (0.0, 0.0, 0.0, 1.0)],
            "Spine": [(1.000000238418579, 0.0, 0.0, 3.194121941767214e-14), (0.0, 1.0000001192092896, 0.0, -2.4546770305278187e-07), (0.0, 0.0, 1.000000238418579, -1.7949922437310306e-08), (0.0, 0.0, 0.0, 1.0)],
            "Spine1": [(0.9999997615814209, 0.0, 0.0, 2.7899844977710697e-13), (0.0, 0.9999994039535522, 0.0, 2.2792120546455408e-07), (0.0, 0.0, 0.9999992251396179, 5.022241111873882e-08), (0.0, 0.0, 0.0, 1.0)],
            "Spine2": [(1.0000001192092896, 0.0, 0.0, 5.369956375048243e-15), (0.0, 1.0000004768371582, 0.0, 2.0551055968098808e-07), (0.0, 0.0, 0.9999997019767761, -3.7564419130831084e-08), (0.0, 0.0, 0.0, 1.0)],
            "Neck": [(1.0, 0.0, 0.0, -2.3708920179351224e-15), (0.0, 0.9999997019767761, 0.0, 2.3427111273122136e-07), (0.0, 0.0, 1.000001072883606, -4.8035936117685196e-08), (0.0, 0.0, 0.0, 1.0)],
            "Head": [(0.9999998807907104, 0.0, 0.0, 4.807926721138965e-14), (0.0, 1.000001072883606, 0.0, 1.9221496927457338e-07), (0.0, 0.0, 0.999998927116394, 2.434850543409084e-08), (0.0, 0.0, 0.0, 1.0)],
            "HeadTop_End": [(0.9999999403953552, 0.0, 0.0, -5.68954673413509e-14), (0.0, 1.0, 0.0, 3.2791426463063544e-08), (0.0, 0.0, 0.9999999403953552, -1.767771706795429e-08), (0.0, 0.0, 0.0, 1.0)],
            "LeftEye": [(1.0, 0.0, 0.0, -7.450585037815927e-09), (0.0, 1.0, 0.0, 5.693205196166673e-08), (0.0, 0.0, 1.0, 2.3097651791204044e-08), (0.0, 0.0, 0.0, 1.0)],
            "RightEye": [(1.0, 0.0, 0.0, 3.7252894102834944e-09), (0.0, 1.0, 0.0, 5.0597716239053625e-08), (0.0, 0.0, 1.0, 1.4677521420480844e-08), (0.0, 0.0, 0.0, 1.0)],
            "LeftShoulder": [(0.999999463558197, 0.0, 0.0, -7.410729807588723e-09), (0.0, 1.000000238418579, 0.0, -2.672679855209026e-08), (0.0, 0.0, 1.000000238418579, -2.3706354568275856e-07), (0.0, 0.0, 0.0, 1.0)],
            "LeftArm": [(0.9999987483024597, 0.0, 0.0, -3.281595795101566e-08), (0.0, 1.000000238418579, 0.0, 9.609097162410762e-08), (0.0, 0.0, 1.0000008344650269, 1.1132170385508289e-07), (0.0, 0.0, 0.0, 1.0)],
            "LeftForeArm": [(0.9999973177909851, 0.0, 0.0, 8.592735412094044e-08), (0.0, 1.0000025033950806, 0.0, 2.183505998232249e-08), (0.0, 0.0, 1.0, -1.7638958738075416e-08), (0.0, 0.0, 0.0, 1.0)],
            "LeftHand": [(0.9999985694885254, 0.0, 0.0, -1.910600389010142e-07), (0.0, 1.0000015497207642, 0.0, -7.978987781598335e-08), (0.0, 0.0, 1.000000238418579, -1.8014340241734317e-07), (0.0, 0.0, 0.0, 1.0)],
            "LeftHandThumb1": [(1.0000083446502686, 0.0, 0.0, 1.9138278162245115e-07), (0.0, 0.9999915957450867, 0.0, -3.180922902856764e-08), (0.0, 0.0, 1.0000014305114746, 1.3066760118363163e-07), (0.0, 0.0, 0.0, 1.0)],
            "LeftHandThumb2": [(0.9999914169311523, 0.0, 0.0, -3.2072620115286554e-08), (0.0, 1.0000081062316895, 0.0, -6.791375994907867e-08), (0.0, 0.0, 0.9999997019767761, 8.063318546192022e-08), (0.0, 0.0, 0.0, 1.0)],
            "LeftHandThumb3": [(0.9999966025352478, 0.0, 0.0, -1.6472129971134564e-07), (0.0, 1.000003457069397, 0.0, -3.175595963966771e-08), (0.0, 0.0, 0.9999999403953552, -1.6928806800819984e-08), (0.0, 0.0, 0.0, 1.0)],
            "LeftHandThumb4": [(1.0000020265579224, 0.0, 0.0, 6.584484424365655e-08), (0.0, 0.9999978542327881, 0.0, 2.642767604754681e-08), (0.0, 0.0, 1.0000001192092896, -2.9757053710000037e-08), (0.0, 0.0, 0.0, 1.0)],
            "LeftHandIndex1": [(1.0000028610229492, 0.0, 0.0, 1.4334902687096474e-07), (0.0, 0.9999974370002747, 0.0, 9.497151154391759e-08), (0.0, 0.0, 1.0000005960464478, 4.3020939699545124e-08), (0.0, 0.0, 0.0, 1.0)],
            "LeftHandIndex2": [(0.9999983906745911, 0.0, 0.0, -3.0475749923652984e-08), (0.0, 1.0000003576278687, 0.0, -1.6762759003086103e-07), (0.0, 0.0, 1.0000008344650269, -8.400633788596679e-08), (0.0, 0.0, 0.0, 1.0)],
            "LeftHandIndex3": [(0.9999982714653015, 0.0, 0.0, 6.591571377612127e-08), (0.0, 1.000001072883606, 0.0, 1.5279167087101087e-07), (0.0, 0.0, 1.0000001192092896, 2.3568988538613667e-08), (0.0, 0.0, 0.0, 1.0)],
            "LeftHandIndex4": [(0.9999998211860657, 0.0, 0.0, -3.063526321511745e-08), (0.0, 0.9999997019767761, 0.0, -3.512574409114677e-08), (0.0, 0.0, 1.0, -2.128102138954091e-08), (0.0, 0.0, 0.0, 1.0)],
            "LeftHandMiddle1": [(0.9999995827674866, 0.0, 0.0, 1.8328694295632886e-07), (0.0, 1.0000004768371582, 0.0, -1.2245541824995598e-07), (0.0, 0.0, 1.0000004768371582, 1.2971985086096538e-07), (0.0, 0.0, 0.0, 1.0)],
            "LeftHandMiddle2": [(1.0000008344650269, 0.0, 0.0, 1.6777727651628993e-08), (0.0, 0.9999982714653015, 0.0, 1.147872552564877e-07), (0.0, 0.0, 1.0000004768371582, 4.657024277321398e-08), (0.0, 0.0, 0.0, 1.0)],
            "LeftHandMiddle3": [(1.0000004768371582, 0.0, 0.0, 1.7973613708477387e-08), (0.0, 0.999999463558197, 0.0, 1.7193153567518493e-08), (0.0, 0.0, 0.9999999403953552, 8.399509709988706e-08), (0.0, 0.0, 0.0, 1.0)],
            "LeftHandMiddle4": [(0.9999999403953552, 0.0, 0.0, -3.852664676173845e-08), (0.0, 0.9999997615814209, 0.0, -7.701718374164557e-08), (0.0, 0.0, 0.9999999403953552, -1.434814578260557e-07), (0.0, 0.0, 0.0, 1.0)],
            "LeftHandRing1": [(0.9999975562095642, 0.0, 0.0, 1.1357971629877284e-07), (0.0, 1.000002384185791, 0.0, -1.3801496834275895e-07), (0.0, 0.0, 1.000001072883606, 5.447990147899873e-08), (0.0, 0.0, 0.0, 1.0)],
            "LeftHandRing2": [(1.0000001192092896, 0.0, 0.0, -5.0336833368191947e-08), (0.0, 0.9999991655349731, 0.0, 3.214232435766462e-08), (0.0, 0.0, 1.0000001192092896, 3.941672588325673e-08), (0.0, 0.0, 0.0, 1.0)],
            "LeftHandRing3": [(0.999999463558197, 0.0, 0.0, 2.1472455813409397e-08), (0.0, 1.0000008344650269, 0.0, 2.0199177441782012e-08), (0.0, 0.0, 1.000000238418579, 1.1263916910309035e-08), (0.0, 0.0, 0.0, 1.0)],
            "LeftHandRing4": [(1.0, 0.0, 0.0, -5.3717446490963994e-08), (0.0, 0.9999996423721313, 0.0, -2.1032607833149086e-07), (0.0, 0.0, 0.9999994039535522, -6.111997663538205e-08), (0.0, 0.0, 0.0, 1.0)],
            "LeftHandPinky1": [(0.9999944567680359, 0.0, 0.0, 1.009186405553919e-07), (0.0, 1.0000057220458984, 0.0, 1.1332581095757632e-07), (0.0, 0.0, 1.0000003576278687, 7.722312034275092e-08), (0.0, 0.0, 0.0, 1.0)],
            "LeftHandPinky2": [(0.9999996423721313, 0.0, 0.0, 4.14441387874831e-08), (0.0, 0.9999990463256836, 0.0, -7.570372417831095e-08), (0.0, 0.0, 1.0000003576278687, 7.261193424312751e-09), (0.0, 0.0, 0.0, 1.0)],
            "LeftHandPinky3": [(1.0, 0.0, 0.0, -1.0710909492672727e-08), (0.0, 1.0000003576278687, 0.0, 1.3894518247070664e-07), (0.0, 0.0, 0.9999999403953552, -2.5758968291711426e-08), (0.0, 0.0, 0.0, 1.0)],
            "LeftHandPinky4": [(1.0000003576278687, 0.0, 0.0, -6.710907030083035e-08), (0.0, 1.0000004768371582, 0.0, -1.0341967282556652e-07), (0.0, 0.0, 1.0000005960464478, -2.282956224064492e-08), (0.0, 0.0, 0.0, 1.0)],
            "RightShoulder": [(0.999999463558197, 0.0, 0.0, 7.410729807588723e-09), (0.0, 1.000000238418579, 0.0, -2.672679855209026e-08), (0.0, 0.0, 1.000000238418579, -2.3706354568275856e-07), (0.0, 0.0, 0.0, 1.0)],
            "RightArm": [(0.9999987483024597, 0.0, 0.0, 3.281595795101566e-08), (0.0, 1.000000238418579, 0.0, 9.609097162410762e-08), (0.0, 0.0, 1.0000008344650269, 1.1132170385508289e-07), (0.0, 0.0, 0.0, 1.0)],
            "RightForeArm": [(0.9999973177909851, 0.0, 0.0, -8.592735412094044e-08), (0.0, 1.0000025033950806, 0.0, 2.183505998232249e-08), (0.0, 0.0, 1.0, -1.7638958738075416e-08), (0.0, 0.0, 0.0, 1.0)],
            "RightHand": [(0.9999985694885254, 0.0, 0.0, 1.910600389010142e-07), (0.0, 1.0000015497207642, 0.0, -7.978987781598335e-08), (0.0, 0.0, 1.000000238418579, -1.8014340241734317e-07), (0.0, 0.0, 0.0, 1.0)],
            "RightHandThumb1": [(1.0000083446502686, 0.0, 0.0, -1.9138278162245115e-07), (0.0, 0.9999915957450867, 0.0, -3.180922902856764e-08), (0.0, 0.0, 1.0000014305114746, 1.3066760118363163e-07), (0.0, 0.0, 0.0, 1.0)],
            "RightHandThumb2": [(0.9999914169311523, 0.0, 0.0, 3.2072620115286554e-08), (0.0, 1.0000081062316895, 0.0, -6.791375994907867e-08), (0.0, 0.0, 0.9999997019767761, 8.063318546192022e-08), (0.0, 0.0, 0.0, 1.0)],
            "RightHandThumb3": [(0.9999966025352478, 0.0, 0.0, 1.6472129971134564e-07), (0.0, 1.000003457069397, 0.0, -3.175595963966771e-08), (0.0, 0.0, 0.9999999403953552, -1.6928806800819984e-08), (0.0, 0.0, 0.0, 1.0)],
            "RightHandThumb4": [(1.0000020265579224, 0.0, 0.0, -6.584484424365655e-08), (0.0, 0.9999978542327881, 0.0, 2.642767604754681e-08), (0.0, 0.0, 1.0000001192092896, -2.9757053710000037e-08), (0.0, 0.0, 0.0, 1.0)],
            "RightHandIndex1": [(1.0000028610229492, 0.0, 0.0, -1.4334902687096474e-07), (0.0, 0.9999974370002747, 0.0, 9.497151154391759e-08), (0.0, 0.0, 1.0000005960464478, 4.3020939699545124e-08), (0.0, 0.0, 0.0, 1.0)],
            "RightHandIndex2": [(0.9999983906745911, 0.0, 0.0, 3.0475749923652984e-08), (0.0, 1.0000003576278687, 0.0, -1.6762759003086103e-07), (0.0, 0.0, 1.0000008344650269, -8.400633788596679e-08), (0.0, 0.0, 0.0, 1.0)],
            "RightHandIndex3": [(0.9999982714653015, 0.0, 0.0, -6.591571377612127e-08), (0.0, 1.000001072883606, 0.0, 1.5279167087101087e-07), (0.0, 0.0, 1.0000001192092896, 2.3568988538613667e-08), (0.0, 0.0, 0.0, 1.0)],
            "RightHandIndex4": [(0.9999998211860657, 0.0, 0.0, 3.063526321511745e-08), (0.0, 0.9999997019767761, 0.0, -3.512574409114677e-08), (0.0, 0.0, 1.0, -2.128102138954091e-08), (0.0, 0.0, 0.0, 1.0)],
            "RightHandMiddle1": [(0.9999995827674866, 0.0, 0.0, -1.8328694295632886e-07), (0.0, 1.0000004768371582, 0.0, -1.2245541824995598e-07), (0.0, 0.0, 1.0000004768371582, 1.2971985086096538e-07), (0.0, 0.0, 0.0, 1.0)],
            "RightHandMiddle2": [(1.0000008344650269, 0.0, 0.0, -1.6777727651628993e-08), (0.0, 0.9999982714653015, 0.0, 1.147872552564877e-07), (0.0, 0.0, 1.0000004768371582, 4.657024277321398e-08), (0.0, 0.0, 0.0, 1.0)],
            "RightHandMiddle3": [(1.0000004768371582, 0.0, 0.0, -1.7973613708477387e-08), (0.0, 0.999999463558197, 0.0, 1.7193153567518493e-08), (0.0, 0.0, 0.9999999403953552, 8.399509709988706e-08), (0.0, 0.0, 0.0, 1.0)],
            "RightHandMiddle4": [(0.9999999403953552, 0.0, 0.0, 3.852664676173845e-08), (0.0, 0.9999997615814209, 0.0, -7.701718374164557e-08), (0.0, 0.0, 0.9999999403953552, -1.434814578260557e-07), (0.0, 0.0, 0.0, 1.0)],
            "RightHandRing1": [(0.9999975562095642, 0.0, 0.0, -1.1357971629877284e-07), (0.0, 1.000002384185791, 0.0, -1.3801496834275895e-07), (0.0, 0.0, 1.000001072883606, 5.447990147899873e-08), (0.0, 0.0, 0.0, 1.0)],
            "RightHandRing2": [(1.0000001192092896, 0.0, 0.0, 5.0336833368191947e-08), (0.0, 0.9999991655349731, 0.0, 3.214232435766462e-08), (0.0, 0.0, 1.0000001192092896, 3.941672588325673e-08), (0.0, 0.0, 0.0, 1.0)],
            "RightHandRing3": [(0.999999463558197, 0.0, 0.0, -2.1472455813409397e-08), (0.0, 1.0000008344650269, 0.0, 2.0199177441782012e-08), (0.0, 0.0, 1.000000238418579, 1.1263916910309035e-08), (0.0, 0.0, 0.0, 1.0)],
            "RightHandRing4": [(1.0, 0.0, 0.0, 5.3717446490963994e-08), (0.0, 0.9999996423721313, 0.0, -2.1032607833149086e-07), (0.0, 0.0, 0.9999994039535522, -6.111997663538205e-08), (0.0, 0.0, 0.0, 1.0)],
            "RightHandPinky1": [(0.9999944567680359, 0.0, 0.0, -1.009186405553919e-07), (0.0, 1.0000057220458984, 0.0, 1.1332581095757632e-07), (0.0, 0.0, 1.0000003576278687, 7.722312034275092e-08), (0.0, 0.0, 0.0, 1.0)],
            "RightHandPinky2": [(0.9999996423721313, 0.0, 0.0, -4.14441387874831e-08), (0.0, 0.9999990463256836, 0.0, -7.570372417831095e-08), (0.0, 0.0, 1.0000003576278687, 7.261193424312751e-09), (0.0, 0.0, 0.0, 1.0)],
            "RightHandPinky3": [(1.0, 0.0, 0.0, 1.0710909492672727e-08), (0.0, 1.0000003576278687, 0.0, 1.3894518247070664e-07), (0.0, 0.0, 0.9999999403953552, -2.5758968291711426e-08), (0.0, 0.0, 0.0, 1.0)],
            "RightHandPinky4": [(1.0000003576278687, 0.0, 0.0, 6.710907030083035e-08), (0.0, 1.0000004768371582, 0.0, -1.0341967282556652e-07), (0.0, 0.0, 1.0000005960464478, -2.282956224064492e-08), (0.0, 0.0, 0.0, 1.0)],
            "LeftUpLeg": [(0.9999984502792358, 0.0, 0.0, -2.3490271061632484e-08), (0.0, 1.0000003576278687, 0.0, -2.3816977545720874e-07), (0.0, 0.0, 0.999996542930603, -6.491599702229678e-09), (0.0, 0.0, 0.0, 1.0)],
            "LeftLeg": [(1.0, 0.0, 0.0, -3.036975826375965e-08), (0.0, 0.9999997615814209, 0.0, -5.841399586259399e-11), (0.0, 0.0, 0.9999997615814209, -2.3025406234444823e-11), (0.0, 0.0, 0.0, 1.0)],
            "LeftFoot": [(0.9999993443489075, 0.0, 0.0, 1.379425684788771e-09), (0.0, 1.0000020265579224, 0.0, -1.5162731514806183e-08), (0.0, 0.0, 0.9999982118606567, 2.5626967214975593e-08), (0.0, 0.0, 0.0, 1.0)],
            "LeftToeBase": [(1.000000238418579, 0.0, 0.0, 4.392685326592982e-08), (0.0, 0.999987781047821, 0.0, -1.412559313962447e-08), (0.0, 0.0, 1.0000115633010864, 9.211198914726992e-09), (0.0, 0.0, 0.0, 1.0)],
            "LeftToe_End": [(1.0, 0.0, 0.0, 3.0326852140660776e-12), (0.0, 0.9999998807907104, 0.0, -6.655794138055171e-09), (0.0, 0.0, 0.9999998211860657, 1.4017751404082901e-08), (0.0, 0.0, 0.0, 1.0)],
            "RightUpLeg": [(0.9999984502792358, 0.0, 0.0, 2.3490271061632484e-08), (0.0, 1.0000003576278687, 0.0, -2.3816977545720874e-07), (0.0, 0.0, 0.999996542930603, -6.491599702229678e-09), (0.0, 0.0, 0.0, 1.0)],
            "RightLeg": [(1.0, 0.0, 0.0, 3.036975826375965e-08), (0.0, 0.9999997615814209, 0.0, -5.841399586259399e-11), (0.0, 0.0, 0.9999997615814209, -2.3025406234444823e-11), (0.0, 0.0, 0.0, 1.0)],
            "RightFoot": [(0.9999993443489075, 0.0, 0.0, -1.379425684788771e-09), (0.0, 1.0000020265579224, 0.0, -1.5162731514806183e-08), (0.0, 0.0, 0.9999982118606567, 2.5626967214975593e-08), (0.0, 0.0, 0.0, 1.0)],
            "RightToeBase": [(1.000000238418579, 0.0, 0.0, -4.392685326592982e-08), (0.0, 0.999987781047821, 0.0, -1.412559313962447e-08), (0.0, 0.0, 1.0000115633010864, 9.211198914726992e-09), (0.0, 0.0, 0.0, 1.0)],
            "RightToe_End": [(1.0, 0.0, 0.0, -3.0326852140660776e-12), (0.0, 0.9999998807907104, 0.0, -6.655794138055171e-09), (0.0, 0.0, 0.9999998211860657, 1.4017751404082901e-08), (0.0, 0.0, 0.0, 1.0)],
            },
        },
    "T-Pose": {
        "pose_matrix": {
            "Hips": [(0.9999998807907104, -1.1368683772161603e-13, 5.5706554820400545e-12, 4.547473508864641e-13), (1.1368683772161603e-13, 0.9999999403953552, -1.862645149230957e-09, 0.0), (-5.5706550483591855e-12, 1.862645149230957e-09, 0.9999999403953552, 0.0), (0.0, 0.0, 0.0, 1.0)],
            "Spine": [(1.000000238418579, 4.209964896226964e-13, -7.286503865555627e-12, -4.050093593832571e-13), (-4.209966522530223e-13, 1.0, -3.725290298461914e-09, -2.384185791015625e-07), (7.286504732917365e-12, 3.7252898543727042e-09, 1.0000001192092896, -1.4901161193847656e-08), (0.0, 0.0, 0.0, 1.0)],
            "Spine1": [(0.9999997615814209, -6.394888416548505e-13, 4.838796030526282e-12, 2.8421709430404007e-13), (6.394881369234384e-13, 0.9999995231628418, 1.86264500712241e-07, 2.384185791015625e-07), (-4.838797765249758e-12, -1.8626454334480513e-07, 0.9999993443489075, 2.9802322387695312e-08), (0.0, 0.0, 0.0, 1.0)],
            "Spine2": [(1.0000001192092896, -2.686742768911489e-14, -1.0983485036189164e-13, -3.907985046680551e-14), (2.6867417524719522e-14, 1.0000004768371582, 6.217247243834982e-15, 1.1920928955078125e-07), (1.0983489779573669e-13, -6.217251902516192e-15, 0.9999997019767761, -1.862645149230957e-08), (0.0, 0.0, 0.0, 1.0)],
            "Neck": [(1.0, 1.4211118989481547e-14, 3.730211465776713e-14, 0.0), (-1.4211125765745125e-14, 0.9999995827674866, 1.4901191391913926e-08, 2.384185791015625e-07), (-3.730208416458103e-14, -1.4901171851988693e-08, 1.0000008344650269, -5.960464477539063e-08), (0.0, 0.0, 0.0, 1.0)],
            "Head": [(0.9999998807907104, -1.2435028118426734e-14, 2.3316286103464492e-14, 1.6697754290362354e-13), (1.243501117776779e-14, 1.0000011920928955, 7.450547290233089e-09, 3.5762786865234375e-07), (-2.3316306432255227e-14, -7.450563721533854e-09, 0.9999989867210388, 0.0), (0.0, 0.0, 0.0, 1.0)],
            "HeadTop_End": [(0.9999999403953552, -1.2038994475806197e-14, -9.867323294164218e-14, 9.192646643896296e-14), (1.203899362877325e-14, 1.0, -8.381904059717726e-09, 0.0), (9.867323294164218e-14, 8.381904947896146e-09, 0.9999999403953552, -7.450580596923828e-09), (0.0, 0.0, 0.0, 1.0)],
            "LeftEye": [(1.0, -2.220448166832681e-16, -5.695086329610133e-14, -1.1175870895385742e-08), (2.220443931667945e-16, 1.0, -7.450562833355434e-09, 0.0), (5.695086329610133e-14, 7.450562833355434e-09, 1.0, 2.2351741790771484e-08), (0.0, 0.0, 0.0, 1.0)],
            "RightEye": [(1.0, -2.220448166832681e-16, -5.695086329610133e-14, 1.1175870895385742e-08), (2.220443931667945e-16, 1.0, -7.450562833355434e-09, 0.0), (5.695086329610133e-14, 7.450562833355434e-09, 1.0, 1.4901161193847656e-08), (0.0, 0.0, 0.0, 1.0)],
            "LeftShoulder": [(0.9999518990516663, -0.004084468819200993, -0.00885909702628851, -7.450580596923828e-09), (0.004531643353402615, 0.9986855983734131, 0.05105842277407646, -4.470348358154297e-08), (0.008638898842036724, -0.05109614506363869, 0.9986565113067627, -3.5762786865234375e-07), (0.0, 0.0, 0.0, 1.0)],
            "LeftArm": [(0.9991146326065063, -0.015598412603139877, -0.039035771042108536, -3.725290298461914e-08), (0.03980691358447075, 0.6494973301887512, 0.7593221664428711, 1.1920928955078125e-07), (0.013509372249245644, -0.7602041959762573, 0.6495447158813477, 5.960464477539063e-08), (0.0, 0.0, 0.0, 1.0)],
            "LeftForeArm": [(0.9397081732749939, 0.34153279662132263, 0.01732727698981762, 6.705522537231445e-08), (-0.3419609069824219, 0.938106119632721, 0.05499155819416046, 2.9802322387695312e-08), (0.0025265796575695276, -0.057601574808359146, 0.9983364343643188, 1.1920928955078125e-07), (0.0, 0.0, 0.0, 1.0)],
            "LeftHand": [(0.9986752867698669, -0.031061597168445587, 0.04098528251051903, -1.4901161193847656e-07), (0.02645746059715748, 0.9937511682510376, 0.10845133662223816, -1.7881393432617188e-07), (-0.04409770667552948, -0.10722361505031586, 0.9932566285133362, -2.384185791015625e-07), (0.0, 0.0, 0.0, 1.0)],
            "LeftHandThumb1": [(1.0000083446502686, 2.6821786036634876e-07, -7.450555727928077e-08, 1.6391277313232422e-07), (-2.682224078398576e-07, 0.9999914169311523, -2.9802613710216974e-08, -5.960464477539063e-08), (7.450604755376844e-08, 2.980233304583635e-08, 1.0000015497207642, 0.0), (0.0, 0.0, 0.0, 1.0)],
            "LeftHandThumb2": [(0.9999914169311523, -1.2107219049539708e-07, 2.980237923111417e-08, -9.872019290924072e-08), (1.2107018676488224e-07, 1.0000079870224, 4.470335923656421e-08, -4.470348358154297e-08), (-2.9802144752011372e-08, -4.4703728718786806e-08, 0.9999995231628418, 1.1920928955078125e-07), (0.0, 0.0, 0.0, 1.0)],
            "LeftHandThumb3": [(0.9999968409538269, 1.564630309758286e-07, -4.4703554635816545e-08, -1.4156103134155273e-07), (-1.5646197937257966e-07, 1.0000035762786865, -1.4901051059723613e-08, -2.2351741790771484e-08), (4.470341252726939e-08, 1.4901111455856153e-08, 1.0, 0.0), (0.0, 0.0, 0.0, 1.0)],
            "LeftHandThumb4": [(1.0000019073486328, 6.89175863044511e-08, -1.1175843361854731e-08, 7.450580596923828e-08), (-6.891787052154541e-08, 0.9999977350234985, -3.514203156446995e-14, -3.725290298461914e-08), (1.1175863789958385e-08, 3.5912164084508924e-14, 1.0000001192092896, 0.0), (0.0, 0.0, 0.0, 1.0)],
            "LeftHandIndex1": [(1.0000028610229492, 4.377195139682044e-08, 1.4901127443067708e-08, 8.940696716308594e-08), (-4.377219653406428e-08, 0.9999972581863403, 1.1175945502372997e-08, 5.960464477539063e-08), (-1.4901161193847656e-08, -1.117590731070095e-08, 1.0000005960464478, 1.1920928955078125e-07), (0.0, 0.0, 0.0, 1.0)],
            "LeftHandIndex2": [(0.9999984502792358, 9.685771829026635e-08, -8.940708795535102e-08, 1.862645149230957e-08), (-9.685754776000977e-08, 1.0000003576278687, -1.9371510973087425e-07, -2.1979212760925293e-07), (8.940685347624822e-08, 1.9371502446574596e-07, 1.0000008344650269, -2.384185791015625e-07), (0.0, 0.0, 0.0, 1.0)],
            "LeftHandIndex3": [(0.9999982118606567, -3.725290298461914e-08, 1.4901164746561335e-08, 8.940696716308594e-08), (3.7252799955922455e-08, 1.0000009536743164, -1.4901159772762185e-07, 2.980232238769531e-07), (-1.4901130107602967e-08, 1.4901172562531428e-07, 1.0000001192092896, 0.0), (0.0, 0.0, 0.0, 1.0)],
            "LeftHandIndex4": [(0.9999997615814209, 1.862644793959589e-08, 2.6077033865590238e-08, -3.725290298461914e-08), (-1.862644793959589e-08, 0.9999997019767761, -1.4901156752955558e-08, -1.043081283569336e-07), (-2.607702853651972e-08, 1.4901153200241879e-08, 0.9999999403953552, 1.1920928955078125e-07), (0.0, 0.0, 0.0, 1.0)],
            "LeftHandMiddle1": [(0.9999995827674866, 5.58793811222813e-09, 1.4901168299275014e-08, 8.940696716308594e-08), (-5.587934559514451e-09, 1.000000238418579, -2.2351743567128324e-08, -1.7881393432617188e-07), (-1.4901154976598718e-08, 2.2351738238057806e-08, 1.0000004768371582, 0.0), (0.0, 0.0, 0.0, 1.0)],
            "LeftHandMiddle2": [(1.0000007152557373, -6.705514721261352e-08, -7.4505766001209395e-09, 2.9802322387695312e-08), (6.705532484829746e-08, 0.9999980926513672, -4.470351910867976e-08, 1.2293457984924316e-07), (7.450581485102248e-09, 4.470341607998307e-08, 1.0000003576278687, 1.1920928955078125e-07), (0.0, 0.0, 0.0, 1.0)],
            "LeftHandMiddle3": [(1.0000004768371582, 9.685748381116355e-08, -7.450573047407261e-09, 0.0), (-9.685758328714655e-08, 0.9999994039535522, -2.9802317058624794e-08, 1.1920928955078125e-07), (7.4505748237641e-09, 2.980230284777008e-08, 0.9999998807907104, 1.1920928955078125e-07), (0.0, 0.0, 0.0, 1.0)],
            "LeftHandMiddle4": [(1.0, -5.960464477539063e-08, 4.440892627896218e-16, -1.4901161193847656e-08), (5.960465188081798e-08, 0.9999998807907104, -1.4901161193847656e-08, -2.9802322387695312e-08), (4.440892627896218e-16, 1.4901159417490817e-08, 1.0, 0.0), (0.0, 0.0, 0.0, 1.0)],
            "LeftHandRing1": [(0.9999975562095642, 3.5390257835388184e-08, 3.725295627532432e-08, 4.470348358154297e-08), (-3.539009085784528e-08, 1.0000022649765015, 8.222599440525433e-15, -2.086162567138672e-07), (-3.725282482491821e-08, -9.540999446663173e-15, 1.000001072883606, -1.1920928955078125e-07), (0.0, 0.0, 0.0, 1.0)],
            "LeftHandRing2": [(1.0, 4.09781861776537e-08, -2.9802322387695312e-08, -4.470348358154297e-08), (-4.097822881021784e-08, 0.9999989867210388, -1.5376588891058418e-14, 5.960464477539063e-08), (2.9802322387695312e-08, 1.6597817277487145e-14, 1.0, 0.0), (0.0, 0.0, 0.0, 1.0)],
            "LeftHandRing3": [(0.9999995231628418, -4.470352976682079e-08, 1.4901173628345532e-08, 0.0), (4.4703469370688254e-08, 1.0000008344650269, 1.4543926704787234e-14, -2.9802322387695312e-08), (-1.4901161193847656e-08, -1.3877799666275718e-14, 1.0000003576278687, 0.0), (0.0, 0.0, 0.0, 1.0)],
            "LeftHandRing4": [(1.0, 5.215405707303944e-08, -7.450587702351186e-09, -5.960464477539063e-08), (-5.215407838932151e-08, 0.9999995827674866, -1.0430812125150624e-07, -8.940696716308594e-08), (7.450586814172766e-09, 1.0430814256778831e-07, 0.9999994039535522, 0.0), (0.0, 0.0, 0.0, 1.0)],
            "LeftHandPinky1": [(0.9999944567680359, 2.4214113381049174e-08, -7.45060280138432e-09, 4.470348358154297e-08), (-2.4213839822095906e-08, 1.0000057220458984, -1.4901081257789883e-08, 7.450580596923828e-08), (7.4505588365525455e-09, 1.4901161193847656e-08, 1.0000003576278687, 0.0), (0.0, 0.0, 0.0, 1.0)],
            "LeftHandPinky2": [(0.9999997615814209, 2.6077037418303917e-08, -1.862645326866641e-08, 5.960464477539063e-08), (-2.6077062287299668e-08, 0.999998927116394, -1.4901176825787843e-07, -1.341104507446289e-07), (1.8626442610525373e-08, 1.4901156930591242e-07, 1.000000238418579, 1.1920928955078125e-07), (0.0, 0.0, 0.0, 1.0)],
            "LeftHandPinky3": [(0.9999999403953552, -1.4321883793928097e-14, -7.450580152834618e-09, 0.0), (1.4099831565706541e-14, 1.0000004768371582, -2.9802286860558524e-08, 2.682209014892578e-07), (7.4505797087454084e-09, 2.980230107141324e-08, 1.0, -1.1920928955078125e-07), (0.0, 0.0, 0.0, 1.0)],
            "LeftHandPinky4": [(1.0000003576278687, 1.1175871783564162e-08, 1.862645326866641e-08, -8.940696716308594e-08), (-1.1175872671742582e-08, 1.000000238418579, -2.9802343703977385e-08, -2.086162567138672e-07), (-1.862645149230957e-08, 2.980233659855003e-08, 1.0000004768371582, 0.0), (0.0, 0.0, 0.0, 1.0)],
            "RightShoulder": [(0.999951958656311, 0.004084495827555656, 0.008859099820256233, 1.4901161193847656e-08), (-0.0045316703617572784, 0.9986855983734131, 0.05105845630168915, -5.960464477539063e-08), (-0.008638899773359299, -0.051096174865961075, 0.9986566305160522, -3.5762786865234375e-07), (0.0, 0.0, 0.0, 1.0)],
            "RightArm": [(0.9991146326065063, 0.015598413534462452, 0.03903577849268913, 3.725290298461914e-08), (-0.039806921035051346, 0.6494972705841064, 0.7593222856521606, 1.1920928955078125e-07), (-0.013509375974535942, -0.7602043151855469, 0.6495445966720581, 5.960464477539063e-08), (0.0, 0.0, 0.0, 1.0)],
            "RightForeArm": [(0.9397081136703491, -0.3415328562259674, -0.017327282577753067, -6.705522537231445e-08), (0.34196096658706665, 0.938106119632721, 0.05499156191945076, 2.9802322387695312e-08), (-0.0025265796575695276, -0.057601578533649445, 0.9983364343643188, 1.1920928955078125e-07), (0.0, 0.0, 0.0, 1.0)],
            "RightHand": [(0.9986752867698669, 0.03106159344315529, -0.040985286235809326, 1.4901161193847656e-07), (-0.02645745687186718, 0.9937511682510376, 0.10845133662223816, -1.7881393432617188e-07), (0.04409771040081978, -0.10722361505031586, 0.9932566285133362, -2.384185791015625e-07), (0.0, 0.0, 0.0, 1.0)],
            "RightHandThumb1": [(1.0000083446502686, -2.6821786036634876e-07, 7.450555727928077e-08, -1.6391277313232422e-07), (2.682224078398576e-07, 0.9999914169311523, -2.9802613710216974e-08, -5.960464477539063e-08), (-7.450604755376844e-08, 2.980233304583635e-08, 1.0000015497207642, 0.0), (0.0, 0.0, 0.0, 1.0)],
            "RightHandThumb2": [(0.9999914169311523, 1.2107219049539708e-07, -2.980237923111417e-08, 9.872019290924072e-08), (-1.2107018676488224e-07, 1.0000079870224, 4.470335923656421e-08, -4.470348358154297e-08), (2.9802144752011372e-08, -4.4703728718786806e-08, 0.9999995231628418, 1.1920928955078125e-07), (0.0, 0.0, 0.0, 1.0)],
            "RightHandThumb3": [(0.9999968409538269, -1.564630309758286e-07, 4.4703554635816545e-08, 1.4156103134155273e-07), (1.5646197937257966e-07, 1.0000035762786865, -1.4901051059723613e-08, -2.2351741790771484e-08), (-4.470341252726939e-08, 1.4901111455856153e-08, 1.0, 0.0), (0.0, 0.0, 0.0, 1.0)],
            "RightHandThumb4": [(1.0000019073486328, -6.89175863044511e-08, 1.1175843361854731e-08, -7.450580596923828e-08), (6.891787052154541e-08, 0.9999977350234985, -3.514203156446995e-14, -3.725290298461914e-08), (-1.1175863789958385e-08, 3.5912164084508924e-14, 1.0000001192092896, 0.0), (0.0, 0.0, 0.0, 1.0)],
            "RightHandIndex1": [(1.0000028610229492, -4.377195139682044e-08, -1.4901127443067708e-08, -8.940696716308594e-08), (4.377219653406428e-08, 0.9999972581863403, 1.1175945502372997e-08, 5.960464477539063e-08), (1.4901161193847656e-08, -1.117590731070095e-08, 1.0000005960464478, 1.1920928955078125e-07), (0.0, 0.0, 0.0, 1.0)],
            "RightHandIndex2": [(0.9999984502792358, -9.685771829026635e-08, 8.940708795535102e-08, -1.862645149230957e-08), (9.685754776000977e-08, 1.0000003576278687, -1.9371510973087425e-07, -2.1979212760925293e-07), (-8.940685347624822e-08, 1.9371502446574596e-07, 1.0000008344650269, -2.384185791015625e-07), (0.0, 0.0, 0.0, 1.0)],
            "RightHandIndex3": [(0.9999982118606567, 3.725290298461914e-08, -1.4901164746561335e-08, -8.940696716308594e-08), (-3.7252799955922455e-08, 1.0000009536743164, -1.4901159772762185e-07, 2.980232238769531e-07), (1.4901130107602967e-08, 1.4901172562531428e-07, 1.0000001192092896, 0.0), (0.0, 0.0, 0.0, 1.0)],
            "RightHandIndex4": [(0.9999997615814209, -1.862644793959589e-08, -2.6077033865590238e-08, 3.725290298461914e-08), (1.862644793959589e-08, 0.9999997019767761, -1.4901156752955558e-08, -1.043081283569336e-07), (2.607702853651972e-08, 1.4901153200241879e-08, 0.9999999403953552, 1.1920928955078125e-07), (0.0, 0.0, 0.0, 1.0)],
            "RightHandMiddle1": [(0.9999995827674866, -5.58793811222813e-09, -1.4901168299275014e-08, -8.940696716308594e-08), (5.587934559514451e-09, 1.000000238418579, -2.2351743567128324e-08, -1.7881393432617188e-07), (1.4901154976598718e-08, 2.2351738238057806e-08, 1.0000004768371582, 0.0), (0.0, 0.0, 0.0, 1.0)],
            "RightHandMiddle2": [(1.0000007152557373, 6.705514721261352e-08, 7.4505766001209395e-09, -2.9802322387695312e-08), (-6.705532484829746e-08, 0.9999980926513672, -4.470351910867976e-08, 1.2293457984924316e-07), (-7.450581485102248e-09, 4.470341607998307e-08, 1.0000003576278687, 1.1920928955078125e-07), (0.0, 0.0, 0.0, 1.0)],
            "RightHandMiddle3": [(1.0000004768371582, -9.685748381116355e-08, 7.450573047407261e-09, -0.0), (9.685758328714655e-08, 0.9999994039535522, -2.9802317058624794e-08, 1.1920928955078125e-07), (-7.4505748237641e-09, 2.980230284777008e-08, 0.9999998807907104, 1.1920928955078125e-07), (0.0, 0.0, 0.0, 1.0)],
            "RightHandMiddle4": [(1.0, 5.960464477539063e-08, -4.440892627896218e-16, 1.4901161193847656e-08), (-5.960465188081798e-08, 0.9999998807907104, -1.4901161193847656e-08, -2.9802322387695312e-08), (-4.440892627896218e-16, 1.4901159417490817e-08, 1.0, 0.0), (0.0, 0.0, 0.0, 1.0)],
            "RightHandRing1": [(0.9999975562095642, -3.5390257835388184e-08, -3.725295627532432e-08, -4.470348358154297e-08), (3.539009085784528e-08, 1.0000022649765015, 8.222599440525433e-15, -2.086162567138672e-07), (3.725282482491821e-08, -9.540999446663173e-15, 1.000001072883606, -1.1920928955078125e-07), (0.0, 0.0, 0.0, 1.0)],
            "RightHandRing2": [(1.0, -4.09781861776537e-08, 2.9802322387695312e-08, 4.470348358154297e-08), (4.097822881021784e-08, 0.9999989867210388, -1.5376588891058418e-14, 5.960464477539063e-08), (-2.9802322387695312e-08, 1.6597817277487145e-14, 1.0, 0.0), (0.0, 0.0, 0.0, 1.0)],
            "RightHandRing3": [(0.9999995231628418, 4.470352976682079e-08, -1.4901173628345532e-08, -0.0), (-4.4703469370688254e-08, 1.0000008344650269, 1.4543926704787234e-14, -2.9802322387695312e-08), (1.4901161193847656e-08, -1.3877799666275718e-14, 1.0000003576278687, 0.0), (0.0, 0.0, 0.0, 1.0)],
            "RightHandRing4": [(1.0, -5.215405707303944e-08, 7.450587702351186e-09, 5.960464477539063e-08), (5.215407838932151e-08, 0.9999995827674866, -1.0430812125150624e-07, -8.940696716308594e-08), (-7.450586814172766e-09, 1.0430814256778831e-07, 0.9999994039535522, 0.0), (0.0, 0.0, 0.0, 1.0)],
            "RightHandPinky1": [(0.9999944567680359, -2.4214113381049174e-08, 7.45060280138432e-09, -4.470348358154297e-08), (2.4213839822095906e-08, 1.0000057220458984, -1.4901081257789883e-08, 7.450580596923828e-08), (-7.4505588365525455e-09, 1.4901161193847656e-08, 1.0000003576278687, 0.0), (0.0, 0.0, 0.0, 1.0)],
            "RightHandPinky2": [(0.9999997615814209, -2.6077037418303917e-08, 1.862645326866641e-08, -5.960464477539063e-08), (2.6077062287299668e-08, 0.999998927116394, -1.4901176825787843e-07, -1.341104507446289e-07), (-1.8626442610525373e-08, 1.4901156930591242e-07, 1.000000238418579, 1.1920928955078125e-07), (0.0, 0.0, 0.0, 1.0)],
            "RightHandPinky3": [(0.9999999403953552, 1.4321883793928097e-14, 7.450580152834618e-09, -0.0), (-1.4099831565706541e-14, 1.0000004768371582, -2.9802286860558524e-08, 2.682209014892578e-07), (-7.4505797087454084e-09, 2.980230107141324e-08, 1.0, -1.1920928955078125e-07), (0.0, 0.0, 0.0, 1.0)],
            "RightHandPinky4": [(1.0000003576278687, -1.1175871783564162e-08, -1.862645326866641e-08, 8.940696716308594e-08), (1.1175872671742582e-08, 1.000000238418579, -2.9802343703977385e-08, -2.086162567138672e-07), (1.862645149230957e-08, 2.980233659855003e-08, 1.0000004768371582, 0.0), (0.0, 0.0, 0.0, 1.0)],
            "LeftUpLeg": [(0.9952187538146973, 0.09752129763364792, 0.005116701126098633, -2.9802322387695312e-08), (-0.0975189283490181, 0.9952336549758911, -0.000677548348903656, -1.1920928955078125e-07), (-0.00515839783474803, 0.00017533452773932368, 0.9999831914901733, -3.725290298461914e-09), (0.0, 0.0, 0.0, 1.0)],
            "LeftLeg": [(1.0, -7.450578820566989e-09, -9.313223525708736e-10, -7.450580596923828e-09), (7.450580596923828e-09, 0.9999997615814209, -3.4694461247730016e-18, -5.960464477539063e-08), (9.313225746154785e-10, -3.4694461247730016e-18, 0.9999997615814209, -7.450580596923828e-09), (0.0, 0.0, 0.0, 1.0)],
            "LeftFoot": [(0.9953491687774658, -0.05924753472208977, 0.0759505182504654, 7.450580596923828e-09), (0.05925329029560089, 0.9982426166534424, 0.002177562564611435, 7.450580596923828e-09), (-0.07594598829746246, 0.002332892268896103, 0.9971073865890503, 0.0), (0.0, 0.0, 0.0, 1.0)],
            "LeftToeBase": [(1.000000238418579, -1.285653805638276e-08, -1.8160832837565977e-08, 3.3527612686157227e-08), (1.2856697928498306e-08, 0.999987781047821, 9.313335658234223e-10, -2.2351741790771484e-08), (1.8160626780172606e-08, -9.31311638918686e-10, 1.0000115633010864, 7.450580596923828e-09), (0.0, 0.0, 0.0, 1.0)],
            "LeftToe_End": [(1.0000001192092896, 4.659522900851698e-08, 1.1827067680769687e-07, 0.0), (-4.659523611394434e-08, 0.9999998211860657, -3.7254515916629316e-08, 0.0), (-1.182707052294063e-07, 3.725450525848828e-08, 0.9999998807907104, 1.4901161193847656e-08), (0.0, 0.0, 0.0, 1.0)],
            "RightUpLeg": [(0.995218813419342, -0.0975213274359703, -0.005116701126098633, 2.9802322387695312e-08), (0.09751894325017929, 0.9952337741851807, -0.0006775502697564662, -2.384185791015625e-07), (0.00515839783474803, 0.0001753363903844729, 0.9999831914901733, -8.381903171539307e-09), (0.0, 0.0, 0.0, 1.0)],
            "RightLeg": [(1.0, 1.303851338008144e-08, 1.8626450382086546e-09, 3.725290298461914e-08), (-1.3038517820973539e-08, 0.9999996423721313, -7.4505792646561986e-09, 0.0), (-1.862645371275562e-09, 7.450577932388569e-09, 0.9999998211860657, 1.1175870895385742e-08), (0.0, 0.0, 0.0, 1.0)],
            "RightFoot": [(0.9953490495681763, 0.05924752354621887, -0.0759505107998848, -7.450580596923828e-09), (-0.059253282845020294, 0.9982424974441528, 0.002177503192797303, -2.2351741790771484e-08), (0.07594598084688187, 0.0023329518735408783, 0.997107207775116, 1.4901161193847656e-08), (0.0, 0.0, 0.0, 1.0)],
            "RightToeBase": [(1.0000004768371582, 1.781511471676822e-08, 2.3515971392384927e-08, -5.21540641784668e-08), (-1.7815340314086825e-08, 0.9999878406524658, -1.3504177331924438e-08, 0.0), (-2.3515704938859017e-08, 1.3503854034979668e-08, 1.0000118017196655, 1.862645149230957e-09), (0.0, 0.0, 0.0, 1.0)],
            "RightToe_End": [(0.9999999403953552, -4.6522476537802504e-08, -1.1785594722368842e-07, 0.0), (4.6522472985088825e-08, 0.9999998807907104, -3.7332625879571424e-08, -2.9802322387695312e-08), (1.178559827508252e-07, 3.73326294322851e-08, 0.9999996423721313, 0.0), (0.0, 0.0, 0.0, 1.0)],
            },
        },
    }
