# Pose library auto-generated by Onigiri

poses = {
    "T-Pose Splayed Fingers": {
        "pose_matrix": {
            "LeftHandThumb1": [(0.998695969581604, 0.006298506632447243, 0.050662267953157425, 2.829006575666426e-07), (-0.029403600841760635, 0.8822035789489746, 0.46994921565055847, 3.746735615095531e-07), (-0.04173445329070091, -0.47082605957984924, 0.8812383413314819, 3.422723864332511e-07), (0.0, 0.0, 0.0, 1.0)],
            "LeftHandThumb2": [(0.8831305503845215, -0.4688238501548767, -0.01687198132276535, -1.5921122553663736e-07), (0.4689021706581116, 0.8810214400291443, 0.06270536780357361, 2.8340687663330755e-07), (-0.014533190988004208, -0.06328833103179932, 0.9978894591331482, -5.5613789129438373e-08), (0.0, 0.0, 0.0, 1.0)],
            "LeftHandThumb3": [(0.99242103099823, -0.12286743521690369, -0.0020311446860432625, 1.8184782391017507e-07), (0.12288149446249008, 0.9921532273292542, 0.023066934198141098, -1.1681596134849315e-07), (-0.0008189681102521718, -0.023141702637076378, 0.9997317790985107, 4.473342869459884e-07), (0.0, 0.0, 0.0, 1.0)],
            "LeftHandThumb4": [(0.9997943639755249, 0.020276859402656555, -0.00036384552367962897, 6.051008227814236e-08), (-0.020276397466659546, 0.9997936487197876, 0.0012335985666140914, 5.597946994839731e-08), (0.0003887839266099036, -0.001225967425853014, 0.9999991655349731, 2.541426624702581e-07), (0.0, 0.0, 0.0, 1.0)],
            "LeftHandIndex1": [(0.9466474056243896, -0.3222639858722687, -0.0021627380046993494, -1.644306308890009e-07), (0.31229647994041443, 0.9156697988510132, 0.2530212700366974, -2.2791724063608854e-07), (-0.07955928146839142, -0.24019736051559448, 0.9674582481384277, 4.898953420706675e-07), (0.0, 0.0, 0.0, 1.0)],
            "LeftHandIndex2": [(0.9987399578094482, 0.04995689168572426, 0.004772110376507044, 5.335823871632783e-08), (-0.04995676130056381, 0.9806613922119141, 0.18922871351242065, 9.579915882795831e-08), (0.004773454274982214, -0.18922868371009827, 0.9819214344024658, 7.744937136067165e-08), (0.0, 0.0, 0.0, 1.0)],
            "LeftHandIndex3": [(0.9984720349311829, -0.05507025495171547, -0.004563553724437952, -2.890546397793514e-07), (0.055070191621780396, 0.9848396182060242, 0.16449372470378876, 4.656990881812817e-08), (-0.004564342088997364, -0.16449370980262756, 0.9863675832748413, 5.794243520540476e-07), (0.0, 0.0, 0.0, 1.0)],
            "LeftHandIndex4": [(1.0, -5.5879340266073996e-08, 9.953507351667668e-09, -6.03132974674736e-08), (5.5879340266073996e-08, 1.0, 3.25962834502036e-09, 1.1325946047691104e-07), (-9.953507351667668e-09, -3.25962790093115e-09, 1.0, 3.8951040437495976e-07), (0.0, 0.0, 0.0, 1.0)],
            "LeftHandMiddle1": [(0.9975236654281616, -0.07024141401052475, -0.003561402205377817, -2.7210390385334904e-08), (0.07024132460355759, 0.9923991560935974, 0.10104480385780334, 4.7029013217070315e-07), (-0.003563196863979101, -0.10104474425315857, 0.9948754906654358, -2.997755075284658e-07), (0.0, 0.0, 0.0, 1.0)],
            "LeftHandMiddle2": [(0.9964998960494995, 0.08290508389472961, 0.01070962194353342, -1.5369427952549586e-09), (-0.08290527015924454, 0.9637349247932434, 0.2536565959453583, -1.1839912872346758e-07), (0.010708185844123363, -0.25365668535232544, 0.9672350287437439, -1.7130565765910433e-07), (0.0, 0.0, 0.0, 1.0)],
            "LeftHandMiddle3": [(0.9953452944755554, -0.09440647065639496, -0.01937020756304264, -1.0747316281367603e-07), (0.09440623223781586, 0.9147331714630127, 0.39287489652633667, 1.5260785346526973e-07), (-0.019371356815099716, -0.3928748369216919, 0.919387936592102, 2.578728981461609e-07), (0.0, 0.0, 0.0, 1.0)],
            "LeftHandMiddle4": [(1.0, -1.256120754078438e-07, 2.935121301561594e-08, 6.785860762192897e-08), (1.256120754078438e-07, 1.0, -2.3566087747894926e-07, 7.382858768778533e-08), (-2.935118459390651e-08, 2.3566087747894926e-07, 1.0, -1.9125614869608398e-08), (0.0, 0.0, 0.0, 1.0)],
            "LeftHandRing1": [(0.9980056881904602, -0.06170908734202385, -0.013289954513311386, -9.071974460539423e-08), (0.06289628893136978, 0.9899826645851135, 0.12640585005283356, 1.0238491654490645e-07), (0.00535643519833684, -0.12698964774608612, 0.9918895959854126, 3.091356575168902e-07), (0.0, 0.0, 0.0, 1.0)],
            "LeftHandRing2": [(0.9963400363922119, 0.08396799862384796, 0.015995822846889496, -4.6696211342123206e-08), (-0.0839681476354599, 0.9264335036277771, 0.3669746220111847, 6.688837039803275e-09), (0.015995055437088013, -0.3669746518135071, 0.9300934076309204, -4.6076198145783565e-07), (0.0, 0.0, 0.0, 1.0)],
            "LeftHandRing3": [(0.9999944567680359, 0.003333861008286476, 0.00013042424689047039, 6.845754541018323e-08), (-0.003333866596221924, 0.9969415664672852, 0.07807948440313339, 4.1875219380926865e-07), (0.00013028075045440346, -0.07807948440313339, 0.9969471096992493, 4.354035070264217e-07), (0.0, 0.0, 0.0, 1.0)],
            "LeftHandRing4": [(1.0, 7.530614354323006e-09, 1.1117660569937016e-08, 7.594330497795454e-08), (-7.530614354323006e-09, 1.0, -2.3283062977608182e-10, 9.555244417924769e-08), (-1.1117660569937016e-08, 2.3283054650935497e-10, 1.0, -1.3085859507100395e-07), (0.0, 0.0, 0.0, 1.0)],
            "LeftHandPinky1": [(0.9920285940170288, 0.12126154452562332, -0.03427666053175926, -8.511275950695563e-08), (-0.11499380320310593, 0.9823862910270691, 0.14728765189647675, -5.538854566111695e-07), (0.051533252000808716, -0.1421719789505005, 0.9884995222091675, 6.205663680702855e-07), (0.0, 0.0, 0.0, 1.0)],
            "LeftHandPinky2": [(0.9979185461997986, 0.06392686814069748, 0.00847799051553011, -1.2770701118824945e-07), (-0.06392747908830643, 0.963405191898346, 0.2603146731853485, -1.0122262494860479e-07), (0.008473359979689121, -0.26031482219696045, 0.9654865860939026, -3.773549508423457e-07), (0.0, 0.0, 0.0, 1.0)],
            "LeftHandPinky3": [(0.9997718334197998, 0.02119969017803669, 0.0026235985569655895, 2.9149848757015207e-08), (-0.021199531853199005, 0.9695913195610046, 0.24380983412265778, 1.4439889639561443e-07), (0.0026248740032315254, -0.24380983412265778, 0.9698194861412048, 8.784351024360149e-08), (0.0, 0.0, 0.0, 1.0)],
            "LeftHandPinky4": [(1.0, 1.7322594203506014e-07, 5.1688378022163306e-08, 3.4706815199569974e-08), (-1.7322594203506014e-07, 1.0, -7.660126044584104e-08, 1.059757295251984e-07), (-5.168839223301802e-08, 7.660124623498632e-08, 1.0, 1.963834534990383e-07), (0.0, 0.0, 0.0, 1.0)],
            "RightHandThumb1": [(0.998695969581604, -0.006298506632447243, -0.050662267953157425, -2.829006575666426e-07), (0.029403600841760635, 0.8822035789489746, 0.46994921565055847, 3.746735615095531e-07), (0.04173445701599121, -0.47082605957984924, 0.8812384009361267, 3.422723864332511e-07), (0.0, 0.0, 0.0, 1.0)],
            "RightHandThumb2": [(0.8831305503845215, 0.4688238799571991, 0.0168719794601202, 1.5921122553663736e-07), (-0.46890220046043396, 0.8810214400291443, 0.06270536035299301, 2.8340687663330755e-07), (0.014533189125359058, -0.06328833103179932, 0.9978894591331482, -5.5613789129438373e-08), (0.0, 0.0, 0.0, 1.0)],
            "RightHandThumb3": [(0.99242103099823, 0.12286744266748428, 0.002031144918873906, -1.8184782391017507e-07), (-0.12288150191307068, 0.9921532273292542, 0.023066936060786247, -1.1681596134849315e-07), (0.0008189683430828154, -0.023141702637076378, 0.9997318387031555, 4.473342869459884e-07), (0.0, 0.0, 0.0, 1.0)],
            "RightHandThumb4": [(0.9997943639755249, -0.020276859402656555, 0.00036384552367962897, -6.051008227814236e-08), (0.020276397466659546, 0.9997936487197876, 0.0012335985666140914, 5.597946994839731e-08), (-0.0003887839266099036, -0.001225967425853014, 0.9999991655349731, 2.541426624702581e-07), (0.0, 0.0, 0.0, 1.0)],
            "RightHandIndex1": [(0.9466474056243896, 0.3222639560699463, 0.002162730786949396, 1.644306308890009e-07), (-0.31229642033576965, 0.9156697988510132, 0.2530212104320526, -2.2791724063608854e-07), (0.07955925911664963, -0.2401972860097885, 0.9674583077430725, 4.898953420706675e-07), (0.0, 0.0, 0.0, 1.0)],
            "RightHandIndex2": [(0.9987398386001587, -0.04995950311422348, -0.004773490596562624, 5.546205983364416e-08), (0.049959562718868256, 0.9806602001190186, 0.18923437595367432, -3.209337648968358e-07), (-0.004772883374243975, -0.1892343908548355, 0.9819203615188599, -1.422904318815199e-07), (0.0, 0.0, 0.0, 1.0)],
            "RightHandIndex3": [(0.9984720945358276, 0.0550692118704319, 0.004563494119793177, -1.4658728275662725e-07), (-0.05506923049688339, 0.9848425984382629, 0.1644763946533203, 2.416332449683978e-07), (0.004563262220472097, -0.1644764095544815, 0.9863704442977905, -2.9163095049966614e-08), (0.0, 0.0, 0.0, 1.0)],
            "RightHandIndex4": [(1.0, -8.661297812295743e-08, -9.394712208177225e-08, 1.275260785860155e-07), (8.661296391210271e-08, 1.0, -1.8335406082314876e-07, 6.309579703156487e-08), (9.394713629262696e-08, 1.8335406082314876e-07, 1.0, -1.99132699663096e-07), (0.0, 0.0, 0.0, 1.0)],
            "RightHandMiddle1": [(0.997523844242096, 0.07023870944976807, 0.0035629302728921175, 1.1837407498660468e-07), (-0.07023880630731583, 0.9923997521400452, 0.10104059427976608, -2.5440567696932703e-07), (0.003561109770089388, -0.10104065388441086, 0.9948759078979492, -1.340915503078577e-07), (0.0, 0.0, 0.0, 1.0)],
            "RightHandMiddle2": [(0.9964999556541443, -0.08290456235408783, -0.010707872919738293, -2.6475515824131435e-07), (0.0829043835401535, 0.9637364149093628, 0.25365138053894043, -2.3156317752182076e-07), (-0.010709293186664581, -0.25365132093429565, 0.9672363996505737, 7.32338847342362e-08), (0.0, 0.0, 0.0, 1.0)],
            "RightHandMiddle3": [(0.9953447580337524, 0.09441131353378296, 0.019372055307030678, 1.8811732616086374e-07), (-0.0944112166762352, 0.9147286415100098, 0.3928842842578888, -6.760154747098568e-08), (0.019372543320059776, -0.3928842544555664, 0.9193838834762573, -6.477742431343358e-08), (0.0, 0.0, 0.0, 1.0)],
            "RightHandMiddle4": [(1.0, -5.494799992789012e-08, 7.92497090174038e-08, 1.8676833235531376e-07), (5.4948021244172196e-08, 1.0, -2.9957288916193647e-07, 8.392954242708583e-08), (-7.924969480654909e-08, 2.9957288916193647e-07, 1.0, -3.42813535780806e-07), (0.0, 0.0, 0.0, 1.0)],
            "RightHandRing1": [(0.9980056881904602, 0.06170909106731415, 0.01328995544463396, 9.071974460539423e-08), (-0.06289628893136978, 0.9899826645851135, 0.12640586495399475, 1.0238491654490645e-07), (-0.005356435663998127, -0.12698964774608612, 0.9918895959854126, 3.091356575168902e-07), (0.0, 0.0, 0.0, 1.0)],
            "RightHandRing2": [(0.996340274810791, -0.08396559208631516, -0.01599527709186077, 1.2348273514817265e-07), (0.0839657187461853, 0.9264339804649353, 0.366973876953125, -6.950644149128493e-08), (-0.015994612127542496, -0.3669739067554474, 0.9300937056541443, -1.2251456382728065e-07), (0.0, 0.0, 0.0, 1.0)],
            "RightHandRing3": [(0.9999943971633911, -0.0033387572038918734, -0.00013070365821477026, -1.6780346356881637e-07), (0.003338768146932125, 0.9969407320022583, 0.07809016108512878, 2.526516595935391e-07), (-0.0001304202596656978, -0.07809016108512878, 0.9969462752342224, -1.5441341361110972e-07), (0.0, 0.0, 0.0, 1.0)],
            "RightHandRing4": [(1.0, -3.936291292916394e-09, -3.163584949561482e-08, 2.3400581028454326e-08), (3.936291292916394e-09, 1.0, -6.69387822949119e-10, -1.9461654687802366e-07), (3.163584949561482e-08, 6.693877119268166e-10, 1.0, -2.6354553028795635e-07), (0.0, 0.0, 0.0, 1.0)],
            "RightHandPinky1": [(0.9920285940170288, -0.12126155197620392, 0.03427666425704956, 8.511275950695563e-08), (0.11499381065368652, 0.9823862910270691, 0.14728765189647675, -5.538854566111695e-07), (-0.051533252000808716, -0.1421719640493393, 0.9884995818138123, 6.205663680702855e-07), (0.0, 0.0, 0.0, 1.0)],
            "RightHandPinky2": [(0.9979170560836792, -0.06395114213228226, -0.008474144153296947, -4.926724841425312e-07), (0.06395040452480316, 0.9634186625480652, 0.2602592408657074, -2.6784542228597275e-07), (-0.008479725569486618, -0.26025906205177307, 0.965501606464386, 9.474184139435238e-07), (0.0, 0.0, 0.0, 1.0)],
            "RightHandPinky3": [(0.999771773815155, -0.021202437579631805, -0.0026253340765833855, -5.92795679210667e-08), (0.021202608942985535, 0.9695903658866882, 0.2438134253025055, 1.7317394451765722e-07), (-0.0026239403523504734, -0.2438134402036667, 0.9698185920715332, -8.541437068743107e-08), (0.0, 0.0, 0.0, 1.0)],
            "RightHandPinky4": [(1.0, 1.1362137541937045e-07, -1.8486741737433476e-07, -1.2171491903245624e-07), (-1.1362124752167801e-07, 1.0, 7.103660664142808e-07, 4.754770088766236e-08), (1.8486750263946305e-07, -7.103660664142808e-07, 1.0, 1.284195576545244e-07), (0.0, 0.0, 0.0, 1.0)],
            },
        },
    }
