# Pose library auto-generated by Onigiri 

poses = {
    "t-pose": {
        "pose_matrix": {
            "root": [(1.0, 0.0, 0.0, 0.0), (0.0, 1.0, 0.0, 0.0), (0.0, 0.0, 1.0, 0.0), (0.0, 0.0, 0.0, 1.0)],
            "pelvis": [(1.0, 0.0, 0.0, 0.0), (0.0, 1.0, 0.0, 0.0), (0.0, 0.0, 1.0, 0.0), (0.0, 0.0, 0.0, 1.0)],
            "spine_01": [(1.0, 0.0, 0.0, 0.0), (0.0, 1.0, 0.0, 0.0), (0.0, 0.0, 1.0, 0.0), (0.0, 0.0, 0.0, 1.0)],
            "spine_02": [(1.0, 0.0, 0.0, 0.0), (0.0, 1.0, 0.0, 0.0), (0.0, 0.0, 1.0, 0.0), (0.0, 0.0, 0.0, 1.0)],
            "spine_03": [(1.0, 0.0, 0.0, 0.0), (0.0, 1.0, 0.0, 0.0), (0.0, 0.0, 1.0, 0.0), (0.0, 0.0, 0.0, 1.0)],
            "CC_Base_L_RibsTwist": [(1.0, 0.0, 0.0, 0.0), (0.0, 1.0, 0.0, 0.0), (0.0, 0.0, 1.0, 0.0), (0.0, 0.0, 0.0, 1.0)],
            "CC_Base_R_RibsTwist": [(1.0, 0.0, 0.0, 0.0), (0.0, 1.0, 0.0, 0.0), (0.0, 0.0, 1.0, 0.0), (0.0, 0.0, 0.0, 1.0)],
            "clavicle_l": [(1.0, 0.0, 0.0, 0.0), (0.0, 1.0, 0.0, 0.0), (0.0, 0.0, 1.0, 0.0), (0.0, 0.0, 0.0, 1.0)],
            "upperarm_l": [(1.0, 0.0, 0.0, 0.0), (0.0, 1.0, 0.0, 0.0), (0.0, 0.0, 1.0, 0.0), (0.0, 0.0, 0.0, 1.0)],
            "lowerarm_l": [(1.0, 0.0, 0.0, 0.0), (0.0, 1.0, 0.0, 0.0), (0.0, 0.0, 1.0, 0.0), (0.0, 0.0, 0.0, 1.0)],
            "hand_l": [(1.0, 0.0, 0.0, 0.0), (0.0, 1.0, 0.0, 0.0), (0.0, 0.0, 1.0, 0.0), (0.0, 0.0, 0.0, 1.0)],
            "index_01_l": [(0.9997771382331848, 0.007902238517999649, 0.01957591064274311, 1.2389202552753886e-08), (0.0015689897118136287, 0.8969190716743469, -0.4421919584274292, -9.517536092573664e-09), (-0.021052313968539238, 0.4421241283416748, 0.8967068195343018, 1.6688569530742825e-06), (0.0, 0.0, 0.0, 1.0)],
            "index_02_l": [(1.0, 0.0, 0.0, 0.0), (0.0, 1.0, 0.0, 0.0), (0.0, 0.0, 1.0, 0.0), (0.0, 0.0, 0.0, 1.0)],
            "middle_01_l": [(1.0, 0.0, 0.0, 0.0), (0.0, 1.0, 0.0, 0.0), (0.0, 0.0, 1.0, 0.0), (0.0, 0.0, 0.0, 1.0)],
            "middle_02_l": [(1.0, 0.0, 0.0, 0.0), (0.0, 1.0, 0.0, 0.0), (0.0, 0.0, 1.0, 0.0), (0.0, 0.0, 0.0, 1.0)],
            "pinky_01_l": [(0.9998696446418762, 0.005078087095171213, -0.015327639877796173, -0.0), (0.004491894505918026, 0.8243125081062317, 0.5661172270774841, 0.0), (0.015509557910263538, -0.5661122798919678, 0.8241822719573975, 0.0), (0.0, 0.0, 0.0, 1.0)],
            "pinky_02_l": [(1.0, 0.0, 0.0, 0.0), (0.0, 1.0, 0.0, 0.0), (0.0, 0.0, 1.0, 0.0), (0.0, 0.0, 0.0, 1.0)],
            "ring_01_l": [(0.9999458193778992, 0.0017443632241338491, -0.01026447769254446, 9.826865016160369e-11), (0.0013025810476392508, 0.9571600556373596, 0.28955644369125366, 1.769102020432456e-08), (0.010329839773476124, -0.2895541191101074, 0.9571059346199036, -9.535102094559988e-07), (0.0, 0.0, 0.0, 1.0)],
            "ring_02_l": [(1.0, 0.0, 0.0, 0.0), (0.0, 1.0, 0.0, 0.0), (0.0, 0.0, 1.0, 0.0), (0.0, 0.0, 0.0, 1.0)],
            "thumb_01_l": [(0.9990955591201782, -0.04249671846628189, 0.001456987694837153, -0.0), (0.04251065105199814, 0.999030351638794, -0.011454357765614986, 0.0), (-0.0009688024292699993, 0.011505935341119766, 0.9999333620071411, 0.0), (0.0, 0.0, 0.0, 1.0)],
            "thumb_02_l": [(0.9514219164848328, -0.30737829208374023, 0.01774624176323414, -0.0), (0.3077723979949951, 0.9478830099105835, -0.08242524415254593, 0.0), (0.00851436611264944, 0.08388298749923706, 0.9964392185211182, 0.0), (0.0, 0.0, 0.0, 1.0)],
            "lowerarm_twist_01_l": [(1.0, 0.0, 0.0, 0.0), (0.0, 1.0, 0.0, 0.0), (0.0, 0.0, 1.0, 0.0), (0.0, 0.0, 0.0, 1.0)],
            "upperarm_twist_01_l": [(1.0, 0.0, 0.0, 0.0), (0.0, 1.0, 0.0, 0.0), (0.0, 0.0, 1.0, 0.0), (0.0, 0.0, 0.0, 1.0)],
            "clavicle_r": [(1.0, 0.0, 0.0, 0.0), (0.0, 1.0, 0.0, 0.0), (0.0, 0.0, 1.0, 0.0), (0.0, 0.0, 0.0, 1.0)],
            "upperarm_r": [(1.0, 0.0, 0.0, 0.0), (0.0, 1.0, 0.0, 0.0), (0.0, 0.0, 1.0, 0.0), (0.0, 0.0, 0.0, 1.0)],
            "lowerarm_r": [(1.0, 0.0, 0.0, 0.0), (0.0, 1.0, 0.0, 0.0), (0.0, 0.0, 1.0, 0.0), (0.0, 0.0, 0.0, 1.0)],
            "hand_r": [(1.0, 0.0, 0.0, 0.0), (0.0, 1.0, 0.0, 0.0), (0.0, 0.0, 1.0, 0.0), (0.0, 0.0, 0.0, 1.0)],
            "index_01_r": [(0.9997771382331848, -0.007902237586677074, -0.01957590878009796, -1.2389202552753886e-08), (-0.0015689900610595942, 0.8969190716743469, -0.4421918988227844, -9.517536092573664e-09), (0.02105231210589409, 0.44212406873703003, 0.8967068195343018, 1.6688569530742825e-06), (0.0, 0.0, 0.0, 1.0)],
            "index_02_r": [(1.0, 0.0, 0.0, 0.0), (0.0, 1.0, 0.0, 0.0), (0.0, 0.0, 1.0, 0.0), (0.0, 0.0, 0.0, 1.0)],
            "middle_01_r": [(1.0, 0.0, 0.0, 0.0), (0.0, 1.0, 0.0, 0.0), (0.0, 0.0, 1.0, 0.0), (0.0, 0.0, 0.0, 1.0)],
            "middle_02_r": [(1.0, 0.0, 0.0, 0.0), (0.0, 1.0, 0.0, 0.0), (0.0, 0.0, 1.0, 0.0), (0.0, 0.0, 0.0, 1.0)],
            "pinky_01_r": [(0.9998696446418762, -0.005078086629509926, 0.01532763708382845, 0.0), (-0.004491894040256739, 0.8243125081062317, 0.5661171674728394, 0.0), (-0.015509556047618389, -0.566112220287323, 0.8241822719573975, 0.0), (0.0, 0.0, 0.0, 1.0)],
            "pinky_02_r": [(1.0, 0.0, 0.0, 0.0), (0.0, 1.0, 0.0, 0.0), (0.0, 0.0, 1.0, 0.0), (0.0, 0.0, 0.0, 1.0)],
            "ring_01_r": [(0.9999458193778992, -0.0017443627584725618, 0.010264475829899311, -9.826865016160369e-11), (-0.0013025806983932853, 0.9571600556373596, 0.2895563840866089, 1.769102020432456e-08), (-0.010329837910830975, -0.28955405950546265, 0.9571059346199036, -9.535102094559988e-07), (0.0, 0.0, 0.0, 1.0)],
            "ring_02_r": [(1.0, 0.0, 0.0, 0.0), (0.0, 1.0, 0.0, 0.0), (0.0, 0.0, 1.0, 0.0), (0.0, 0.0, 0.0, 1.0)],
            "thumb_01_r": [(0.9990955591201782, 0.04249671474099159, -0.0014569874620065093, 0.0), (-0.04251064360141754, 0.999030351638794, -0.011454354971647263, 0.0), (0.0009688023128546774, 0.011505932547152042, 0.9999333620071411, 0.0), (0.0, 0.0, 0.0, 1.0)],
            "thumb_02_r": [(0.9514219164848328, 0.30737829208374023, -0.01774623990058899, 0.0), (-0.3077723979949951, 0.9478830099105835, -0.08242523670196533, 0.0), (-0.008514367043972015, 0.08388298004865646, 0.9964392185211182, 0.0), (0.0, 0.0, 0.0, 1.0)],
            "lowerarm_twist_01_r": [(1.0, 0.0, 0.0, 0.0), (0.0, 1.0, 0.0, 0.0), (0.0, 0.0, 1.0, 0.0), (0.0, 0.0, 0.0, 1.0)],
            "upperarm_twist_01_r": [(1.0, 0.0, 0.0, 0.0), (0.0, 1.0, 0.0, 0.0), (0.0, 0.0, 1.0, 0.0), (0.0, 0.0, 0.0, 1.0)],
            "neck_01": [(1.0, 0.0, 0.0, 0.0), (0.0, 1.0, 0.0, 0.0), (0.0, 0.0, 1.0, 0.0), (0.0, 0.0, 0.0, 1.0)],
            "head": [(1.0, 0.0, 0.0, 0.0), (0.0, 1.0, 0.0, 0.0), (0.0, 0.0, 1.0, 0.0), (0.0, 0.0, 0.0, 1.0)],
            "CC_Base_FacialBone": [(1.0, 0.0, 0.0, 0.0), (0.0, 1.0, 0.0, 0.0), (0.0, 0.0, 1.0, 0.0), (0.0, 0.0, 0.0, 1.0)],
            "CC_Base_JawRoot": [(1.0, 0.0, 0.0, 0.0), (0.0, 1.0, 0.0, 0.0), (0.0, 0.0, 1.0, 0.0), (0.0, 0.0, 0.0, 1.0)],
            "CC_Base_Teeth02": [(1.0, 0.0, 0.0, 0.0), (0.0, 1.0, 0.0, 0.0), (0.0, 0.0, 1.0, 0.0), (0.0, 0.0, 0.0, 1.0)],
            "CC_Base_Tongue01": [(1.0, 0.0, 0.0, 0.0), (0.0, 1.0, 0.0, 0.0), (0.0, 0.0, 1.0, 0.0), (0.0, 0.0, 0.0, 1.0)],
            "CC_Base_Tongue02": [(1.0, 0.0, 0.0, 0.0), (0.0, 1.0, 0.0, 0.0), (0.0, 0.0, 1.0, 0.0), (0.0, 0.0, 0.0, 1.0)],
            "CC_Base_L_Eye": [(1.0, 0.0, 0.0, 0.0), (0.0, 1.0, 0.0, 0.0), (0.0, 0.0, 1.0, 0.0), (0.0, 0.0, 0.0, 1.0)],
            "CC_Base_R_Eye": [(1.0, 0.0, 0.0, 0.0), (0.0, 1.0, 0.0, 0.0), (0.0, 0.0, 1.0, 0.0), (0.0, 0.0, 0.0, 1.0)],
            "CC_Base_UpperJaw": [(1.0, 0.0, 0.0, 0.0), (0.0, 1.0, 0.0, 0.0), (0.0, 0.0, 1.0, 0.0), (0.0, 0.0, 0.0, 1.0)],
            "thigh_l": [(1.0, 0.0, 0.0, 0.0), (0.0, 1.0, 0.0, 0.0), (0.0, 0.0, 1.0, 0.0), (0.0, 0.0, 0.0, 1.0)],
            "calf_l": [(1.0, 0.0, 0.0, 0.0), (0.0, 1.0, 0.0, 0.0), (0.0, 0.0, 1.0, 0.0), (0.0, 0.0, 0.0, 1.0)],
            "calf_twist_01_l": [(1.0, 0.0, 0.0, 0.0), (0.0, 1.0, 0.0, 0.0), (0.0, 0.0, 1.0, 0.0), (0.0, 0.0, 0.0, 1.0)],
            "foot_l": [(1.0, 0.0, 0.0, 0.0), (0.0, 1.0, 0.0, 0.0), (0.0, 0.0, 1.0, 0.0), (0.0, 0.0, 0.0, 1.0)],
            "thigh_twist_01_l": [(1.0, 0.0, 0.0, 0.0), (0.0, 1.0, 0.0, 0.0), (0.0, 0.0, 1.0, 0.0), (0.0, 0.0, 0.0, 1.0)],
            "thigh_r": [(1.0, 0.0, 0.0, 0.0), (0.0, 1.0, 0.0, 0.0), (0.0, 0.0, 1.0, 0.0), (0.0, 0.0, 0.0, 1.0)],
            "calf_r": [(1.0, 0.0, 0.0, 0.0), (0.0, 1.0, 0.0, 0.0), (0.0, 0.0, 1.0, 0.0), (0.0, 0.0, 0.0, 1.0)],
            "calf_twist_01_r": [(1.0, 0.0, 0.0, 0.0), (0.0, 1.0, 0.0, 0.0), (0.0, 0.0, 1.0, 0.0), (0.0, 0.0, 0.0, 1.0)],
            "foot_r": [(1.0, 0.0, 0.0, 0.0), (0.0, 1.0, 0.0, 0.0), (0.0, 0.0, 1.0, 0.0), (0.0, 0.0, 0.0, 1.0)],
            "thigh_twist_01_r": [(1.0, 0.0, 0.0, 0.0), (0.0, 1.0, 0.0, 0.0), (0.0, 0.0, 1.0, 0.0), (0.0, 0.0, 0.0, 1.0)],
            },
        },
    }
