# Pose library auto-generated by Onigiri 

poses = {
    "some sci-fi zombie - T kinda": {
        "pose_matrix": {
            "Root": [(1.0, 0.0, 0.0, -4.489290404308122e-06), (0.0, 1.0, 0.0, 3.0411088118853513e-06), (0.0, 0.0, 1.0, -1.1703397149176453e-06), (0.0, 0.0, 0.0, 1.0)],
            "Hips": [(0.9999999403953552, 0.0, 0.0, 5.932554244995117), (0.0, 1.0, 0.0, 0.41671237349510193), (0.0, 0.0, 0.9999999403953552, 2.085735321044922), (0.0, 0.0, 0.0, 1.0)],
            "Spine": [(0.9999999403953552, 0.0, 0.0, -8.344650268554688e-07), (0.0, 0.9999999403953552, 0.0, -7.88271427154541e-06), (0.0, 0.0, 1.0, -5.03479805861063e-14), (0.0, 0.0, 0.0, 1.0)],
            "Spine1": [(0.9999998807907104, 0.0, 0.0, -2.5033950805664062e-06), (0.0, 0.9999999403953552, 0.0, 8.881092071533203e-06), (0.0, 0.0, 0.9999999403953552, 6.817598362343939e-15), (0.0, 0.0, 0.0, 1.0)],
            "Spine2": [(0.9999999403953552, 0.0, 0.0, 2.384185791015625e-07), (0.0, 0.9999998807907104, 0.0, -2.346932888031006e-06), (0.0, 0.0, 0.9999999403953552, 8.882922397524125e-16), (0.0, 0.0, 0.0, 1.0)],
            "LeftShoulder": [(1.0, 0.0, 0.0, 4.76837158203125e-06), (0.0, 1.0, 0.0, -6.556510925292969e-07), (0.0, 0.0, 1.0, -1.8209218978881836e-05), (0.0, 0.0, 0.0, 1.0)],
            "LeftArm": [(1.0, 0.0, 0.0, -3.820011443167459e-06), (0.0, 1.0000001192092896, 0.0, -4.0058023387246067e-07), (0.0, 0.0, 1.0, 2.8675221983576193e-05), (0.0, 0.0, 0.0, 1.0)],
            "LeftForeArm": [(0.9999998807907104, 0.0, 0.0, 2.747554219695303e-07), (0.0, 1.0, 0.0, -1.9073486328125e-06), (0.0, 0.0, 0.9999998807907104, 2.6837999484996544e-06), (0.0, 0.0, 0.0, 1.0)],
            "LeftHand": [(1.0, 0.0, 0.0, -1.3583912732428871e-05), (0.0, 1.0, 0.0, 0.0), (0.0, 0.0, 0.9999999403953552, -8.528599551027582e-07), (0.0, 0.0, 0.0, 1.0)],
            "LeftHandIndex1": [(0.9999999403953552, 0.0, 0.0, 8.761882781982422e-06), (0.0, 1.0, 0.0, 2.7567148208618164e-06), (0.0, 0.0, 1.0, 2.950429916381836e-06), (0.0, 0.0, 0.0, 1.0)],
            "LeftHandIndex2": [(1.0, 0.0, 0.0, 0.0), (0.0, 0.9999999403953552, 0.0, 0.0), (0.0, 0.0, 1.0, 0.0), (0.0, 0.0, 0.0, 1.0)],
            "LeftHandIndex3": [(0.9999999403953552, 0.0, 0.0, 0.0), (0.0, 1.0000001192092896, 0.0, 0.0), (0.0, 0.0, 0.9999998807907104, 0.0), (0.0, 0.0, 0.0, 1.0)],
            "LeftHandIndex4": [(1.0, 0.0, 0.0, -7.388534228880417e-13), (0.0, 1.0, 0.0, -2.1133477190460326e-09), (0.0, 0.0, 1.0, 8.889333713568703e-12), (0.0, 0.0, 0.0, 1.0)],
            "LeftHandMiddle1": [(1.0000001192092896, 0.0, 0.0, 6.284564733505249e-06), (0.0, 1.0, 0.0, 6.191432476043701e-06), (0.0, 0.0, 1.0, 1.8700957298278809e-06), (0.0, 0.0, 0.0, 1.0)],
            "LeftHandMiddle2": [(0.9999998807907104, 0.0, 0.0, 0.0), (0.0, 0.9999998211860657, 0.0, 0.0), (0.0, 0.0, 0.9999999403953552, 0.0), (0.0, 0.0, 0.0, 1.0)],
            "LeftHandMiddle3": [(1.0000001192092896, 0.0, 0.0, 0.0), (0.0, 1.000000238418579, 0.0, 0.0), (0.0, 0.0, 1.0, 0.0), (0.0, 0.0, 0.0, 1.0)],
            "LeftHandMiddle4": [(1.0, 0.0, 0.0, -3.481437360619566e-12), (0.0, 1.0000001192092896, 0.0, 2.3650872549296764e-07), (0.0, 0.0, 1.0, 4.454797641884056e-12), (0.0, 0.0, 0.0, 1.0)],
            "LeftHandPinky1": [(1.0, 0.0, 0.0, 6.318092346191406e-06), (0.0, 0.9999999403953552, 0.0, 2.8014183044433594e-06), (0.0, 0.0, 0.9999999403953552, -4.172325134277344e-07), (0.0, 0.0, 0.0, 1.0)],
            "LeftHandPinky2": [(1.0, 0.0, 0.0, 0.0), (0.0, 1.0, 0.0, 0.0), (0.0, 0.0, 1.0, 0.0), (0.0, 0.0, 0.0, 1.0)],
            "LeftHandPinky3": [(1.0, 0.0, 0.0, 0.0), (0.0, 0.9999998807907104, 0.0, 0.0), (0.0, 0.0, 0.9999999403953552, 0.0), (0.0, 0.0, 0.0, 1.0)],
            "LeftHandPinky4": [(0.9999999403953552, 0.0, 0.0, -1.2296830220748234e-12), (0.0, 1.0, 0.0, -2.0358195129688283e-09), (0.0, 0.0, 1.0, -4.904250616721839e-12), (0.0, 0.0, 0.0, 1.0)],
            "LeftHandRing1": [(1.0, 0.0, 0.0, 2.9206275939941406e-06), (0.0, 1.0, 0.0, -1.6093254089355469e-06), (0.0, 0.0, 0.9999999403953552, -9.238719940185547e-07), (0.0, 0.0, 0.0, 1.0)],
            "LeftHandRing2": [(0.9999999403953552, 0.0, 0.0, 0.0), (0.0, 0.9999999403953552, 0.0, 0.0), (0.0, 0.0, 1.0000001192092896, 0.0), (0.0, 0.0, 0.0, 1.0)],
            "LeftHandRing3": [(1.0, 0.0, 0.0, 0.0), (0.0, 0.9999999403953552, 0.0, 0.0), (0.0, 0.0, 1.0, 0.0), (0.0, 0.0, 0.0, 1.0)],
            "LeftHandRing4": [(1.0, 0.0, 0.0, 6.894484982922222e-14), (0.0, 1.0, 0.0, -2.013345934415156e-09), (0.0, 0.0, 1.0, 1.9322434277602163e-11), (0.0, 0.0, 0.0, 1.0)],
            "LeftHandThumb1": [(0.9999999403953552, 0.0, 0.0, -2.115964889526367e-06), (0.0, 1.0000001192092896, 0.0, -1.5497207641601562e-06), (0.0, 0.0, 0.9999999403953552, 1.4491379261016846e-06), (0.0, 0.0, 0.0, 1.0)],
            "LeftHandThumb2": [(1.0, 0.0, 0.0, 6.502025371446507e-06), (0.0, 1.0, 0.0, 4.052701115142554e-06), (0.0, 0.0, 1.0, -2.0931152903358452e-05), (0.0, 0.0, 0.0, 1.0)],
            "LeftHandThumb3": [(0.9999998807907104, 0.0, 0.0, 0.0), (0.0, 0.9999999403953552, 0.0, 0.0), (0.0, 0.0, 0.9999999403953552, 0.0), (0.0, 0.0, 0.0, 1.0)],
            "LeftHandThumb4": [(1.0, 0.0, 0.0, -3.786387869908481e-12), (0.0, 1.0, 0.0, -2.560953671348898e-09), (0.0, 0.0, 1.0, 1.2498890811230012e-12), (0.0, 0.0, 0.0, 1.0)],
            "hand_l_wep": [(1.0, 0.0, 0.0, 1.430511474609375e-06), (0.0, 1.0, 0.0, 0.0), (0.0, 0.0, 1.0, 2.2050016923458315e-07), (0.0, 0.0, 0.0, 1.0)],
            "LeafLeftForeArmRoll1": [(1.0, 0.0, 0.0, 7.264711712196004e-07), (0.0, 1.0, 0.0, 0.0), (0.0, 0.0, 1.0, -1.3593500625574961e-05), (0.0, 0.0, 0.0, 1.0)],
            "LeafLeftArmRoll1": [(0.9999998807907104, 0.0, 0.0, 2.761971700238064e-07), (0.0, 1.0, 0.0, -1.7285346984863281e-06), (0.0, 0.0, 0.9999998807907104, 2.071036533379811e-06), (0.0, 0.0, 0.0, 1.0)],
            "RightShoulder": [(1.0, 0.0, 0.0, -4.0531158447265625e-06), (0.0, 1.0, 0.0, -1.1920928955078125e-07), (0.0, 0.0, 1.0000001192092896, -1.1920928955078125e-05), (0.0, 0.0, 0.0, 1.0)],
            "RightArm": [(1.0, 0.0, 0.0, 2.513982508389745e-06), (0.0, 1.0, 0.0, 1.4189545254339464e-06), (0.0, 0.0, 1.0, 1.2479529686970636e-05), (0.0, 0.0, 0.0, 1.0)],
            "RightForeArm": [(0.9999998807907104, 0.0, 0.0, 1.1008667115675053e-06), (0.0, 0.9999999403953552, 0.0, -5.7220458984375e-06), (0.0, 0.0, 0.9999998807907104, 1.885515303001739e-05), (0.0, 0.0, 0.0, 1.0)],
            "RightHand": [(1.0, 0.0, 0.0, 1.8609616745379753e-05), (0.0, 0.9999999403953552, 0.0, 3.814697265625e-06), (0.0, 0.0, 1.0, -1.498225174145773e-06), (0.0, 0.0, 0.0, 1.0)],
            "RightHandIndex1": [(1.0, 0.0, 0.0, -1.1205673217773438e-05), (0.0, 0.9999999403953552, 0.0, 7.4356794357299805e-06), (0.0, 0.0, 1.0, 3.9637088775634766e-06), (0.0, 0.0, 0.0, 1.0)],
            "RightHandIndex2": [(0.9999999403953552, 0.0, 0.0, -7.846876997064101e-07), (0.0, 1.0, 0.0, 5.733794750995003e-06), (0.0, 0.0, 0.9999999403953552, -2.672109758350416e-06), (0.0, 0.0, 0.0, 1.0)],
            "RightHandIndex3": [(0.9999999403953552, 0.0, 0.0, -1.5224853086692747e-05), (0.0, 1.0, 0.0, -1.9644943677121773e-05), (0.0, 0.0, 0.9999999403953552, -2.21614050133212e-06), (0.0, 0.0, 0.0, 1.0)],
            "RightHandIndex4": [(1.0, 0.0, 0.0, -1.9114154703459008e-12), (0.0, 1.0000001192092896, 0.0, -1.1925296306003474e-09), (0.0, 0.0, 1.0, -2.8152480346932407e-13), (0.0, 0.0, 0.0, 1.0)],
            "RightHandMiddle1": [(1.0, 0.0, 0.0, -9.879469871520996e-06), (0.0, 1.0, 0.0, 6.616115570068359e-06), (0.0, 0.0, 0.9999999403953552, 1.5124678611755371e-06), (0.0, 0.0, 0.0, 1.0)],
            "RightHandMiddle2": [(0.9999999403953552, 0.0, 0.0, 2.4721401132410392e-05), (0.0, 0.9999998807907104, 0.0, -1.1947245184273925e-05), (0.0, 0.0, 0.9999999403953552, -7.888165782787837e-07), (0.0, 0.0, 0.0, 1.0)],
            "RightHandMiddle3": [(1.0000001192092896, 0.0, 0.0, 0.0), (0.0, 1.0000001192092896, 0.0, 0.0), (0.0, 0.0, 1.0, 0.0), (0.0, 0.0, 0.0, 1.0)],
            "RightHandMiddle4": [(0.9999999403953552, 0.0, 0.0, 1.1854961456947422e-12), (0.0, 1.0000001192092896, 0.0, -1.100663560293924e-09), (0.0, 0.0, 1.0, -8.426939701600134e-12), (0.0, 0.0, 0.0, 1.0)],
            "RightHandPinky1": [(1.0, 0.0, 0.0, -1.1563301086425781e-05), (0.0, 1.0, 0.0, 2.384185791015625e-06), (0.0, 0.0, 0.9999998807907104, -3.5762786865234375e-06), (0.0, 0.0, 0.0, 1.0)],
            "RightHandPinky2": [(1.0, 0.0, 0.0, -1.9778963178396225e-06), (0.0, 0.9999999403953552, 0.0, 1.2803214985979139e-06), (0.0, 0.0, 1.0000001192092896, -1.3658572015629034e-06), (0.0, 0.0, 0.0, 1.0)],
            "RightHandPinky3": [(1.0, 0.0, 0.0, 1.3975466572446749e-05), (0.0, 0.9999998807907104, 0.0, -5.483319910126738e-06), (0.0, 0.0, 0.9999999403953552, 9.063767720363103e-06), (0.0, 0.0, 0.0, 1.0)],
            "RightHandPinky4": [(0.9999999403953552, 0.0, 0.0, 3.081424004847122e-13), (0.0, 0.9999999403953552, 0.0, -1.1224652318730932e-09), (0.0, 0.0, 1.0, -9.220424770917113e-12), (0.0, 0.0, 0.0, 1.0)],
            "RightHandRing1": [(1.0, 0.0, 0.0, -1.1205673217773438e-05), (0.0, 1.0, 0.0, 5.9604644775390625e-06), (0.0, 0.0, 1.0, -9.685754776000977e-07), (0.0, 0.0, 0.0, 1.0)],
            "RightHandRing2": [(1.0, 0.0, 0.0, 9.390388186147902e-06), (0.0, 0.9999999403953552, 0.0, -7.468850526493043e-06), (0.0, 0.0, 1.0, 4.4858393266622443e-07), (0.0, 0.0, 0.0, 1.0)],
            "RightHandRing3": [(1.0, 0.0, 0.0, 1.7216519836438238e-06), (0.0, 0.9999998211860657, 0.0, -6.759221832908224e-06), (0.0, 0.0, 1.0, 2.308494686076301e-06), (0.0, 0.0, 0.0, 1.0)],
            "RightHandRing4": [(1.0, 0.0, 0.0, -6.784017791972019e-13), (0.0, 1.0, 0.0, -1.179712327825655e-09), (0.0, 0.0, 1.0000001192092896, -1.5357744589938882e-11), (0.0, 0.0, 0.0, 1.0)],
            "RightHandThumb1": [(1.0, 0.0, 0.0, -9.834766387939453e-07), (0.0, 1.0, 0.0, 2.086162567138672e-06), (0.0, 0.0, 1.0, 1.3262033462524414e-06), (0.0, 0.0, 0.0, 1.0)],
            "RightHandThumb2": [(1.0, 0.0, 0.0, 3.151158807668253e-06), (0.0, 0.9999999403953552, 0.0, -5.148141099198256e-06), (0.0, 0.0, 1.0, 3.805900405495777e-06), (0.0, 0.0, 0.0, 1.0)],
            "RightHandThumb3": [(0.9999998211860657, 0.0, 0.0, 0.0), (0.0, 0.9999999403953552, 0.0, 0.0), (0.0, 0.0, 0.9999999403953552, 0.0), (0.0, 0.0, 0.0, 1.0)],
            "RightHandThumb4": [(1.0, 0.0, 0.0, 2.1196022367830913e-12), (0.0, 0.9999999403953552, 0.0, -1.2028151807896847e-09), (0.0, 0.0, 1.0, 4.196629155295284e-12), (0.0, 0.0, 0.0, 1.0)],
            "hand_r_wep": [(1.0, 0.0, 0.0, -5.811452865600586e-07), (0.0, 1.0, 0.0, -1.1259689927101135e-05), (0.0, 0.0, 1.0, 2.4568289518356323e-06), (0.0, 0.0, 0.0, 1.0)],
            "LeafRightForeArmRoll1": [(0.9999999403953552, 0.0, 0.0, 1.7470786133344518e-06), (0.0, 1.0, 0.0, 4.76837158203125e-06), (0.0, 0.0, 1.0, -1.3562593267124612e-05), (0.0, 0.0, 0.0, 1.0)],
            "LeafRightArmRoll1": [(0.9999998807907104, 0.0, 0.0, -4.775340130436234e-06), (0.0, 1.0, 0.0, -3.635883331298828e-06), (0.0, 0.0, 0.9999999403953552, 1.5472989616682753e-05), (0.0, 0.0, 0.0, 1.0)],
            "Neck": [(1.0, 0.0, 0.0, 4.559755325317383e-06), (0.0, 1.0, 0.0, 6.735324859619141e-06), (0.0, 0.0, 1.0, 4.062406808025271e-16), (0.0, 0.0, 0.0, 1.0)],
            "Head": [(1.0, 0.0, 0.0, -3.7848949432373047e-06), (0.0, 1.0000001192092896, 0.0, -7.450580596923828e-09), (0.0, 0.0, 1.0, 7.004026502386348e-15), (0.0, 0.0, 0.0, 1.0)],
            "LeftUpLeg": [(0.9999998807907104, 0.0, 0.0, -3.4086406230926514e-07), (0.0, 0.9999998807907104, 0.0, 5.164183676242828e-06), (0.0, 0.0, 0.9999999403953552, 6.92903995513916e-07), (0.0, 0.0, 0.0, 1.0)],
            "LeftLeg": [(0.9999999403953552, 0.0, 0.0, -4.766220627061557e-07), (0.0, 0.9999998807907104, 0.0, 8.050449196161935e-12), (0.0, 0.0, 1.0, -1.6693780935383984e-06), (0.0, 0.0, 0.0, 1.0)],
            "LeafLeftLegRoll1": [(0.9999999403953552, 0.0, 0.0, 4.649035645343247e-07), (0.0, 1.0, 0.0, -7.618757535965415e-06), (0.0, 0.0, 0.9999998807907104, -8.185281785699772e-07), (0.0, 0.0, 0.0, 1.0)],
            "LeftFoot": [(1.0000001192092896, 0.0, 0.0, 7.628782441315707e-06), (0.0, 0.9999998211860657, 0.0, 4.807191658073862e-07), (0.0, 0.0, 0.9999999403953552, 9.537138794257771e-07), (0.0, 0.0, 0.0, 1.0)],
            "LeftToeBase": [(1.000000238418579, 0.0, 0.0, -3.944132913602516e-07), (0.0, 1.0000001192092896, 0.0, 1.6341091395588592e-06), (0.0, 0.0, 1.0, -1.5155528672039509e-06), (0.0, 0.0, 0.0, 1.0)],
            "LeafLeftUpLegRoll1": [(1.0000001192092896, 0.0, 0.0, -7.661486733923084e-08), (0.0, 1.0, 0.0, -5.722323294321541e-06), (0.0, 0.0, 1.0, -1.8513258055463666e-06), (0.0, 0.0, 0.0, 1.0)],
            "RightUpLeg": [(0.9999997615814209, 0.0, 0.0, 3.110617399215698e-07), (0.0, 0.9999998807907104, 0.0, 3.866851329803467e-06), (0.0, 0.0, 0.9999999403953552, 2.086162567138672e-07), (0.0, 0.0, 0.0, 1.0)],
            "RightLeg": [(0.9999999403953552, 0.0, 0.0, 1.3176641004974954e-06), (0.0, 0.9999999403953552, 0.0, 7.862575330364052e-06), (0.0, 0.0, 1.0, -2.364829697398818e-06), (0.0, 0.0, 0.0, 1.0)],
            "LeafRightLegRoll1": [(0.9999998211860657, 0.0, 0.0, -1.3031260550633306e-06), (0.0, 1.0, 0.0, -1.1445462405390572e-05), (0.0, 0.0, 0.9999999403953552, 7.385957019323541e-07), (0.0, 0.0, 0.0, 1.0)],
            "RightFoot": [(0.9999999403953552, 0.0, 0.0, -1.3585114174929913e-05), (0.0, 0.9999998211860657, 0.0, 9.132975264947163e-07), (0.0, 0.0, 0.9999998211860657, -6.553975708811777e-07), (0.0, 0.0, 0.0, 1.0)],
            "RightToeBase": [(1.0000001192092896, 0.0, 0.0, 1.0802577889990062e-06), (0.0, 1.0, 0.0, 2.5280064619437326e-06), (0.0, 0.0, 1.0, -2.1618325263261795e-07), (0.0, 0.0, 0.0, 1.0)],
            "LeafRightUpLegRoll1": [(1.0, 0.0, 0.0, -4.276179765838606e-08), (0.0, 1.0, 0.0, 3.817772721959045e-06), (0.0, 0.0, 0.9999999403953552, -2.635580131027382e-06), (0.0, 0.0, 0.0, 1.0)],
            },
        },
    }
