# Pose library auto-generated by Bento Buddy 

poses = {
    "T Pose": {
        "pose_matrix": {
            "b__ROOT__": [(1.0, -7.105427357601002e-15, -1.9106863121976523e-15, 0.0), (7.105427357601002e-15, 1.0, -8.470329472543003e-22, 0.0), (1.9106863121976523e-15, 8.470329472543003e-22, 1.0, 0.0), (0.0, 0.0, 0.0, 1.0)],
            "b__ROOT_bind__": [(1.0, 0.0, 0.0, 0.0), (0.0, 1.0, 0.0, 0.0), (0.0, 0.0, 1.0, 0.0), (0.0, 0.0, 0.0, 1.0)],
            "b__Spine0__": [(1.0, 0.0, 0.0, 0.0), (0.0, 1.0, 0.0, 0.0), (0.0, 0.0, 1.0, 0.0), (0.0, 0.0, 0.0, 1.0)],
            "b__Spine1__": [(1.0, 0.0, 0.0, 0.0), (0.0, 1.0, 0.0, 0.0), (0.0, 0.0, 1.0, 0.0), (0.0, 0.0, 0.0, 1.0)],
            "b__Spine2__": [(1.0, 0.0, 0.0, 0.0), (0.0, 1.0, 0.0, 0.0), (0.0, 0.0, 1.0, 0.0), (0.0, 0.0, 0.0, 1.0)],
            "b__Neck__": [(0.9999998807907104, 0.0, 0.0, 0.0), (0.0, 1.0, 0.0, 0.0), (0.0, 0.0, 1.0, 0.0), (0.0, 0.0, 0.0, 1.0)],
            "b__Head__": [(0.9999999403953552, 0.0, 0.0, 0.0), (0.0, 1.0000001192092896, 0.0, 0.0), (0.0, 0.0, 1.0, 0.0), (0.0, 0.0, 0.0, 1.0)],
            "b__CAS_Glasses__": [(0.9999999403953552, 0.0, 0.0, 0.0), (0.0, 1.0000001192092896, 0.0, 0.0), (0.0, 0.0, 1.0, 0.0), (0.0, 0.0, 0.0, 1.0)],
            "b__L_Cheek__": [(0.9999999403953552, 0.0, 0.0, 0.0), (0.0, 1.0000001192092896, 0.0, 0.0), (0.0, 0.0, 1.0, 0.0), (0.0, 0.0, 0.0, 1.0)],
            "b__L_Squint__": [(0.9999999403953552, 0.0, 0.0, 0.0), (0.0, 1.0000001192092896, 0.0, 0.0), (0.0, 0.0, 1.0, 0.0), (0.0, 0.0, 0.0, 1.0)],
            "b__CAS_L_EyeArea__": [(0.9999999403953552, 0.0, 0.0, 0.0), (0.0, 1.0000001192092896, 0.0, 0.0), (0.0, 0.0, 1.0, 0.0), (0.0, 0.0, 0.0, 1.0)],
            "b__L_InBrow__": [(0.9999999403953552, 0.0, 0.0, 0.0), (0.0, 1.0000001192092896, 0.0, 0.0), (0.0, 0.0, 1.0, 0.0), (0.0, 0.0, 0.0, 1.0)],
            "b__L_MidBrow__": [(0.9999999403953552, 0.0, 0.0, 0.0), (0.0, 1.0000001192092896, 0.0, 0.0), (0.0, 0.0, 1.0, 0.0), (0.0, 0.0, 0.0, 1.0)],
            "b__L_OutBrow__": [(0.9999999403953552, 0.0, 0.0, 0.0), (0.0, 1.0000001192092896, 0.0, 0.0), (0.0, 0.0, 1.0, 0.0), (0.0, 0.0, 0.0, 1.0)],
            "b__CAS_L_EyeScale__": [(0.9999999403953552, 0.0, 0.0, 0.0), (0.0, 1.0000001192092896, 0.0, 0.0), (0.0, 0.0, 1.0, 0.0), (0.0, 0.0, 0.0, 1.0)],
            "b__L_LoLid__": [(0.9999999403953552, 0.0, 0.0, 0.0), (0.0, 1.0000001192092896, 0.0, 0.0), (0.0, 0.0, 1.0, 0.0), (0.0, 0.0, 0.0, 1.0)],
            "b__L_UpLid__": [(0.9999999403953552, 0.0, 0.0, 0.0), (0.0, 1.0000001192092896, 0.0, 0.0), (0.0, 0.0, 1.0, 0.0), (0.0, 0.0, 0.0, 1.0)],
            "b__L_Eye__": [(0.9999999403953552, 0.0, 0.0, 0.0), (0.0, 1.0000001192092896, 0.0, 0.0), (0.0, 0.0, 1.0, 0.0), (0.0, 0.0, 0.0, 1.0)],
            "b__R_Cheek__": [(0.9999999403953552, 0.0, 0.0, 0.0), (0.0, 1.0000001192092896, 0.0, 0.0), (0.0, 0.0, 1.0, 0.0), (0.0, 0.0, 0.0, 1.0)],
            "b__R_Squint__": [(0.9999999403953552, 0.0, 0.0, 0.0), (0.0, 1.0000001192092896, 0.0, 0.0), (0.0, 0.0, 1.0, 0.0), (0.0, 0.0, 0.0, 1.0)],
            "b__CAS_R_EyeArea__": [(0.9999999403953552, 0.0, 0.0, 0.0), (0.0, 1.0000001192092896, 0.0, 0.0), (0.0, 0.0, 1.0, 0.0), (0.0, 0.0, 0.0, 1.0)],
            "b__R_InBrow__": [(0.9999999403953552, 0.0, 0.0, 0.0), (0.0, 1.0000001192092896, 0.0, 0.0), (0.0, 0.0, 1.0, 0.0), (0.0, 0.0, 0.0, 1.0)],
            "b__R_MidBrow__": [(0.9999999403953552, 0.0, 0.0, 0.0), (0.0, 1.0000001192092896, 0.0, 0.0), (0.0, 0.0, 1.0, 0.0), (0.0, 0.0, 0.0, 1.0)],
            "b__R_OutBrow__": [(0.9999999403953552, 0.0, 0.0, 0.0), (0.0, 1.0000001192092896, 0.0, 0.0), (0.0, 0.0, 1.0, 0.0), (0.0, 0.0, 0.0, 1.0)],
            "b__CAS_R_EyeScale__": [(0.9999999403953552, 0.0, 0.0, 0.0), (0.0, 1.0000001192092896, 0.0, 0.0), (0.0, 0.0, 1.0, 0.0), (0.0, 0.0, 0.0, 1.0)],
            "b__R_LoLid__": [(0.9999999403953552, 0.0, 0.0, 0.0), (0.0, 1.0000001192092896, 0.0, 0.0), (0.0, 0.0, 1.0, 0.0), (0.0, 0.0, 0.0, 1.0)],
            "b__R_UpLid__": [(0.9999999403953552, 0.0, 0.0, 0.0), (0.0, 1.0000001192092896, 0.0, 0.0), (0.0, 0.0, 1.0, 0.0), (0.0, 0.0, 0.0, 1.0)],
            "b__R_Eye__": [(0.9999999403953552, 0.0, 0.0, 0.0), (0.0, 1.0000001192092896, 0.0, 0.0), (0.0, 0.0, 1.0, 0.0), (0.0, 0.0, 0.0, 1.0)],
            "b__CAS_NoseArea__": [(0.9999999403953552, 0.0, 0.0, 0.0), (0.0, 1.0000001192092896, 0.0, 0.0), (0.0, 0.0, 1.0, 0.0), (0.0, 0.0, 0.0, 1.0)],
            "b__CAS_NoseTip__": [(0.9999999403953552, 0.0, 0.0, 0.0), (0.0, 1.0000001192092896, 0.0, 0.0), (0.0, 0.0, 1.0, 0.0), (0.0, 0.0, 0.0, 1.0)],
            "b__CAS_NoseBridge__": [(0.9999999403953552, 0.0, 0.0, 0.0), (0.0, 1.0000001192092896, 0.0, 0.0), (0.0, 0.0, 1.0, 0.0), (0.0, 0.0, 0.0, 1.0)],
            "b__CAS_L_Nostril__": [(0.9999999403953552, 0.0, 0.0, 0.0), (0.0, 1.0000001192092896, 0.0, 0.0), (0.0, 0.0, 1.0, 0.0), (0.0, 0.0, 0.0, 1.0)],
            "b__CAS_R_Nostril__": [(0.9999999403953552, 0.0, 0.0, 0.0), (0.0, 1.0000001192092896, 0.0, 0.0), (0.0, 0.0, 1.0, 0.0), (0.0, 0.0, 0.0, 1.0)],
            "b__CAS_UpperMouthArea__": [(0.9999999403953552, 0.0, 0.0, 0.0), (0.0, 1.0000001192092896, 0.0, 0.0), (0.0, 0.0, 1.0, 0.0), (0.0, 0.0, 0.0, 1.0)],
            "b__L_Mouth__": [(0.9999999403953552, 0.0, 0.0, 0.0), (0.0, 1.0000001192092896, 0.0, 0.0), (0.0, 0.0, 1.0, 0.0), (0.0, 0.0, 0.0, 1.0)],
            "b__L_UpLip__": [(0.9999999403953552, 0.0, 0.0, 0.0), (0.0, 1.0000001192092896, 0.0, 0.0), (0.0, 0.0, 1.0, 0.0), (0.0, 0.0, 0.0, 1.0)],
            "b__R_Mouth__": [(0.9999999403953552, 0.0, 0.0, 0.0), (0.0, 1.0000001192092896, 0.0, 0.0), (0.0, 0.0, 1.0, 0.0), (0.0, 0.0, 0.0, 1.0)],
            "b__R_UpLip__": [(0.9999999403953552, 0.0, 0.0, 0.0), (0.0, 1.0000001192092896, 0.0, 0.0), (0.0, 0.0, 1.0, 0.0), (0.0, 0.0, 0.0, 1.0)],
            "b__UpLip__": [(0.9999999403953552, 0.0, 0.0, 0.0), (0.0, 1.0000001192092896, 0.0, 0.0), (0.0, 0.0, 1.0, 0.0), (0.0, 0.0, 0.0, 1.0)],
            "b__mouth_slot": [(0.9999999403953552, 1.1735355087694188e-07, -6.67910258350668e-12, 0.0), (-1.1735352956065981e-07, 1.0000001192092896, -1.4769277380949353e-12, -7.450580596923828e-09), (6.679102149825811e-12, 1.4769288222971078e-12, 1.0, -7.389644451905042e-13), (0.0, 0.0, 0.0, 1.0)],
            "b__Jaw__": [(0.9999998807907104, 0.0, 0.0, 0.0), (0.0, 0.9999998211860657, 0.0, 0.0), (0.0, 0.0, 1.0, 0.0), (0.0, 0.0, 0.0, 1.0)],
            "b__CAS_LowerMouthArea__": [(0.9999999403953552, 0.0, 0.0, 0.0), (0.0, 0.9999998807907104, 0.0, 0.0), (0.0, 0.0, 1.0, 0.0), (0.0, 0.0, 0.0, 1.0)],
            "b__LoLip__": [(0.9999999403953552, 0.0, 0.0, 0.0), (0.0, 0.9999998807907104, 0.0, 0.0), (0.0, 0.0, 1.0, 0.0), (0.0, 0.0, 0.0, 1.0)],
            "b__L_LoLip__": [(0.9999999403953552, 0.0, 0.0, 0.0), (0.0, 0.9999998807907104, 0.0, 0.0), (0.0, 0.0, 1.0, 0.0), (0.0, 0.0, 0.0, 1.0)],
            "b__R_LoLip__": [(0.9999999403953552, 0.0, 0.0, 0.0), (0.0, 0.9999998807907104, 0.0, 0.0), (0.0, 0.0, 1.0, 0.0), (0.0, 0.0, 0.0, 1.0)],
            "b__CAS_JawComp__": [(1.0, 0.0, 0.0, 0.0), (0.0, 0.9999997019767761, 0.0, 0.0), (0.0, 0.0, 1.0, 0.0), (0.0, 0.0, 0.0, 1.0)],
            "b__CAS_Chin__": [(1.0, 0.0, 0.0, 0.0), (0.0, 0.9999997019767761, 0.0, 0.0), (0.0, 0.0, 1.0, 0.0), (0.0, 0.0, 0.0, 1.0)],
            "b__L_Earring_slot": [(0.9999999403953552, 3.144144329780829e-06, -6.6793402406228886e-12, 0.0), (-3.144143647659803e-06, 1.0000001192092896, -1.511430841594219e-10, -5.587935447692871e-09), (6.678864492709602e-12, 1.5114312579278533e-10, 1.0, 0.0), (0.0, 0.0, 0.0, 1.0)],
            "b__R_Earring_slot": [(0.9999999403953552, -5.811459686810849e-07, -6.679058781738911e-12, 0.0), (5.811458549942472e-07, 1.0000001192092896, -1.5114458296050515e-10, -5.587935447692871e-09), (6.679145951593579e-12, 1.5114459683829295e-10, 1.0, 0.0), (0.0, 0.0, 0.0, 1.0)],
            "b__Neck_slot": [(0.9999998807907104, 3.725290298461914e-07, -2.6788256946019828e-08, 0.0), (-3.7252897300277255e-07, 1.0, 8.177726940061802e-09, 0.0), (2.6788256946019828e-08, -8.177716281920766e-09, 1.0, 0.0), (0.0, 0.0, 0.0, 1.0)],
            "b__backNeck_slot": [(1.0, -1.505017394265451e-06, -2.678917176979212e-08, 1.1920928955078125e-07), (1.5050171668917756e-06, 1.0000001192092896, 7.922133171689438e-09, 0.0), (2.6789161111651083e-08, -7.922174916075164e-09, 1.0, -3.637978807091713e-12), (0.0, 0.0, 0.0, 1.0)],
            "b__L_chestTarget_slot": [(1.0, -4.470348358154297e-08, -5.4570336964487876e-12, 0.0), (4.470348358154297e-08, 1.0, 2.9299371817614883e-09, -2.9802322387695312e-08), (5.456902724826351e-12, -2.9299371817614883e-09, 1.0, -3.725290298461914e-09), (0.0, 0.0, 0.0, 1.0)],
            "b__L_shoulderbladeTarget_slot": [(1.0, -4.470348358154297e-08, -5.4570336964487876e-12, 0.0), (4.470348358154297e-08, 1.0, 2.9299371817614883e-09, 1.4901161193847656e-08), (5.456902724826351e-12, -2.9299371817614883e-09, 1.0, 0.0), (0.0, 0.0, 0.0, 1.0)],
            "b__R_chestTarget_slot": [(1.0, -4.470348358154297e-08, -5.4570336964487876e-12, 1.1920928955078125e-07), (4.470348358154297e-08, 1.0, 2.9299371817614883e-09, 0.0), (5.456902724826351e-12, -2.9299371817614883e-09, 1.0, 3.725290298461914e-09), (0.0, 0.0, 0.0, 1.0)],
            "b__R_shoulderbladeTarget_slot": [(1.0, -4.470348358154297e-08, -5.4570336964487876e-12, 0.0), (4.470348358154297e-08, 1.0, 2.9299371817614883e-09, -1.4901161193847656e-08), (5.456902724826351e-12, -2.9299371817614883e-09, 1.0, 0.0), (0.0, 0.0, 0.0, 1.0)],
            "b__R_Clavicle__": [(0.9999998807907104, 0.0, 0.0, 0.0), (0.0, 0.9999997019767761, 0.0, 0.0), (0.0, 0.0, 0.9999999403953552, 0.0), (0.0, 0.0, 0.0, 1.0)],
            "b__R_ShoulderTarget_slot": [(0.9999998807907104, -1.854872039075417e-06, -3.894638389567717e-09, 0.0), (1.8548723801359301e-06, 0.9999997019767761, -1.6395998159168812e-07, 3.725290298461914e-09), (3.894942146587255e-09, 1.639599531699787e-07, 0.9999999403953552, 0.0), (0.0, 0.0, 0.0, 1.0)],
            "b__R_UpperArm__": [(0.7284674644470215, -0.016089385375380516, -0.6848913431167603, 0.0), (-0.011268043890595436, 0.99930739402771, -0.03546058386564255, 0.0), (0.6849877238273621, 0.03354926407337189, 0.7277817130088806, 0.0), (0.0, 0.0, 0.0, 1.0)],
            "b__R_Forearm__": [(0.9990904927253723, 0.04263650253415108, -0.00024293341266456991, 0.0), (-0.04263675957918167, 0.9990898966789246, -0.0011739528272300959, 0.0), (0.00019265907758381218, 0.0011832432355731726, 0.9999991655349731, 0.0), (0.0, 0.0, 0.0, 1.0)],
            "b__R_ForearmTwist__": [(0.9999999403953552, -1.6889264315977925e-06, 5.448173965305614e-07, 1.1920928955078125e-07), (1.6889224525584723e-06, 0.9999998807907104, 7.5050634222861845e-06, 2.644956111907959e-07), (-5.448300157695485e-07, -7.505062512791483e-06, 0.9999998807907104, 0.0), (0.0, 0.0, 0.0, 1.0)],
            "b__R_Bracelet_slot": [(0.9999998807907104, -1.688626070972532e-06, 5.420296815827896e-07, 5.960464477539063e-08), (1.688626070972532e-06, 0.9999998807907104, 5.471565955872393e-08, 3.0174851417541504e-07), (-5.420297952696274e-07, -5.47147429585948e-08, 0.9999998807907104, 0.0), (0.0, 0.0, 0.0, 1.0)],
            "b__R_Hand__": [(1.0000001192092896, 0.0, 0.0, 0.0), (0.0, 1.0, 0.0, 0.0), (0.0, 0.0, 1.0, 0.0), (0.0, 0.0, 0.0, 1.0)],
            "b__R_Stigmata": [(1.0, 0.0, 0.0, 0.0), (0.0, 0.9999999403953552, 0.0, 0.0), (0.0, 0.0, 0.9999998807907104, 0.0), (0.0, 0.0, 0.0, 1.0)],
            "b__R_Thumb0__": [(0.9633795022964478, 0.2611117362976074, 0.06099475547671318, 0.0), (-0.23641611635684967, 0.9344604015350342, -0.26625388860702515, 0.0), (-0.12651920318603516, 0.24208344519138336, 0.9619710445404053, 0.0), (0.0, 0.0, 0.0, 1.0)],
            "b__R_Thumb1__": [(1.0, 0.0, 0.0, 0.0), (0.0, 1.0, 0.0, 0.0), (0.0, 0.0, 0.9999999403953552, 0.0), (0.0, 0.0, 0.0, 1.0)],
            "b__R_Thumb2__": [(0.9999999403953552, 0.0, 0.0, 0.0), (0.0, 1.0, 0.0, 0.0), (0.0, 0.0, 1.0, 0.0), (0.0, 0.0, 0.0, 1.0)],
            "b__R_Pinky0__": [(0.8549900650978088, 0.008703033439815044, 0.518571138381958, 0.0), (0.0031045046634972095, 0.9997550249099731, -0.021897144615650177, 0.0), (-0.5186348557472229, 0.020331744104623795, 0.8547539114952087, 0.0), (0.0, 0.0, 0.0, 1.0)],
            "b__R_Pinky1__": [(0.9999998807907104, 0.0, 0.0, 0.0), (0.0, 0.9999998211860657, 0.0, 0.0), (0.0, 0.0, 0.9999998211860657, 0.0), (0.0, 0.0, 0.0, 1.0)],
            "b__R_Pinky2__": [(0.9999999403953552, 0.0, 0.0, 0.0), (0.0, 0.9999998807907104, 0.0, 0.0), (0.0, 0.0, 0.9999999403953552, 0.0), (0.0, 0.0, 0.0, 1.0)],
            "b__R_Ring0__": [(0.9635671377182007, 0.004158313386142254, 0.26743432879447937, 0.0), (0.0009415379026904702, 0.9998201727867126, -0.01893848367035389, 0.0), (-0.2674650251865387, 0.018500300124287605, 0.9633898138999939, 0.0), (0.0, 0.0, 0.0, 1.0)],
            "b__R_Ring1__": [(0.9999999403953552, 0.0, 0.0, 0.0), (0.0, 1.0, 0.0, 0.0), (0.0, 0.0, 0.9999999403953552, 0.0), (0.0, 0.0, 0.0, 1.0)],
            "b__R_Ring2__": [(1.0000001192092896, 0.0, 0.0, 0.0), (0.0, 1.0, 0.0, 0.0), (0.0, 0.0, 0.9999999403953552, 0.0), (0.0, 0.0, 0.0, 1.0)],
            "b__R_Ring_slot": [(0.9999998807907104, -2.0377360669954214e-06, -8.586738999838417e-07, -5.960464477539063e-08), (2.0377315195219126e-06, 0.9999999403953552, -5.4547572290175594e-06, 2.384185791015625e-07), (8.586849844505196e-07, 5.454755410028156e-06, 0.9999999403953552, 3.2782554626464844e-07), (0.0, 0.0, 0.0, 1.0)],
            "b__R_Mid0__": [(0.9999999403953552, 0.0, 0.0, 0.0), (0.0, 1.0, 0.0, 0.0), (0.0, 0.0, 0.9999998807907104, 0.0), (0.0, 0.0, 0.0, 1.0)],
            "b__R_Mid1__": [(0.9999999403953552, 0.0, 0.0, 0.0), (0.0, 0.9999999403953552, 0.0, 0.0), (0.0, 0.0, 1.0, 0.0), (0.0, 0.0, 0.0, 1.0)],
            "b__R_Mid2__": [(0.9999998807907104, 0.0, 0.0, 0.0), (0.0, 0.9999998807907104, 0.0, 0.0), (0.0, 0.0, 0.9999998807907104, 0.0), (0.0, 0.0, 0.0, 1.0)],
            "b__R_Index0__": [(0.9634584188461304, -0.0010015034349635243, -0.26785609126091003, 0.0), (0.002993382513523102, 0.9999706745147705, 0.007028118707239628, 0.0), (0.26784127950668335, -0.007573096081614494, 0.9634330868721008, 0.0), (0.0, 0.0, 0.0, 1.0)],
            "b__R_Index1__": [(1.0, 0.0, 0.0, 0.0), (0.0, 1.0, 0.0, 0.0), (0.0, 0.0, 0.9999998807907104, 0.0), (0.0, 0.0, 0.0, 1.0)],
            "b__R_Index2__": [(1.0000001192092896, 0.0, 0.0, 0.0), (0.0, 1.0000001192092896, 0.0, 0.0), (0.0, 0.0, 0.9999999403953552, 0.0), (0.0, 0.0, 0.0, 1.0)],
            "b__R_ForearmTarget_slot": [(0.9999998211860657, 2.036054183918168e-06, 5.373694307309052e-07, 5.960464477539063e-08), (-2.036052137555089e-06, 0.9999998807907104, -3.671972535812529e-06, 1.6763806343078613e-07), (-5.373768772187759e-07, 3.671971626317827e-06, 0.9999998807907104, 0.0), (0.0, 0.0, 0.0, 1.0)],
            "b__R_Elbow__": [(0.9999999403953552, 0.0, 0.0, 0.0), (0.0, 0.9999998211860657, 0.0, 0.0), (0.0, 0.0, 0.9999999403953552, 0.0), (0.0, 0.0, 0.0, 1.0)],
            "b__R_ShoulderTwist__": [(0.9999999403953552, -5.536276148632169e-07, 1.8626799658250093e-08, 0.0), (5.536276717066357e-07, 0.9999997615814209, -1.2489036862461944e-06, 6.51925802230835e-09), (-1.8626106879082727e-08, 1.248903458872519e-06, 0.9999999403953552, 0.0), (0.0, 0.0, 0.0, 1.0)],
            "b__R_outShortSleeve_slot": [(0.9999998807907104, 1.3041346392128617e-05, 2.745798477477024e-09, -2.9802322387695312e-08), (-1.3041346392128617e-05, 0.9999998807907104, -7.387134246528149e-06, 4.6566128730773926e-08), (-2.8421363040820324e-09, 7.387134246528149e-06, 0.9999998807907104, 0.0), (0.0, 0.0, 0.0, 1.0)],
            "b__L_Clavicle__": [(1.0, 0.0, 0.0, 0.0), (0.0, 1.0, 0.0, 0.0), (0.0, 0.0, 1.0, 0.0), (0.0, 0.0, 0.0, 1.0)],
            "b__L_UpperArm__": [(0.7284980416297913, -0.016032591462135315, 0.684860110282898, 0.0), (-0.011220640502870083, 0.9993126392364502, 0.03532952815294266, 0.0), (-0.6849558353424072, -0.033422064036130905, 0.7278174757957458, 0.0), (0.0, 0.0, 0.0, 1.0)],
            "b__L_Forearm__": [(0.9990120530128479, 0.044437225908041, 0.0002539643319323659, 0.0), (-0.044437505304813385, 0.9990112781524658, 0.0012266971170902252, 0.0), (-0.00019920221529901028, -0.0012367706513032317, 0.9999992251396179, 0.0), (0.0, 0.0, 0.0, 1.0)],
            "b__L_ForearmTwist__": [(1.0, 1.6896061424631625e-05, 5.029775707043882e-07, 5.960464477539063e-08), (-1.689606324362103e-05, 1.0000001192092896, 7.5036614362034015e-06, -2.4959444999694824e-07), (-5.028508098803286e-07, -7.503670531150419e-06, 1.0, 1.1920928955078125e-07), (0.0, 0.0, 0.0, 1.0)],
            "b__L_Bracelet_slot": [(1.0, 9.445860086998437e-06, 5.932527074037353e-07, 5.960464477539063e-08), (-9.445859177503735e-06, 1.0000001192092896, 5.2384088178314414e-08, -2.905726432800293e-07), (-5.932522526563844e-07, -5.238970146592692e-08, 1.0, 0.0), (0.0, 0.0, 0.0, 1.0)],
            "b__L_Hand__": [(0.9999999403953552, 0.0, 0.0, 0.0), (0.0, 0.9999998807907104, 0.0, 0.0), (0.0, 0.0, 0.9999999403953552, 0.0), (0.0, 0.0, 0.0, 1.0)],
            "b__L_Stigmata": [(1.0, 0.0, 0.0, 0.0), (0.0, 1.0, 0.0, 0.0), (0.0, 0.0, 1.0, 0.0), (0.0, 0.0, 0.0, 1.0)],
            "b__L_Thumb0__": [(0.975694477558136, 0.21785493195056915, -0.023650797083973885, 0.0), (-0.2062828540802002, 0.9495236873626709, 0.23633013665676117, 0.0), (0.07394269853830338, -0.22570732235908508, 0.9713846445083618, 0.0), (0.0, 0.0, 0.0, 1.0)],
            "b__L_Thumb1__": [(0.9999998211860657, 0.0, 0.0, 0.0), (0.0, 0.9999997615814209, 0.0, 0.0), (0.0, 0.0, 0.9999998807907104, 0.0), (0.0, 0.0, 0.0, 1.0)],
            "b__L_Thumb2__": [(0.9999998807907104, 0.0, 0.0, 0.0), (0.0, 0.9999998807907104, 0.0, 0.0), (0.0, 0.0, 0.9999998807907104, 0.0), (0.0, 0.0, 0.0, 1.0)],
            "b__L_Index0__": [(0.966894268989563, -0.0009958188747987151, 0.2551746964454651, 0.0), (0.0028053736314177513, 0.9999733567237854, -0.006727578118443489, 0.0), (-0.25516119599342346, 0.007220718543976545, 0.966871440410614, 0.0), (0.0, 0.0, 0.0, 1.0)],
            "b__L_Index1__": [(1.0, 0.0, 0.0, 0.0), (0.0, 1.0, 0.0, 0.0), (0.0, 0.0, 0.9999999403953552, 0.0), (0.0, 0.0, 0.0, 1.0)],
            "b__L_Index2__": [(0.9999999403953552, 0.0, 0.0, 0.0), (0.0, 0.9999999403953552, 0.0, 0.0), (0.0, 0.0, 0.9999999403953552, 0.0), (0.0, 0.0, 0.0, 1.0)],
            "b__L_Mid0__": [(1.0000001192092896, 0.0, 0.0, 0.0), (0.0, 1.0, 0.0, 0.0), (0.0, 0.0, 1.0, 0.0), (0.0, 0.0, 0.0, 1.0)],
            "b__L_Mid1__": [(1.0000001192092896, 0.0, 0.0, 0.0), (0.0, 1.0, 0.0, 0.0), (0.0, 0.0, 1.0, 0.0), (0.0, 0.0, 0.0, 1.0)],
            "b__L_Mid2__": [(1.0000001192092896, 0.0, 0.0, 0.0), (0.0, 1.0, 0.0, 0.0), (0.0, 0.0, 1.0, 0.0), (0.0, 0.0, 0.0, 1.0)],
            "b__L_Ring0__": [(0.9721857905387878, 0.0033540388103574514, -0.23418694734573364, 0.0), (0.0005431500030681491, 0.9998624920845032, 0.016574880108237267, 0.0), (0.2342103272676468, -0.016241060569882393, 0.9720503091812134, 0.0), (0.0, 0.0, 0.0, 1.0)],
            "b__L_Ring1__": [(0.9999998211860657, 0.0, 0.0, 0.0), (0.0, 0.9999997615814209, 0.0, 0.0), (0.0, 0.0, 0.9999998807907104, 0.0), (0.0, 0.0, 0.0, 1.0)],
            "b__L_Ring2__": [(0.9999998807907104, 0.0, 0.0, 0.0), (0.0, 0.9999997615814209, 0.0, 0.0), (0.0, 0.0, 0.9999998807907104, 0.0), (0.0, 0.0, 0.0, 1.0)],
            "b__L_Ring_slot": [(0.9999999403953552, 1.5385445522042573e-06, -5.638439120048133e-07, -1.1920928955078125e-07), (-1.5385453480121214e-06, 0.9999998807907104, -1.0940707397821825e-06, 0.0), (5.638422067022475e-07, 1.0940716492768843e-06, 0.9999999403953552, 3.725290298461914e-07), (0.0, 0.0, 0.0, 1.0)],
            "b__L_Pinky0__": [(0.887380063533783, 0.007076947949826717, -0.4609842598438263, 0.0), (0.002109977649524808, 0.9998093247413635, 0.01941053383052349, 0.0), (0.46103376150131226, -0.018197186291217804, 0.8871960043907166, 0.0), (0.0, 0.0, 0.0, 1.0)],
            "b__L_Pinky1__": [(1.0000001192092896, 0.0, 0.0, 0.0), (0.0, 1.0, 0.0, 0.0), (0.0, 0.0, 1.0000001192092896, 0.0), (0.0, 0.0, 0.0, 1.0)],
            "b__L_Pinky2__": [(1.0000001192092896, 0.0, 0.0, 0.0), (0.0, 0.9999999403953552, 0.0, 0.0), (0.0, 0.0, 1.0, 0.0), (0.0, 0.0, 0.0, 1.0)],
            "b__L_ForearmTarget_slot": [(1.0, 5.720350600313395e-06, 4.973264253749221e-07, -2.9802322387695312e-08), (-5.720350600313395e-06, 1.0, 5.2385473736649146e-08, -1.601874828338623e-07), (-4.973260843144089e-07, -5.238831590759219e-08, 1.0, 1.1920928955078125e-07), (0.0, 0.0, 0.0, 1.0)],
            "b__L_Elbow__": [(0.9999998807907104, 0.0, 0.0, 0.0), (0.0, 0.9999999403953552, 0.0, 0.0), (0.0, 0.0, 1.0, 0.0), (0.0, 0.0, 0.0, 1.0)],
            "b__L_ShoulderTwist__": [(0.9999999403953552, 5.400070790528844e-07, 7.450547201415247e-08, -7.450580596923828e-09), (-5.400069653660466e-07, 0.9999998807907104, -1.2479722499847412e-06, 0.0), (-7.450613281889673e-08, 1.2479721362979035e-06, 1.0, 0.0), (0.0, 0.0, 0.0, 1.0)],
            "b__L_outShortSleeve_slot": [(1.0, -1.3052891517872922e-05, 2.982625701974939e-08, -2.9802322387695312e-08), (1.3052891517872922e-05, 1.0, -3.667198825496598e-06, -4.470348358154297e-08), (-2.9778387755641234e-08, 3.667199280243949e-06, 1.0, 1.1920928955078125e-07), (0.0, 0.0, 0.0, 1.0)],
            "b__L_ShoulderTarget_slot": [(1.0, 1.8650914626050508e-06, 1.641710545285946e-09, 0.0), (-1.8650914626050508e-06, 1.0, -3.7699642234656494e-06, 0.0), (-1.648741809745502e-09, 3.7699642234656494e-06, 1.0, 0.0), (0.0, 0.0, 0.0, 1.0)],
            "b__R_ArmExportPole__": [(1.0, -7.495284080505371e-06, -5.467906075834472e-12, 0.0), (7.495284080505371e-06, 1.0, 2.9185684979893267e-09, -2.9802322387695312e-08), (5.446030345440667e-12, -2.9185684979893267e-09, 1.0, 0.0), (0.0, 0.0, 0.0, 1.0)],
            "b__L_ArmExportPole__": [(1.0, -4.470348358154297e-08, -5.4570336964487876e-12, 0.0), (4.470348358154297e-08, 1.0, 2.929482434410602e-09, -2.9802322387695312e-08), (5.456902724826351e-12, -2.929482434410602e-09, 1.0, 0.0), (0.0, 0.0, 0.0, 1.0)],
            "b__R_HandDangle_slot": [(1.0, -4.470350134511136e-08, 2.3716291153164093e-09, -5.960464477539063e-08), (4.4703465817974575e-08, 1.0, 1.4904060662956908e-05, -2.9802322387695312e-08), (-2.3722952491311844e-09, -1.4904060662956908e-05, 1.0, 1.4901161193847656e-08), (0.0, 0.0, 0.0, 1.0)],
            "b__L_HandDangle_slot": [(1.0, -4.4703462265260896e-08, -2.683342437137526e-09, 5.960464477539063e-08), (4.470350489782504e-08, 1.0, 1.4904171621310525e-05, 1.4901161193847656e-08), (2.6826763033227508e-09, -1.4904171621310525e-05, 1.0, 1.4901161193847656e-08), (0.0, 0.0, 0.0, 1.0)],
            "b__CAS_L_Breast__": [(1.0, -8.470329472543003e-22, -2.842170943040401e-14, 0.0), (8.470328967672024e-22, 1.0, -2.8499639002650245e-15, 0.0), (2.842170943040401e-14, 2.8499639002650245e-15, 1.0, 0.0), (0.0, 0.0, 0.0, 1.0)],
            "b__L_breastTarget_slot": [(1.0, -8.470329472543003e-22, -2.842170943040401e-14, 0.0), (8.470328967672024e-22, 1.0, -2.8499639002650245e-15, 0.0), (2.842170943040401e-14, 2.8499639002650245e-15, 1.0, 0.0), (0.0, 0.0, 0.0, 1.0)],
            "b__L_frontTorsoTarget_slot": [(1.0, -8.470329472543003e-22, -2.842170943040401e-14, 0.0), (8.470328967672024e-22, 1.0, -2.8499639002650245e-15, 0.0), (2.842170943040401e-14, 2.8499639002650245e-15, 1.0, 0.0), (0.0, 0.0, 0.0, 1.0)],
            "b__L_sideBackTorsoTarget_slot": [(1.0, -8.470329472543003e-22, -2.842170943040401e-14, 0.0), (8.470328967672024e-22, 1.0, -2.8499639002650245e-15, 0.0), (2.842170943040401e-14, 2.8499639002650245e-15, 1.0, -7.450580596923828e-09), (0.0, 0.0, 0.0, 1.0)],
            "b__CAS_R_Breast__": [(1.0, -8.470329472543003e-22, -2.842170943040401e-14, 0.0), (8.470328967672024e-22, 1.0, -2.8499639002650245e-15, 0.0), (2.842170943040401e-14, 2.8499639002650245e-15, 1.0, 0.0), (0.0, 0.0, 0.0, 1.0)],
            "b__R_breastTarget_slot": [(1.0, -8.470329472543003e-22, -2.842170943040401e-14, 0.0), (8.470328967672024e-22, 1.0, -2.8499639002650245e-15, 0.0), (2.842170943040401e-14, 2.8499639002650245e-15, 1.0, 0.0), (0.0, 0.0, 0.0, 1.0)],
            "b__R_frontTorsoTarget_slot": [(1.0, -8.470329472543003e-22, -2.842170943040401e-14, 0.0), (8.470328967672024e-22, 1.0, -2.8499639002650245e-15, 0.0), (2.842170943040401e-14, 2.8499639002650245e-15, 1.0, 0.0), (0.0, 0.0, 0.0, 1.0)],
            "b__R_sideBackTorsoTarget_slot": [(1.0, -8.470329472543003e-22, -2.842170943040401e-14, 0.0), (8.470328967672024e-22, 1.0, -2.8499639002650245e-15, 0.0), (2.842170943040401e-14, 2.8499639002650245e-15, 1.0, 7.450580596923828e-09), (0.0, 0.0, 0.0, 1.0)],
            "b__R_BackTarget_slot": [(1.0, -8.470329472543003e-22, -2.842170943040401e-14, 0.0), (8.470328967672024e-22, 1.0, -2.8499639002650245e-15, 0.0), (2.842170943040401e-14, 2.8499639002650245e-15, 1.0, 0.0), (0.0, 0.0, 0.0, 1.0)],
            "b__L_BackTarget_slot": [(1.0, -8.470329472543003e-22, -2.842170943040401e-14, 0.0), (8.470328967672024e-22, 1.0, -2.8499639002650245e-15, 0.0), (2.842170943040401e-14, 2.8499639002650245e-15, 1.0, 0.0), (0.0, 0.0, 0.0, 1.0)],
            "b__Carry__": [(1.0, 3.3671679303678106e-21, -2.842170943040401e-14, 0.0), (-3.3671679303678106e-21, 1.0, -2.8499639002650245e-15, -3.3881317890172014e-21), (2.842170943040401e-14, 2.8499639002650245e-15, 1.0, 1.4210854715202004e-14), (0.0, 0.0, 0.0, 1.0)],
            "b__R_carry_slot": [(1.0, 3.3671679303678106e-21, -2.842170943040401e-14, 0.0), (-3.3671679303678106e-21, 1.0, -2.8499639002650245e-15, 0.0), (2.842170943040401e-14, 2.8499639002650245e-15, 1.0, 0.0), (0.0, 0.0, 0.0, 1.0)],
            "b__L_carry_slot": [(1.0, 3.3671679303678106e-21, -2.842170943040401e-14, 0.0), (-3.3671679303678106e-21, 1.0, -2.8499639002650245e-15, 0.0), (2.842170943040401e-14, 2.8499639002650245e-15, 1.0, 0.0), (0.0, 0.0, 0.0, 1.0)],
            "b__L_backBellyTarget_slot": [(1.0, 8.470328967672024e-22, -2.842170943040401e-14, 0.0), (-8.470329472543003e-22, 1.0, -2.8499639002650245e-15, 0.0), (2.842170943040401e-14, 2.8499639002650245e-15, 1.0, -7.450580596923828e-09), (0.0, 0.0, 0.0, 1.0)],
            "b__L_BellyTarget_slot": [(1.0, 8.470328967672024e-22, -2.842170943040401e-14, 0.0), (-8.470329472543003e-22, 1.0, -2.8499639002650245e-15, 0.0), (2.842170943040401e-14, 2.8499639002650245e-15, 1.0, 0.0), (0.0, 0.0, 0.0, 1.0)],
            "b__L_frontBellyTarget_slot": [(1.0, 8.470328967672024e-22, -2.842170943040401e-14, 0.0), (-8.470329472543003e-22, 1.0, -2.8499639002650245e-15, 0.0), (2.842170943040401e-14, 2.8499639002650245e-15, 1.0, -7.450580596923828e-09), (0.0, 0.0, 0.0, 1.0)],
            "b__R_backBellyTarget_slot": [(1.0, 8.470328967672024e-22, -2.842170943040401e-14, 0.0), (-8.470329472543003e-22, 1.0, -2.8499639002650245e-15, 0.0), (2.842170943040401e-14, 2.8499639002650245e-15, 1.0, 7.450580596923828e-09), (0.0, 0.0, 0.0, 1.0)],
            "b__R_BellyTarget_slot": [(1.0, 8.470328967672024e-22, -2.842170943040401e-14, 0.0), (-8.470329472543003e-22, 1.0, -2.8499639002650245e-15, 0.0), (2.842170943040401e-14, 2.8499639002650245e-15, 1.0, 0.0), (0.0, 0.0, 0.0, 1.0)],
            "b__R_frontBellyTarget_slot": [(1.0, 8.470328967672024e-22, -2.842170943040401e-14, 0.0), (-8.470329472543003e-22, 1.0, -2.8499639002650245e-15, 0.0), (2.842170943040401e-14, 2.8499639002650245e-15, 1.0, 7.450580596923828e-09), (0.0, 0.0, 0.0, 1.0)],
            "b__L_lowBackTarget_slot": [(1.0, 8.470328967672024e-22, -2.842170943040401e-14, 0.0), (-8.470329472543003e-22, 1.0, -2.8499639002650245e-15, 0.0), (2.842170943040401e-14, 2.8499639002650245e-15, 1.0, -3.725290298461914e-09), (0.0, 0.0, 0.0, 1.0)],
            "b__R_lowBackTarget_slot": [(1.0, 8.470328967672024e-22, -2.842170943040401e-14, 0.0), (-8.470329472543003e-22, 1.0, -2.8499639002650245e-15, 0.0), (2.842170943040401e-14, 2.8499639002650245e-15, 1.0, 3.725290298461914e-09), (0.0, 0.0, 0.0, 1.0)],
            "b__Pelvis__": [(1.0, 0.0, 0.0, 0.0), (0.0, 1.0, 0.0, 0.0), (0.0, 0.0, 1.0, 0.0), (0.0, 0.0, 0.0, 1.0)],
            "b__L_Thigh__": [(1.0, 0.0, 0.0, 0.0), (0.0, 1.0, 0.0, 0.0), (0.0, 0.0, 1.0000001192092896, 0.0), (0.0, 0.0, 0.0, 1.0)],
            "b__L_Calf__": [(1.0, 0.0, 0.0, 0.0), (0.0, 1.0000001192092896, 0.0, 0.0), (0.0, 0.0, 1.0, 0.0), (0.0, 0.0, 0.0, 1.0)],
            "b__L_Foot__": [(1.0, 0.0, 0.0, 0.0), (0.0, 1.0, 0.0, 0.0), (0.0, 0.0, 1.0, 0.0), (0.0, 0.0, 0.0, 1.0)],
            "b__L_Toe__": [(1.0, 0.0, 0.0, 0.0), (0.0, 1.0, 0.0, 0.0), (0.0, 0.0, 1.0, 0.0), (0.0, 0.0, 0.0, 1.0)],
            "b__L_frontCalfTarget_slot": [(0.9999999403953552, 3.725290742551124e-09, -1.862645149230957e-09, -2.9802322387695312e-08), (-3.725290298461914e-09, 1.0, 5.238689482212067e-10, 3.725290298461914e-09), (1.8626450382086546e-09, -5.238689482212067e-10, 1.0, 7.450580596923828e-09), (0.0, 0.0, 0.0, 1.0)],
            "b__L_inCalfTarget_slot": [(1.0, 3.725290298461914e-09, 9.75781955236954e-19, 0.0), (-3.725290298461914e-09, 1.0, 5.238689482212067e-10, -3.725290298461914e-09), (9.75781955236954e-19, -5.238689482212067e-10, 1.0, 7.450580596923828e-09), (0.0, 0.0, 0.0, 1.0)],
            "b__L_KneeTarget_slot": [(0.9999999403953552, 2.3655594816318626e-07, -1.862645371275562e-09, 0.0), (-2.3655593395233154e-07, 1.0, 4.074538484388768e-10, 1.862645149230957e-09), (1.862645149230957e-09, -4.074534043496669e-10, 1.0, 7.450580596923828e-09), (0.0, 0.0, 0.0, 1.0)],
            "b__L_Skirt__": [(1.0000001192092896, 2.79396883406946e-09, -3.2912936148932204e-05, 0.0), (-2.793966391578806e-09, 1.0, 8.73574684812084e-11, 1.862645149230957e-09), (3.291294342488982e-05, -8.726552119808773e-11, 0.9999999403953552, 7.450580596923828e-09), (0.0, 0.0, 0.0, 1.0)],
            "b__L_ThighTwist__": [(1.0, 3.725290298461914e-09, 3.3527616238870905e-08, 0.0), (-3.725290298461914e-09, 1.0, -6.245005175260996e-17, 1.862645149230957e-09), (-3.3527612686157227e-08, -6.245004513516506e-17, 1.0000001192092896, 0.0), (0.0, 0.0, 0.0, 1.0)],
            "b__L_LegExportPole__": [(1.0, 3.725290298461914e-09, 3.469230111519117e-15, 2.9802322387695312e-08), (-3.725290298461914e-09, 1.0, 1.86252873390913e-06, -5.960464477539063e-08), (3.469230111519117e-15, -1.86252873390913e-06, 1.0, 7.450580596923828e-09), (0.0, 0.0, 0.0, 1.0)],
            "b__L_outThighTarget_slot": [(1.0, 3.725290298461914e-09, -5.421010862427522e-20, 5.960464477539063e-08), (-3.725290298461914e-09, 1.0, -2.9103830456733704e-11, 4.6566128730773926e-09), (-5.421010862427522e-20, 2.9103830456733704e-11, 1.0, 1.4901161193847656e-08), (0.0, 0.0, 0.0, 1.0)],
            "b__L_ThighFrontTarget_slot": [(1.0, 2.7939677238464355e-09, 1.862645149230957e-09, 0.0), (-2.7939677238464355e-09, 1.0, -6.071532579509131e-18, -1.4901161193847656e-08), (-1.8626449271863521e-09, 8.673620481811333e-19, 1.0000001192092896, 0.0), (0.0, 0.0, 0.0, 1.0)],
            "b__R_Thigh__": [(0.9999999403953552, 0.0, 0.0, 0.0), (0.0, 0.9999999403953552, 0.0, 0.0), (0.0, 0.0, 1.0, 0.0), (0.0, 0.0, 0.0, 1.0)],
            "b__R_Calf__": [(1.0, 0.0, 0.0, 0.0), (0.0, 1.0, 0.0, 0.0), (0.0, 0.0, 1.0, 0.0), (0.0, 0.0, 0.0, 1.0)],
            "b__R_Foot__": [(0.9999999403953552, 0.0, 0.0, 0.0), (0.0, 1.0, 0.0, 0.0), (0.0, 0.0, 0.9999999403953552, 0.0), (0.0, 0.0, 0.0, 1.0)],
            "b__R_Toe__": [(1.0, 0.0, 0.0, 0.0), (0.0, 1.0000001192092896, 0.0, 0.0), (0.0, 0.0, 1.0, 0.0), (0.0, 0.0, 0.0, 1.0)],
            "b__R_frontCalfTarget_slot": [(1.0, 1.497194080002373e-05, -1.8591539419077208e-09, -5.960464477539063e-08), (-1.4971942619013134e-05, 0.9999998807907104, 4.663598076604103e-07, -5.820766091346741e-11), (1.8661363565541933e-09, -4.6635975081699144e-07, 1.0, 0.0), (0.0, 0.0, 0.0, 1.0)],
            "b__R_inCalfTarget_slot": [(1.0, 6.891786341611805e-08, 1.862645149230957e-09, 0.0), (-6.891787052154541e-08, 0.9999998807907104, 7.566995918750763e-10, 0.0), (-1.862645149230957e-09, -7.566995918750763e-10, 1.0, -7.450580596923828e-09), (0.0, 0.0, 0.0, 1.0)],
            "b__R_KneeTarget_slot": [(1.0, -1.6577540407070046e-07, -3.859759734048396e-17, 5.960464477539063e-08), (1.6577541828155518e-07, 0.9999998807907104, 4.656612873077393e-10, 1.862645149230957e-09), (-3.859759734048396e-17, -4.6566123179658803e-10, 1.0, 0.0), (0.0, 0.0, 0.0, 1.0)],
            "b__R_Skirt__": [(1.0000001192092896, 1.8626450382086546e-09, -5.4210105393100954e-20, -1.1920928955078125e-07), (-1.862645149230957e-09, 1.0, -5.820766091346741e-11, 1.862645149230957e-09), (-5.421010862427522e-20, 5.820766091346741e-11, 1.0, 0.0), (0.0, 0.0, 0.0, 1.0)],
            "b__R_ThighTwist__": [(0.9999999403953552, -3.725290298461914e-09, 1.862645149230957e-08, 0.0), (3.725290298461914e-09, 0.9999998807907104, 2.910387209009713e-11, 0.0), (-1.862644971595273e-08, -2.9103799231711136e-11, 1.0, 0.0), (0.0, 0.0, 0.0, 1.0)],
            "b__R_LegExportPole__": [(1.0, -3.725290076417309e-09, -3.725290298461914e-09, 0.0), (3.725290298461914e-09, 0.9999999403953552, 2.9103826987286752e-11, -5.960464477539063e-08), (3.725290298461914e-09, -2.910383739562761e-11, 1.0, 0.0), (0.0, 0.0, 0.0, 1.0)],
            "b__R_outThighTarget_slot": [(1.0, -1.4904886484146118e-05, 1.8071178997658421e-09, 0.0), (1.490488739364082e-05, 0.9999999403953552, 7.450872089975746e-06, -2.7939677238464355e-09), (-1.9181722876737695e-09, -7.4508716352283955e-06, 1.0, 0.0), (0.0, 0.0, 0.0, 1.0)],
            "b__R_ThighFrontTarget_slot": [(0.9999999403953552, -2.7939679458910405e-09, -1.862645149230957e-09, -5.960464477539063e-08), (2.7939679458910405e-09, 0.9999999403953552, 2.9103830456733704e-11, -7.450580596923828e-09), (1.8626450382086546e-09, -2.9103833926180656e-11, 1.0, 0.0), (0.0, 0.0, 0.0, 1.0)],
            "b__L_ThighTarget_slot": [(1.0, -6.788122149557868e-30, -1.4210854715202004e-14, 0.0), (-6.788122149557868e-30, 1.0, -9.553432619779445e-16, -8.470329472543003e-22), (1.4210854715202004e-14, 9.553432619779445e-16, 1.0, 0.0), (0.0, 0.0, 0.0, 1.0)],
            "b__R_ThighTarget_slot": [(1.0, -6.788122149557868e-30, -1.4210854715202004e-14, 0.0), (-6.788122149557868e-30, 1.0, -9.553432619779445e-16, 3.5527132552840273e-15), (1.4210854715202004e-14, 9.553432619779445e-16, 1.0, 0.0), (0.0, 0.0, 0.0, 1.0)],
            "b__R_Prop__": [(1.0, -7.105427357601002e-15, -1.910686523955889e-15, 0.0), (7.105427357601002e-15, 1.0, -8.470329472543003e-22, 0.0), (1.910686523955889e-15, 8.470329472543003e-22, 1.0, 0.0), (0.0, 0.0, 0.0, 1.0)],
            "b__L_Prop__": [(1.0, -7.105427357601002e-15, -1.910686523955889e-15, 0.0), (7.105427357601002e-15, 1.0, -8.470329472543003e-22, 0.0), (1.910686523955889e-15, 8.470329472543003e-22, 1.0, 0.0), (0.0, 0.0, 0.0, 1.0)],
            },
        },
    "neutral": {
        "pose_matrix": {
            "b__ROOT__": [(1.0, -7.105427357601002e-15, -1.9106863121976523e-15, 0.0), (7.105427357601002e-15, 1.0, -8.470329472543003e-22, 0.0), (1.9106863121976523e-15, 8.470329472543003e-22, 1.0, 0.0), (0.0, 0.0, 0.0, 1.0)],
            "b__ROOT_bind__": [(1.0, 0.0, 0.0, 0.0), (0.0, 1.0, 0.0, 0.0), (0.0, 0.0, 1.0, 0.0), (0.0, 0.0, 0.0, 1.0)],
            "b__Spine0__": [(1.0, 0.0, 0.0, 0.0), (0.0, 1.0, 0.0, 0.0), (0.0, 0.0, 1.0, 0.0), (0.0, 0.0, 0.0, 1.0)],
            "b__Spine1__": [(1.0, 0.0, 0.0, 0.0), (0.0, 1.0, 0.0, 0.0), (0.0, 0.0, 1.0, 0.0), (0.0, 0.0, 0.0, 1.0)],
            "b__Spine2__": [(1.0, 0.0, 0.0, 0.0), (0.0, 1.0, 0.0, 0.0), (0.0, 0.0, 1.0, 0.0), (0.0, 0.0, 0.0, 1.0)],
            "b__Neck__": [(0.9999998807907104, 0.0, 0.0, 0.0), (0.0, 1.0, 0.0, 0.0), (0.0, 0.0, 1.0, 0.0), (0.0, 0.0, 0.0, 1.0)],
            "b__Head__": [(0.9999999403953552, 0.0, 0.0, 0.0), (0.0, 1.0000001192092896, 0.0, 0.0), (0.0, 0.0, 1.0, 0.0), (0.0, 0.0, 0.0, 1.0)],
            "b__CAS_Glasses__": [(0.9999999403953552, 0.0, 0.0, 0.0), (0.0, 1.0000001192092896, 0.0, 0.0), (0.0, 0.0, 1.0, 0.0), (0.0, 0.0, 0.0, 1.0)],
            "b__L_Cheek__": [(0.9999999403953552, 0.0, 0.0, 0.0), (0.0, 1.0000001192092896, 0.0, 0.0), (0.0, 0.0, 1.0, 0.0), (0.0, 0.0, 0.0, 1.0)],
            "b__L_Squint__": [(0.9999999403953552, 0.0, 0.0, 0.0), (0.0, 1.0000001192092896, 0.0, 0.0), (0.0, 0.0, 1.0, 0.0), (0.0, 0.0, 0.0, 1.0)],
            "b__CAS_L_EyeArea__": [(0.9999999403953552, 0.0, 0.0, 0.0), (0.0, 1.0000001192092896, 0.0, 0.0), (0.0, 0.0, 1.0, 0.0), (0.0, 0.0, 0.0, 1.0)],
            "b__L_InBrow__": [(0.9999999403953552, 0.0, 0.0, 0.0), (0.0, 1.0000001192092896, 0.0, 0.0), (0.0, 0.0, 1.0, 0.0), (0.0, 0.0, 0.0, 1.0)],
            "b__L_MidBrow__": [(0.9999999403953552, 0.0, 0.0, 0.0), (0.0, 1.0000001192092896, 0.0, 0.0), (0.0, 0.0, 1.0, 0.0), (0.0, 0.0, 0.0, 1.0)],
            "b__L_OutBrow__": [(0.9999999403953552, 0.0, 0.0, 0.0), (0.0, 1.0000001192092896, 0.0, 0.0), (0.0, 0.0, 1.0, 0.0), (0.0, 0.0, 0.0, 1.0)],
            "b__CAS_L_EyeScale__": [(0.9999999403953552, 0.0, 0.0, 0.0), (0.0, 1.0000001192092896, 0.0, 0.0), (0.0, 0.0, 1.0, 0.0), (0.0, 0.0, 0.0, 1.0)],
            "b__L_LoLid__": [(0.9999999403953552, 0.0, 0.0, 0.0), (0.0, 1.0000001192092896, 0.0, 0.0), (0.0, 0.0, 1.0, 0.0), (0.0, 0.0, 0.0, 1.0)],
            "b__L_UpLid__": [(0.9999999403953552, 0.0, 0.0, 0.0), (0.0, 1.0000001192092896, 0.0, 0.0), (0.0, 0.0, 1.0, 0.0), (0.0, 0.0, 0.0, 1.0)],
            "b__L_Eye__": [(0.9999999403953552, 0.0, 0.0, 0.0), (0.0, 1.0000001192092896, 0.0, 0.0), (0.0, 0.0, 1.0, 0.0), (0.0, 0.0, 0.0, 1.0)],
            "b__R_Cheek__": [(0.9999999403953552, 0.0, 0.0, 0.0), (0.0, 1.0000001192092896, 0.0, 0.0), (0.0, 0.0, 1.0, 0.0), (0.0, 0.0, 0.0, 1.0)],
            "b__R_Squint__": [(0.9999999403953552, 0.0, 0.0, 0.0), (0.0, 1.0000001192092896, 0.0, 0.0), (0.0, 0.0, 1.0, 0.0), (0.0, 0.0, 0.0, 1.0)],
            "b__CAS_R_EyeArea__": [(0.9999999403953552, 0.0, 0.0, 0.0), (0.0, 1.0000001192092896, 0.0, 0.0), (0.0, 0.0, 1.0, 0.0), (0.0, 0.0, 0.0, 1.0)],
            "b__R_InBrow__": [(0.9999999403953552, 0.0, 0.0, 0.0), (0.0, 1.0000001192092896, 0.0, 0.0), (0.0, 0.0, 1.0, 0.0), (0.0, 0.0, 0.0, 1.0)],
            "b__R_MidBrow__": [(0.9999999403953552, 0.0, 0.0, 0.0), (0.0, 1.0000001192092896, 0.0, 0.0), (0.0, 0.0, 1.0, 0.0), (0.0, 0.0, 0.0, 1.0)],
            "b__R_OutBrow__": [(0.9999999403953552, 0.0, 0.0, 0.0), (0.0, 1.0000001192092896, 0.0, 0.0), (0.0, 0.0, 1.0, 0.0), (0.0, 0.0, 0.0, 1.0)],
            "b__CAS_R_EyeScale__": [(0.9999999403953552, 0.0, 0.0, 0.0), (0.0, 1.0000001192092896, 0.0, 0.0), (0.0, 0.0, 1.0, 0.0), (0.0, 0.0, 0.0, 1.0)],
            "b__R_LoLid__": [(0.9999999403953552, 0.0, 0.0, 0.0), (0.0, 1.0000001192092896, 0.0, 0.0), (0.0, 0.0, 1.0, 0.0), (0.0, 0.0, 0.0, 1.0)],
            "b__R_UpLid__": [(0.9999999403953552, 0.0, 0.0, 0.0), (0.0, 1.0000001192092896, 0.0, 0.0), (0.0, 0.0, 1.0, 0.0), (0.0, 0.0, 0.0, 1.0)],
            "b__R_Eye__": [(0.9999999403953552, 0.0, 0.0, 0.0), (0.0, 1.0000001192092896, 0.0, 0.0), (0.0, 0.0, 1.0, 0.0), (0.0, 0.0, 0.0, 1.0)],
            "b__CAS_NoseArea__": [(0.9999999403953552, 0.0, 0.0, 0.0), (0.0, 1.0000001192092896, 0.0, 0.0), (0.0, 0.0, 1.0, 0.0), (0.0, 0.0, 0.0, 1.0)],
            "b__CAS_NoseTip__": [(0.9999999403953552, 0.0, 0.0, 0.0), (0.0, 1.0000001192092896, 0.0, 0.0), (0.0, 0.0, 1.0, 0.0), (0.0, 0.0, 0.0, 1.0)],
            "b__CAS_NoseBridge__": [(0.9999999403953552, 0.0, 0.0, 0.0), (0.0, 1.0000001192092896, 0.0, 0.0), (0.0, 0.0, 1.0, 0.0), (0.0, 0.0, 0.0, 1.0)],
            "b__CAS_L_Nostril__": [(0.9999999403953552, 0.0, 0.0, 0.0), (0.0, 1.0000001192092896, 0.0, 0.0), (0.0, 0.0, 1.0, 0.0), (0.0, 0.0, 0.0, 1.0)],
            "b__CAS_R_Nostril__": [(0.9999999403953552, 0.0, 0.0, 0.0), (0.0, 1.0000001192092896, 0.0, 0.0), (0.0, 0.0, 1.0, 0.0), (0.0, 0.0, 0.0, 1.0)],
            "b__CAS_UpperMouthArea__": [(0.9999999403953552, 0.0, 0.0, 0.0), (0.0, 1.0000001192092896, 0.0, 0.0), (0.0, 0.0, 1.0, 0.0), (0.0, 0.0, 0.0, 1.0)],
            "b__L_Mouth__": [(0.9999999403953552, 0.0, 0.0, 0.0), (0.0, 1.0000001192092896, 0.0, 0.0), (0.0, 0.0, 1.0, 0.0), (0.0, 0.0, 0.0, 1.0)],
            "b__L_UpLip__": [(0.9999999403953552, 0.0, 0.0, 0.0), (0.0, 1.0000001192092896, 0.0, 0.0), (0.0, 0.0, 1.0, 0.0), (0.0, 0.0, 0.0, 1.0)],
            "b__R_Mouth__": [(0.9999999403953552, 0.0, 0.0, 0.0), (0.0, 1.0000001192092896, 0.0, 0.0), (0.0, 0.0, 1.0, 0.0), (0.0, 0.0, 0.0, 1.0)],
