# Pose library auto-generated by Bento Buddy 

poses = {
    "start": {
        "pose_matrix": {
            "b__ROOT__": [(1.0, 0.0, 0.0, 0.0), (0.0, 1.0, 0.0, 0.0), (0.0, 0.0, 1.0, 0.0), (0.0, 0.0, 0.0, 1.0)],
            "b__ROOT_bind__": [(0.991206169128418, -0.12797757983207703, -0.03364625945687294, -0.007044315338134766), (-0.03298299014568329, 0.007299096789211035, -0.9994292259216309, -0.05974942818284035), (0.1281501203775406, 0.9917501211166382, 0.003013826673850417, -0.3936603367328644), (0.0, 0.0, 0.0, 1.0)],
            "b__Spine0__": [(0.9943910837173462, 0.08966246992349625, 0.056098174303770065, -1.1920928955078125e-07), (-0.08910238742828369, 0.995945155620575, -0.012411797419190407, 5.719261025660671e-05), (-0.056983575224876404, 0.007343699224293232, 0.9983481168746948, -2.7453431528101646e-08), (0.0, 0.0, 0.0, 1.0)],
            "b__Spine1__": [(0.999644935131073, 0.012570148333907127, 0.023494163528084755, 0.0), (-0.012265738099813461, 0.9998395442962646, -0.01305636391043663, 7.919592462712899e-05), (-0.02365451492369175, 0.012763554230332375, 0.9996387362480164, -3.228134914934344e-08), (0.0, 0.0, 0.0, 1.0)],
            "b__Spine2__": [(0.9973267316818237, -0.06776831299066544, -0.02732769213616848, -1.7642974853515625e-05), (0.06758448481559753, 0.9976846575737, -0.007596306968480349, 7.602572441101074e-05), (0.02777920849621296, 0.0057290722616016865, 0.9995976686477661, 7.795821875333786e-05), (0.0, 0.0, 0.0, 1.0)],
            "b__Neck__": [(0.9258885383605957, -0.17563775181770325, 0.3344874382019043, 5.269050598144531e-05), (-0.03898440673947334, 0.8362197875976562, 0.5470070838928223, 6.538629531860352e-05), (-0.3757801055908203, -0.5195073485374451, 0.7673991322517395, -6.2422222981695086e-06), (0.0, 0.0, 0.0, 1.0)],
            "b__Head__": [(0.9999999403953552, 3.503560583340004e-05, 0.00032609220943413675, -1.4901161193847656e-05), (-3.498017758829519e-05, 1.0, -0.00016997862257994711, 3.0639348551630974e-05), (-0.0003260981466155499, 0.00016996721387840807, 0.9999999403953552, -2.5684346383059165e-06), (0.0, 0.0, 0.0, 1.0)],
            "b__CAS_Glasses__": [(1.0, 0.0, 0.0, 0.0), (0.0, 1.0, 0.0, 0.0), (0.0, 0.0, 1.0, 0.0), (0.0, 0.0, 0.0, 1.0)],
            "b__L_Cheek__": [(0.9999999403953552, -0.00024420235422439873, 0.000244199822191149, 0.01330709457397461), (0.00024420235422439873, 0.9999999403953552, 2.98177091906382e-08, -7.450580596923828e-09), (-0.000244199822191149, 2.981646574085062e-08, 0.9999999403953552, 0.008210849016904831), (0.0, 0.0, 0.0, 1.0)],
            "b__L_Squint__": [(0.9999999403953552, -0.0002442004915792495, 0.000244199822191149, 4.017353057861328e-05), (0.0002442004915792495, 0.9999999403953552, 2.9817009306043474e-08, -4.637986421585083e-05), (-0.000244199822191149, 2.98167037726671e-08, 0.9999999403953552, 3.520399332046509e-05), (0.0, 0.0, 0.0, 1.0)],
            "b__CAS_L_EyeArea__": [(1.0, 0.0, 0.0, 0.0), (0.0, 1.0, 0.0, 0.0), (0.0, 0.0, 1.0, 0.0), (0.0, 0.0, 0.0, 1.0)],
            "b__L_InBrow__": [(0.9999999403953552, -0.0002441408869344741, 0.0002441406832076609, 0.02279031276702881), (0.0002441408869344741, 0.9999999403953552, 8.940706663906894e-08, -1.0274350643157959e-05), (-0.0002441406832076609, -2.9802340151263707e-08, 0.9999999403953552, 0.001010349951684475), (0.0, 0.0, 0.0, 1.0)],
            "b__L_MidBrow__": [(0.9999999403953552, -0.0002442004915792495, 0.000244199822191149, -4.8041343688964844e-05), (0.0002442004915792495, 0.9999999403953552, 2.981701641147083e-08, -1.3686716556549072e-05), (-0.000244199822191149, 2.981669666723974e-08, 0.9999999403953552, -0.0006140358746051788), (0.0, 0.0, 0.0, 1.0)],
            "b__L_OutBrow__": [(0.9999999403953552, -0.0002442004915792495, 0.000244199822191149, 0.0018405914306640625), (0.0002442004915792495, 0.9999999403953552, 2.981701641147083e-08, 3.993511199951172e-06), (-0.000244199822191149, 2.981669666723974e-08, 0.9999999403953552, -6.359070539474487e-06), (0.0, 0.0, 0.0, 1.0)],
            "b__CAS_L_EyeScale__": [(1.0, 0.0, 0.0, 0.0), (0.0, 1.0, 0.0, 0.0), (0.0, 0.0, 1.0, 0.0), (0.0, 0.0, 0.0, 1.0)],
            "b__L_LoLid__": [(0.9999999403953552, 2.9588834493665672e-08, 0.000244199822191149, 0.0), (3.0044830623410235e-08, 0.9999999403953552, -0.0002442002878524363, 5.960464477539063e-08), (-0.000244199822191149, 0.0002442002878524363, 0.9999999403953552, -1.1175870895385742e-08), (0.0, 0.0, 0.0, 1.0)],
            "b__L_UpLid__": [(1.0, 8.917893268289845e-08, 0.00024414023209828883, 0.0), (-2.9574371396279275e-08, 0.9999999403953552, -0.0002441406832076609, 5.960464477539063e-08), (-0.00024414023209828883, 0.0002441406832076609, 0.9999999403953552, -1.1175870895385742e-08), (0.0, 0.0, 0.0, 1.0)],
            "b__L_Eye__": [(0.9999999403953552, -0.00024420052068307996, 2.9380588628669102e-08, 0.0), (0.00024420052068307996, 0.9999999403953552, -0.0002442002878524363, 5.960464477539063e-08), (3.0253250571377066e-08, 0.0002442002878524363, 0.9999999403953552, -1.1175870895385742e-08), (0.0, 0.0, 0.0, 1.0)],
            "b__R_Cheek__": [(0.9999999403953552, -0.0002442004915792495, 0.000244199822191149, 0.0139998197555542), (0.0002442004915792495, 0.9999999403953552, 2.9817009306043474e-08, -5.960464477539063e-08), (-0.000244199822191149, 2.98167037726671e-08, 0.9999999403953552, -0.011091001331806183), (0.0, 0.0, 0.0, 1.0)],
            "b__R_Squint__": [(0.9999999403953552, -0.0002442004915792495, 0.000244199822191149, -3.7550926208496094e-05), (0.0002442004915792495, 0.9999999403953552, 2.981701641147083e-08, -6.643682718276978e-05), (-0.000244199822191149, 2.981669666723974e-08, 0.9999999403953552, -2.0675361156463623e-06), (0.0, 0.0, 0.0, 1.0)],
            "b__CAS_R_EyeArea__": [(1.0, 0.0, 0.0, 0.0), (0.0, 1.0, 0.0, 0.0), (0.0, 0.0, 1.0, 0.0), (0.0, 0.0, 0.0, 1.0)],
            "b__R_InBrow__": [(0.9999999403953552, -0.0002441408869344741, 0.0002441406832076609, 0.02178013324737549), (0.0002441408869344741, 0.9999999403953552, 8.940705953364159e-08, -1.3187527656555176e-06), (-0.0002441406832076609, -2.980233304583635e-08, 0.9999999403953552, -0.004172987304627895), (0.0, 0.0, 0.0, 1.0)],
            "b__R_MidBrow__": [(0.9999999403953552, -0.0002442004915792495, 0.000244199822191149, -0.01024484634399414), (0.0002442004915792495, 0.9999999403953552, 2.981701641147083e-08, -1.1630356311798096e-05), (-0.000244199822191149, 2.981669666723974e-08, 0.9999999403953552, -0.0004284791648387909), (0.0, 0.0, 0.0, 1.0)],
            "b__R_OutBrow__": [(0.9999999403953552, -0.0002442004915792495, 0.000244199822191149, 0.0010654926300048828), (0.0002442004915792495, 0.9999999403953552, 2.981702351689819e-08, -2.995133399963379e-06), (-0.000244199822191149, 2.981668956181238e-08, 0.9999999403953552, 1.3101845979690552e-05), (0.0, 0.0, 0.0, 1.0)],
            "b__CAS_R_EyeScale__": [(1.0, 0.0, 0.0, 0.0), (0.0, 1.0, 0.0, 0.0), (0.0, 0.0, 1.0, 0.0), (0.0, 0.0, 0.0, 1.0)],
            "b__R_LoLid__": [(0.9999999403953552, 2.9588834493665672e-08, 0.000244199822191149, 1.1920928955078125e-07), (3.0044830623410235e-08, 0.9999999403953552, -0.0002442002878524363, 6.705522537231445e-08), (-0.000244199822191149, 0.0002442002878524363, 0.9999999403953552, 2.2351741790771484e-08), (0.0, 0.0, 0.0, 1.0)],
            "b__R_UpLid__": [(0.9999999403953552, 2.9588834493665672e-08, 0.000244199822191149, 1.1920928955078125e-07), (3.0044830623410235e-08, 0.9999999403953552, -0.0002442002878524363, 6.705522537231445e-08), (-0.000244199822191149, 0.0002442002878524363, 0.9999999403953552, 2.2351741790771484e-08), (0.0, 0.0, 0.0, 1.0)],
            "b__R_Eye__": [(0.9999999403953552, -0.00024414091603830457, -3.0238588522024656e-08, 1.1920928955078125e-07), (0.00024414091603830457, 0.9999999403953552, -0.0002441406832076609, 6.705522537231445e-08), (8.984331856254357e-08, 0.0002441406832076609, 0.9999999403953552, 2.2351741790771484e-08), (0.0, 0.0, 0.0, 1.0)],
            "b__CAS_NoseArea__": [(1.0, 0.0, 0.0, 0.0), (0.0, 1.0, 0.0, 0.0), (0.0, 0.0, 1.0, 0.0), (0.0, 0.0, 0.0, 1.0)],
            "b__CAS_NoseTip__": [(1.0, 0.0, 0.0, 0.0), (0.0, 1.0, 0.0, 0.0), (0.0, 0.0, 1.0, 0.0), (0.0, 0.0, 0.0, 1.0)],
            "b__CAS_NoseBridge__": [(1.0, 0.0, 0.0, 0.0), (0.0, 1.0, 0.0, 0.0), (0.0, 0.0, 1.0, 0.0), (0.0, 0.0, 0.0, 1.0)],
            "b__CAS_L_Nostril__": [(1.0, 0.0, 0.0, 0.0), (0.0, 1.0, 0.0, 0.0), (0.0, 0.0, 1.0, 0.0), (0.0, 0.0, 0.0, 1.0)],
            "b__CAS_R_Nostril__": [(1.0, 0.0, 0.0, 0.0), (0.0, 1.0, 0.0, 0.0), (0.0, 0.0, 1.0, 0.0), (0.0, 0.0, 0.0, 1.0)],
            "b__CAS_UpperMouthArea__": [(1.0, 0.0, 0.0, 0.0), (0.0, 1.0, 0.0, 0.0), (0.0, 0.0, 1.0, 0.0), (0.0, 0.0, 0.0, 1.0)],
            "b__L_Mouth__": [(0.9999999403953552, -0.0002442004915792495, 0.000244199822191149, 0.011183381080627441), (0.0002442004915792495, 0.9999999403953552, 2.9817009306043474e-08, -0.008218377828598022), (-0.000244199822191149, 2.98167037726671e-08, 0.9999999403953552, 0.006545718759298325), (0.0, 0.0, 0.0, 1.0)],
            "b__L_UpLip__": [(0.9999998807907104, -0.00024420046247541904, 0.0002442002878524363, 0.0013920068740844727), (0.0002442004333715886, 0.9999999403953552, 2.981696312076565e-08, -0.004438452422618866), (-0.00024420025874860585, 2.9816860092068964e-08, 0.9999999403953552, 0.0031592678278684616), (0.0, 0.0, 0.0, 1.0)],
            "b__R_Mouth__": [(0.9999999403953552, -0.0002442004915792495, 0.000244199822191149, 0.007127642631530762), (0.0002442004915792495, 0.9999999403953552, 2.981701641147083e-08, -0.008191853761672974), (-0.000244199822191149, 2.981669666723974e-08, 0.9999999403953552, -0.005032986402511597), (0.0, 0.0, 0.0, 1.0)],
            "b__R_UpLip__": [(0.9999998807907104, -0.00024420046247541904, 0.0002442002878524363, -0.001690983772277832), (0.0002442004333715886, 0.9999999403953552, 2.981695601533829e-08, -0.004412434995174408), (-0.00024420025874860585, 2.981686719749632e-08, 0.9999999403953552, -0.0031549613922834396), (0.0, 0.0, 0.0, 1.0)],
            "b__UpLip__": [(0.9999999403953552, -0.0002442004915792495, 0.0002442002878524363, 0.0008870363235473633), (0.0002442004915792495, 0.9999999403953552, 2.981696667347933e-08, -0.0018727108836174011), (-0.0002442002878524363, 2.981686364478264e-08, 0.9999999403953552, 3.138576721539721e-05), (0.0, 0.0, 0.0, 1.0)],
            "b__mouth_slot": [(1.0, 0.0, 0.0, 0.0), (0.0, 1.0, 0.0, 0.0), (0.0, 0.0, 1.0, 0.0), (0.0, 0.0, 0.0, 1.0)],
            "b__Jaw__": [(0.9999998807907104, -0.00023931807663757354, -0.0001899179333122447, 5.960464477539062e-07), (0.00023932350450195372, 1.0, 2.870724165404681e-05, 4.5299530029296875e-06), (0.0001899110502563417, -2.8752690923283808e-05, 1.0, 2.7626811061054468e-08), (0.0, 0.0, 0.0, 1.0)],
            "b__CAS_LowerMouthArea__": [(1.0, 0.0, 0.0, 0.0), (0.0, 1.0, 0.0, 0.0), (0.0, 0.0, 1.0, 0.0), (0.0, 0.0, 0.0, 1.0)],
            "b__LoLip__": [(0.9999999403953552, 3.0113277205146005e-08, 0.0002441963879391551, 0.0025947093963623047), (2.9519549471501705e-08, 0.9999999403953552, -0.0002442002878524363, -0.0006545782089233398), (-0.0002441963879391551, 0.0002442002878524363, 0.9999999403953552, 2.1882346118218265e-05), (0.0, 0.0, 0.0, 1.0)],
            "b__L_LoLip__": [(0.9999999403953552, 3.011328431057336e-08, 0.000244196446146816, 0.0020464658737182617), (2.9519556576929062e-08, 0.9999999403953552, -0.0002442002878524363, 0.00030891597270965576), (-0.000244196446146816, 0.0002442002878524363, 0.9999999403953552, 0.001649332232773304), (0.0, 0.0, 0.0, 1.0)],
            "b__R_LoLip__": [(0.9999999403953552, 3.011325588886393e-08, 0.00024419621331617236, 0.000986337661743164), (2.9519528155219632e-08, 0.9999999403953552, -0.0002442002878524363, -0.0010717138648033142), (-0.00024419621331617236, 0.0002442002878524363, 0.9999999403953552, -0.0014915075153112411), (0.0, 0.0, 0.0, 1.0)],
            "b__CAS_JawComp__": [(1.0, 0.0, 0.0, 0.0), (0.0, 1.0, 0.0, 0.0), (0.0, 0.0, 1.0, 0.0), (0.0, 0.0, 0.0, 1.0)],
            "b__CAS_Chin__": [(1.0, 0.0, 0.0, 0.0), (0.0, 1.0, 0.0, 0.0), (0.0, 0.0, 1.0, 0.0), (0.0, 0.0, 0.0, 1.0)],
            "b__L_Earring_slot": [(1.0, 0.0, 0.0, 0.0), (0.0, 1.0, 0.0, 0.0), (0.0, 0.0, 1.0, 0.0), (0.0, 0.0, 0.0, 1.0)],
            "b__R_Earring_slot": [(1.0, 0.0, 0.0, 0.0), (0.0, 1.0, 0.0, 0.0), (0.0, 0.0, 1.0, 0.0), (0.0, 0.0, 0.0, 1.0)],
            "b__Neck_slot": [(1.0, 0.0, 0.0, 0.0), (0.0, 1.0, 0.0, 0.0), (0.0, 0.0, 1.0, 0.0), (0.0, 0.0, 0.0, 1.0)],
            "b__backNeck_slot": [(1.0, 0.0, 0.0, 0.0), (0.0, 1.0, 0.0, 0.0), (0.0, 0.0, 1.0, 0.0), (0.0, 0.0, 0.0, 1.0)],
            "b__L_chestTarget_slot": [(1.0, 0.0, 0.0, 0.0), (0.0, 1.0, 0.0, 0.0), (0.0, 0.0, 1.0, 0.0), (0.0, 0.0, 0.0, 1.0)],
            "b__L_shoulderbladeTarget_slot": [(1.0, 0.0, 0.0, 0.0), (0.0, 1.0, 0.0, 0.0), (0.0, 0.0, 1.0, 0.0), (0.0, 0.0, 0.0, 1.0)],
            "b__R_chestTarget_slot": [(1.0, 0.0, 0.0, 0.0), (0.0, 1.0, 0.0, 0.0), (0.0, 0.0, 1.0, 0.0), (0.0, 0.0, 0.0, 1.0)],
            "b__R_shoulderbladeTarget_slot": [(1.0, 0.0, 0.0, 0.0), (0.0, 1.0, 0.0, 0.0), (0.0, 0.0, 1.0, 0.0), (0.0, 0.0, 0.0, 1.0)],
            "b__R_Clavicle__": [(0.999400794506073, 0.0346120186150074, -0.0002622443425934762, 2.9318034648895264e-06), (-0.034612011164426804, 0.999400794506073, 3.6636716686189175e-05, 1.41095370054245e-05), (0.00026335532311350107, -2.7537964342627674e-05, 0.9999998807907104, 2.5033950805664062e-06), (0.0, 0.0, 0.0, 1.0)],
            "b__R_ShoulderTarget_slot": [(1.0, 0.0, 0.0, 0.0), (0.0, 1.0, 0.0, 0.0), (0.0, 0.0, 1.0, 0.0), (0.0, 0.0, 0.0, 1.0)],
            "b__R_UpperArm__": [(0.8131589293479919, -0.1880127340555191, 0.5508391857147217, -3.2782554626464844e-06), (-0.05683337152004242, 0.9162204265594482, 0.3966233730316162, 6.827712059020996e-05), (-0.5792603492736816, -0.35382387042045593, 0.734347403049469, -2.384185791015625e-07), (0.0, 0.0, 0.0, 1.0)],
            "b__R_Forearm__": [(-0.4130987823009491, -0.9066864252090454, -0.0852583795785904, 1.6868114471435547e-05), (0.9018206000328064, -0.4203120172023773, 0.10028576105833054, 0.00015585706569254398), (-0.12676286697387695, -0.03545983508229256, 0.991299033164978, -1.0728836059570312e-06), (0.0, 0.0, 0.0, 1.0)],
            "b__R_ForearmTwist__": [(1.0, -0.00013490348646882921, 0.00027072688681073487, -2.9802322387695312e-08), (0.00024239714548457414, 0.8927863836288452, -0.4504801332950592, -1.5450641512870789e-06), (-0.0001809299865271896, 0.45048025250434875, 0.8927862644195557, 7.05718994140625e-05), (0.0, 0.0, 0.0, 1.0)],
            "b__R_Bracelet_slot": [(1.0, 0.0, 0.0, 0.0), (0.0, 1.0, 0.0, 0.0), (0.0, 0.0, 1.0, 0.0), (0.0, 0.0, 0.0, 1.0)],
            "b__R_Hand__": [(0.8870482444763184, 0.4309065043926239, 0.1657257378101349, 8.940696716308594e-08), (-0.3874850273132324, 0.8900372385978699, -0.24018554389476776, -0.00013959407806396484), (-0.2509995996952057, 0.14883995056152344, 0.9564757347106934, -3.016088157892227e-06), (0.0, 0.0, 0.0, 1.0)],
            "b__R_Stigmata": [(1.0, 0.0, 0.0, 0.0), (0.0, 1.0, 0.0, 0.0), (0.0, 0.0, 1.0, 0.0), (0.0, 0.0, 0.0, 1.0)],
            "b__R_Thumb0__": [(0.9317612648010254, -0.2839553952217102, 0.22625260055065155, -3.993511199951172e-06), (0.3029062747955322, 0.9515326023101807, -0.05323044955730438, 4.172325134277344e-06), (-0.20017166435718536, 0.11813139915466309, 0.9726130962371826, 1.7523765563964844e-05), (0.0, 0.0, 0.0, 1.0)],
            "b__R_Thumb1__": [(0.9999999403953552, -0.00024424493312835693, -6.330957802447301e-08, -1.1920928955078125e-07), (0.00024424493312835693, 0.9999999403953552, -0.0002442030527163297, -2.384185791015625e-07), (1.2295492979319533e-07, 0.0002442030527163297, 0.9999999403953552, 1.5020370483398438e-05), (0.0, 0.0, 0.0, 1.0)],
            "b__R_Thumb2__": [(0.9999999403953552, 2.9813691071467474e-08, 0.00024418067187070847, -5.960464477539063e-08), (2.9813691071467474e-08, 0.9999999403953552, -0.0002441937103867531, 1.8894672393798828e-05), (-0.00024418067187070847, 0.0002441937103867531, 0.9999999403953552, 1.901388168334961e-05), (0.0, 0.0, 0.0, 1.0)],
            "b__R_Pinky0__": [(0.9361238479614258, -0.34210243821144104, -0.08147437870502472, 5.364418029785156e-07), (0.34077736735343933, 0.9396625757217407, -0.030083604156970978, 3.743171691894531e-05), (0.086850106716156, 0.00039735730388201773, 0.9962212443351746, -4.0978193283081055e-08), (0.0, 0.0, 0.0, 1.0)],
            "b__R_Pinky1__": [(0.9396880269050598, -0.3420325219631195, 0.0002398299693595618, 5.960464477539063e-08), (0.3420325219631195, 0.9396880865097046, -0.00016021175542846322, 1.823902130126953e-05), (-0.0001705677277641371, 0.00023257873544935137, 0.9999999403953552, 1.9565224647521973e-05), (0.0, 0.0, 0.0, 1.0)],
            "b__R_Pinky2__": [(0.9397019147872925, -0.3419945538043976, -4.522738163359463e-05, 4.470348358154297e-08), (0.34199458360671997, 0.9397018551826477, 2.969558772747405e-05, 7.152557373046875e-07), (3.234452742617577e-05, -4.337251448305324e-05, 1.0, 1.0732561349868774e-05), (0.0, 0.0, 0.0, 1.0)],
            "b__R_Ring0__": [(0.9391282200813293, -0.3420126736164093, -0.03264099732041359, 8.642673492431641e-07), (0.34179824590682983, 0.9396951794624329, -0.012112514115869999, 1.9311904907226562e-05), (0.0348152220249176, 0.00021856794774066657, 0.999393880367279, -4.0978193283081055e-08), (0.0, 0.0, 0.0, 1.0)],
            "b__R_Ring1__": [(0.9397339224815369, -0.3419066071510315, -5.817049532197416e-05, 5.960464477539063e-08), (0.3419066369533539, 0.9397338628768921, 3.247916538384743e-05, 2.1576881408691406e-05), (4.3559950427152216e-05, -5.0410650146659464e-05, 0.9999999403953552, -6.332993507385254e-08), (0.0, 0.0, 0.0, 1.0)],
            "b__R_Ring2__": [(0.9397012591362, -0.3419964015483856, -4.527880810201168e-05, 0.0), (0.3419964015483856, 0.9397012591362, 2.8941305572516285e-05, 1.3828277587890625e-05), (3.265073610236868e-05, -4.268137490726076e-05, 0.9999999403953552, -5.8673322200775146e-08), (0.0, 0.0, 0.0, 1.0)],
            "b__R_Ring_slot": [(1.0, 0.0, 0.0, 0.0), (0.0, 1.0, 0.0, 0.0), (0.0, 0.0, 1.0, 0.0), (0.0, 0.0, 0.0, 1.0)],
            "b__R_Mid0__": [(0.9391611814498901, -0.3419091999530792, 0.032774269580841064, 1.1920928955078125e-07), (0.34170421957969666, 0.9397329688072205, 0.011837060563266277, 1.6689300537109375e-06), (-0.03484626114368439, 8.219818846555427e-05, 0.9993926882743835, 1.7115846276283264e-05), (0.0, 0.0, 0.0, 1.0)],
            "b__R_Mid1__": [(0.9397165775299072, -0.34195396304130554, -4.347188587416895e-05, 8.940696716308594e-08), (0.34195393323898315, 0.9397166967391968, 3.194456803612411e-05, 2.2411346435546875e-05), (2.9927681680419482e-05, -4.4884229282615706e-05, 1.0, 2.2485852241516113e-05), (0.0, 0.0, 0.0, 1.0)],
            "b__R_Mid2__": [(0.9397012591362, -0.341996431350708, -4.531840022536926e-05, -2.9802322387695312e-08), (0.341996431350708, 0.9397012591362, 2.910045805037953e-05, 1.0728836059570312e-06), (3.263350299675949e-05, -4.284446913516149e-05, 1.0, 1.4184042811393738e-05), (0.0, 0.0, 0.0, 1.0)],
            "b__R_Index0__": [(0.9360507130622864, -0.3421815037727356, 0.08197936415672302, 1.6391277313232422e-06), (0.3408817946910858, 0.9396339058876038, 0.02979540452361107, 3.361701965332031e-05), (-0.0872260257601738, 5.5260614317376167e-05, 0.9961884617805481, 2.966076135635376e-05), (0.0, 0.0, 0.0, 1.0)],
            "b__R_Index1__": [(0.9396613240242004, -0.3421061635017395, -0.00011735760199371725, 2.9802322387695312e-08), (0.3421061635017395, 0.9396613240242004, 8.539283589925617e-05, -1.430511474609375e-06), (8.106297173071653e-05, -0.0001203890933538787, 1.0000001192092896, 2.14502215385437e-05), (0.0, 0.0, 0.0, 1.0)],
            "b__R_Index2__": [(0.939716637134552, -0.3419541120529175, -0.00011578550038393587, 0.0), (0.3419541120529175, 0.939716637134552, 8.57267077662982e-05, 1.1086463928222656e-05), (7.949095743242651e-05, -0.00012015212269034237, 1.0000001192092896, -1.4901161193847656e-07), (0.0, 0.0, 0.0, 1.0)],
            "b__R_ForearmTarget_slot": [(1.0, 0.0, 0.0, 0.0), (0.0, 1.0, 0.0, 0.0), (0.0, 0.0, 1.0, 0.0), (0.0, 0.0, 0.0, 1.0)],
            "b__R_Elbow__": [(1.0, 0.0, 0.0, 0.0), (0.0, 1.0, 0.0, 0.0), (0.0, 0.0, 1.0, 0.0), (0.0, 0.0, 0.0, 1.0)],
            "b__R_ShoulderTwist__": [(0.9999999403953552, -0.00016438185411971062, 0.00018492287199478596, 1.7881393432617188e-07), (0.00016441418847534806, 1.0, -0.00017477452638559043, 0.0), (-0.00018489417561795563, 0.0001748049253365025, 0.9999998211860657, 0.0), (0.0, 0.0, 0.0, 1.0)],
            "b__R_outShortSleeve_slot": [(1.0, 0.0, 0.0, 0.0), (0.0, 1.0, 0.0, 0.0), (0.0, 0.0, 1.0, 0.0), (0.0, 0.0, 0.0, 1.0)],
            "b__L_Clavicle__": [(0.999389111995697, 0.03494405373930931, 0.0005086995079182088, 3.0133873224258423e-05), (-0.03494381159543991, 0.9993891716003418, -0.0004820615577045828, 2.5369226932525635e-06), (-0.0005252339178696275, 0.00046399119310081005, 0.9999997615814209, -1.430511474609375e-06), (0.0, 0.0, 0.0, 1.0)],
            "b__L_UpperArm__": [(0.8635316491127014, -0.4841609597206116, -0.14107204973697662, 4.8100948333740234e-05), (0.3117818236351013, 0.7324371337890625, -0.6052504777908325, 2.1457672119140625e-06), (0.3963649570941925, 0.47866931557655334, 0.7834352850914001, 4.8279762268066406e-05), (0.0, 0.0, 0.0, 1.0)],
            "b__L_Forearm__": [(-0.4444420039653778, -0.8921968936920166, 0.08035007119178772, 1.6570091247558594e-05), (0.8884990811347961, -0.4504733979701996, -0.08742627501487732, 0.0001533515751361847), (0.1141970157623291, 0.03253505378961563, 0.992925226688385, -2.1457672119140625e-06), (0.0, 0.0, 0.0, 1.0)],
            "b__L_ForearmTwist__": [(0.9999999403953552, -0.0002866223512683064, 0.00021419500990305096, 0.0), (0.000180746428668499, 0.921264111995697, 0.3889376223087311, 6.941147148609161e-05), (-0.00030880834674462676, -0.38893750309944153, 0.9212642312049866, 7.069110870361328e-05), (0.0, 0.0, 0.0, 1.0)],
            "b__L_Bracelet_slot": [(1.0, 0.0, 0.0, 0.0), (0.0, 1.0, 0.0, 0.0), (0.0, 0.0, 1.0, 0.0), (0.0, 0.0, 0.0, 1.0)],
            "b__L_Hand__": [(0.8858668804168701, 0.4331865608692169, -0.1661001294851303, 2.086162567138672e-07), (-0.38928481936454773, 0.8888093829154968, 0.2418164759874344, 0.0001437664031982422), (0.2523829936981201, -0.149556964635849, 0.9559997916221619, -0.00014108465984463692), (0.0, 0.0, 0.0, 1.0)],
            "b__L_Stigmata": [(1.0, 0.0, 0.0, 0.0), (0.0, 1.0, 0.0, 0.0), (0.0, 0.0, 1.0, 0.0), (0.0, 0.0, 0.0, 1.0)],
            "b__L_Thumb0__": [(0.8679476380348206, -0.3833335041999817, -0.3157883584499359, -8.702278137207031e-06), (0.4160650074481964, 0.9084174633026123, 0.04083681106567383, -1.2814998626708984e-05), (0.2712135314941406, -0.16683270037174225, 0.9479504823684692, 1.4007091522216797e-05), (0.0, 0.0, 0.0, 1.0)],
            "b__L_Thumb1__": [(0.9999999403953552, -0.00024414061044808477, 0.0002441729884594679, -5.960464477539063e-08), (0.0002442002296447754, 0.9999999403953552, -0.00024419042165391147, -5.364418029785156e-07), (-0.00024411339836660773, 0.0002442500554025173, 0.9999998807907104, 1.1920928955078125e-05), (0.0, 0.0, 0.0, 1.0)],
            "b__L_Thumb2__": [(1.0, -0.00024408103490713984, 1.0453312881963939e-07, 0.0), (0.0002440810640109703, 0.9999999403953552, -0.00024413598293904215, -2.980232238769531e-07), (-4.494415861699963e-08, 0.0002441360120428726, 1.0, 1.615285873413086e-05), (0.0, 0.0, 0.0, 1.0)],
            "b__L_Index0__": [(0.9360437989234924, -0.3423035144805908, -0.08154910802841187, -8.940696716308594e-08), (0.34098076820373535, 0.9395893216133118, -0.030065366998314857, 2.2292137145996094e-05), (0.08691413700580597, 0.0003358300309628248, 0.9962158799171448, -1.2665987014770508e-07), (0.0, 0.0, 0.0, 1.0)],
            "b__L_Index1__": [(0.939675509929657, -0.34206685423851013, 0.00027865287847816944, -1.1920928955078125e-07), (0.3420669138431549, 0.939675509929657, -0.0001951175945578143, 8.344650268554688e-07), (-0.00019509998674038798, 0.00027866510208696127, 1.0, 2.1509826183319092e-05), (0.0, 0.0, 0.0, 1.0)],
            "b__L_Index2__": [(0.939675509929657, -0.34206676483154297, 0.0002785210672300309, 8.940696716308594e-08), (0.34206682443618774, 0.939675509929657, -0.00019502370560076088, 1.2636184692382812e-05), (-0.00019500826601870358, 0.00027853177743963897, 1.0, -1.601874828338623e-07), (0.0, 0.0, 0.0, 1.0)],
            "b__L_Mid0__": [(0.9390354156494141, -0.3422468900680542, -0.03285600244998932, 7.450580596923828e-07), (0.34203433990478516, 0.9396100640296936, -0.01206049695611, 2.491474151611328e-05), (0.03499949350953102, 8.735218580113724e-05, 0.9993874430656433, -7.264316082000732e-08), (0.0, 0.0, 0.0, 1.0)],
            "b__L_Mid1__": [(0.9396719336509705, -0.34207719564437866, 0.00019943324150517583, -8.940696716308594e-08), (0.34207725524902344, 0.9396718144416809, -0.00013969533029012382, 2.276897430419922e-05), (-0.0001396152365487069, 0.00019948932458646595, 1.0, -4.284083843231201e-08), (0.0, 0.0, 0.0, 1.0)],
            "b__L_Mid2__": [(0.9396719336509705, -0.3420772850513458, 0.0001996564824366942, 5.960464477539063e-08), (0.3420773446559906, 0.9396718144416809, -0.0001397903834003955, 1.430511474609375e-05), (-0.00013979246432427317, 0.0001996550417970866, 1.0, 0.0), (0.0, 0.0, 0.0, 1.0)],
            "b__L_Ring0__": [(0.9391266703605652, -0.34197017550468445, 0.03312753885984421, 5.960464477539063e-08), (0.34177061915397644, 0.9397106766700745, 0.011686968617141247, 1.3113021850585938e-06), (-0.03512689843773842, 0.0003464754845481366, 0.9993827939033508, 1.607462763786316e-05), (0.0, 0.0, 0.0, 1.0)],
            "b__L_Ring1__": [(0.9396599531173706, -0.3421097993850708, 0.0002785632386803627, -2.9802322387695312e-08), (0.34210988879203796, 0.9396598935127258, -0.00019502983195707202, -4.76837158203125e-07), (-0.0001950331061379984, 0.00027856091037392616, 0.9999999403953552, 2.144835889339447e-05), (0.0, 0.0, 0.0, 1.0)],
            "b__L_Ring2__": [(0.9396599531173706, -0.3421097993850708, 0.00027856792439706624, 2.9802322387695312e-08), (0.34210988879203796, 0.9396598935127258, -0.00019503476505633444, 1.2993812561035156e-05), (-0.00019503584189806134, 0.0002785671385936439, 0.9999999403953552, -1.862645149230957e-09), (0.0, 0.0, 0.0, 1.0)],
            "b__L_Ring_slot": [(1.0, 0.0, 0.0, 0.0), (0.0, 1.0, 0.0, 0.0), (0.0, 0.0, 1.0, 0.0), (0.0, 0.0, 0.0, 1.0)],
            "b__L_Pinky0__": [(0.9360948801040649, -0.34208229184150696, 0.08189105987548828, 3.8743019104003906e-07), (0.34077343344688416, 0.9396700263023376, 0.029895706102252007, 2.7418136596679688e-05), (-0.08717736601829529, -7.891942368587479e-05, 0.9961928129196167, 8.726492524147034e-06), (0.0, 0.0, 0.0, 1.0)],
            "b__L_Pinky1__": [(0.9397110939025879, -0.34196925163269043, 0.0002788222918752581, -2.9802322387695312e-08), (0.3419692814350128, 0.9397110939025879, -0.00019524231902323663, 1.8358230590820312e-05), (-0.0001952455349965021, 0.0002788200508803129, 0.9999999403953552, -1.825392246246338e-07), (0.0, 0.0, 0.0, 1.0)],
            "b__L_Pinky2__": [(0.9397263526916504, -0.34192728996276855, 0.0002789611753541976, 2.9802322387695312e-08), (0.34192731976509094, 0.9397264719009399, -0.00019717792747542262, 1.0013580322265625e-05), (-0.00019472667190711945, 0.0002806777774821967, 0.9999999403953552, -1.0058283805847168e-07), (0.0, 0.0, 0.0, 1.0)],
            "b__L_ForearmTarget_slot": [(1.0, 0.0, 0.0, 0.0), (0.0, 1.0, 0.0, 0.0), (0.0, 0.0, 1.0, 0.0), (0.0, 0.0, 0.0, 1.0)],
            "b__L_Elbow__": [(1.0, 0.0, 0.0, 0.0), (0.0, 1.0, 0.0, 0.0), (0.0, 0.0, 1.0, 0.0), (0.0, 0.0, 0.0, 1.0)],
            "b__L_ShoulderTwist__": [(1.0, -0.00012025426258333027, 9.383136057294905e-05, 0.0), (0.0001202523271786049, 1.0, 2.06558561330894e-05, 1.1175870895385742e-08), (-9.383385622641072e-05, -2.0644572941819206e-05, 0.9999999403953552, 0.0), (0.0, 0.0, 0.0, 1.0)],
            "b__L_outShortSleeve_slot": [(1.0, 0.0, 0.0, 0.0), (0.0, 1.0, 0.0, 0.0), (0.0, 0.0, 1.0, 0.0), (0.0, 0.0, 0.0, 1.0)],
            "b__L_ShoulderTarget_slot": [(1.0, 0.0, 0.0, 0.0), (0.0, 1.0, 0.0, 0.0), (0.0, 0.0, 1.0, 0.0), (0.0, 0.0, 0.0, 1.0)],
            "b__R_ArmExportPole__": [(1.0, 0.0, 0.0, 0.0), (0.0, 1.0, 0.0, 0.0), (0.0, 0.0, 1.0, 0.0), (0.0, 0.0, 0.0, 1.0)],
            "b__L_ArmExportPole__": [(1.0, 0.0, 0.0, 0.0), (0.0, 1.0, 0.0, 0.0), (0.0, 0.0, 1.0, 0.0), (0.0, 0.0, 0.0, 1.0)],
            "b__R_HandDangle_slot": [(1.0, 0.0, 0.0, 0.0), (0.0, 1.0, 0.0, 0.0), (0.0, 0.0, 1.0, 0.0), (0.0, 0.0, 0.0, 1.0)],
            "b__L_HandDangle_slot": [(1.0, 0.0, 0.0, 0.0), (0.0, 1.0, 0.0, 0.0), (0.0, 0.0, 1.0, 0.0), (0.0, 0.0, 0.0, 1.0)],
            "b__CAS_L_Breast__": [(1.0, 0.0, 0.0, 0.0), (0.0, 1.0, 0.0, 0.0), (0.0, 0.0, 1.0, 0.0), (0.0, 0.0, 0.0, 1.0)],
            "b__L_breastTarget_slot": [(1.0, 0.0, 0.0, 0.0), (0.0, 1.0, 0.0, 0.0), (0.0, 0.0, 1.0, 0.0), (0.0, 0.0, 0.0, 1.0)],
            "b__L_frontTorsoTarget_slot": [(1.0, 0.0, 0.0, 0.0), (0.0, 1.0, 0.0, 0.0), (0.0, 0.0, 1.0, 0.0), (0.0, 0.0, 0.0, 1.0)],
            "b__L_sideBackTorsoTarget_slot": [(1.0, 0.0, 0.0, 0.0), (0.0, 1.0, 0.0, 0.0), (0.0, 0.0, 1.0, 0.0), (0.0, 0.0, 0.0, 1.0)],
            "b__CAS_R_Breast__": [(1.0, 0.0, 0.0, 0.0), (0.0, 1.0, 0.0, 0.0), (0.0, 0.0, 1.0, 0.0), (0.0, 0.0, 0.0, 1.0)],
            "b__R_breastTarget_slot": [(1.0, 0.0, 0.0, 0.0), (0.0, 1.0, 0.0, 0.0), (0.0, 0.0, 1.0, 0.0), (0.0, 0.0, 0.0, 1.0)],
            "b__R_frontTorsoTarget_slot": [(1.0, 0.0, 0.0, 0.0), (0.0, 1.0, 0.0, 0.0), (0.0, 0.0, 1.0, 0.0), (0.0, 0.0, 0.0, 1.0)],
            "b__R_sideBackTorsoTarget_slot": [(1.0, 0.0, 0.0, 0.0), (0.0, 1.0, 0.0, 0.0), (0.0, 0.0, 1.0, 0.0), (0.0, 0.0, 0.0, 1.0)],
            "b__R_BackTarget_slot": [(1.0, 0.0, 0.0, 0.0), (0.0, 1.0, 0.0, 0.0), (0.0, 0.0, 1.0, 0.0), (0.0, 0.0, 0.0, 1.0)],
            "b__L_BackTarget_slot": [(1.0, 0.0, 0.0, 0.0), (0.0, 1.0, 0.0, 0.0), (0.0, 0.0, 1.0, 0.0), (0.0, 0.0, 0.0, 1.0)],
            "b__Carry__": [(1.0, 0.0, 0.0, 0.0), (0.0, 1.0, 0.0, 0.0), (0.0, 0.0, 1.0, 0.0), (0.0, 0.0, 0.0, 1.0)],
            "b__R_carry_slot": [(1.0, 0.0, 0.0, 0.0), (0.0, 1.0, 0.0, 0.0), (0.0, 0.0, 1.0, 0.0), (0.0, 0.0, 0.0, 1.0)],
            "b__L_carry_slot": [(1.0, 0.0, 0.0, 0.0), (0.0, 1.0, 0.0, 0.0), (0.0, 0.0, 1.0, 0.0), (0.0, 0.0, 0.0, 1.0)],
            "b__L_backBellyTarget_slot": [(1.0, 0.0, 0.0, 0.0), (0.0, 1.0, 0.0, 0.0), (0.0, 0.0, 1.0, 0.0), (0.0, 0.0, 0.0, 1.0)],
            "b__L_BellyTarget_slot": [(1.0, 0.0, 0.0, 0.0), (0.0, 1.0, 0.0, 0.0), (0.0, 0.0, 1.0, 0.0), (0.0, 0.0, 0.0, 1.0)],
            "b__L_frontBellyTarget_slot": [(1.0, 0.0, 0.0, 0.0), (0.0, 1.0, 0.0, 0.0), (0.0, 0.0, 1.0, 0.0), (0.0, 0.0, 0.0, 1.0)],
            "b__R_backBellyTarget_slot": [(1.0, 0.0, 0.0, 0.0), (0.0, 1.0, 0.0, 0.0), (0.0, 0.0, 1.0, 0.0), (0.0, 0.0, 0.0, 1.0)],
            "b__R_BellyTarget_slot": [(1.0, 0.0, 0.0, 0.0), (0.0, 1.0, 0.0, 0.0), (0.0, 0.0, 1.0, 0.0), (0.0, 0.0, 0.0, 1.0)],
            "b__R_frontBellyTarget_slot": [(1.0, 0.0, 0.0, 0.0), (0.0, 1.0, 0.0, 0.0), (0.0, 0.0, 1.0, 0.0), (0.0, 0.0, 0.0, 1.0)],
            "b__L_lowBackTarget_slot": [(1.0, 0.0, 0.0, 0.0), (0.0, 1.0, 0.0, 0.0), (0.0, 0.0, 1.0, 0.0), (0.0, 0.0, 0.0, 1.0)],
            "b__R_lowBackTarget_slot": [(1.0, 0.0, 0.0, 0.0), (0.0, 1.0, 0.0, 0.0), (0.0, 0.0, 1.0, 0.0), (0.0, 0.0, 0.0, 1.0)],
            "b__Pelvis__": [(0.9615272879600525, -0.2747094929218292, -3.325646684970707e-05, 2.384185791015625e-07), (0.2747094929218292, 0.9615272283554077, 0.00023940116807352751, 5.426620555226691e-05), (-3.378877227078192e-05, -0.0002393266186118126, 1.0, 1.9359109870720204e-08), (0.0, 0.0, 0.0, 1.0)],
            "b__L_Thigh__": [(0.97724449634552, 0.2049286663532257, 0.0547475591301918, 1.1920928955078125e-07), (-0.20556259155273438, 0.9786246418952942, 0.006150137633085251, 7.363036274909973e-06), (-0.05231696739792824, -0.017264241352677345, 0.9984812140464783, -7.450580596923828e-09), (0.0, 0.0, 0.0, 1.0)],
            "b__L_Calf__": [(0.971543550491333, 0.23468922078609467, -0.03200216591358185, 0.0), (-0.23286619782447815, 0.9711090922355652, 0.05215849727392197, 1.1278316378593445e-06), (0.04331862926483154, -0.04322202876210213, 0.9981259107589722, 0.00024578720331192017), (0.0, 0.0, 0.0, 1.0)],
            "b__L_Foot__": [(0.9679079055786133, -0.20952153205871582, -0.1387622356414795, 5.759298801422119e-06), (0.20840616524219513, 0.9777792692184448, -0.02268497832119465, 4.693865776062012e-06), (0.14043183624744415, -0.006961936596781015, 0.99006587266922, 0.00020128488540649414), (0.0, 0.0, 0.0, 1.0)],
            "b__L_Toe__": [(0.9878246784210205, 0.12610967457294464, 0.09109781682491302, 5.389750003814697e-05), (-0.1267549693584442, 0.9919331669807434, 0.0013097729533910751, 5.6616030633449554e-05), (-0.09019777923822403, -0.012840927578508854, 0.9958410263061523, 7.806718349456787e-05), (0.0, 0.0, 0.0, 1.0)],
            "b__L_frontCalfTarget_slot": [(1.0, 0.0, 0.0, 0.0), (0.0, 1.0, 0.0, 0.0), (0.0, 0.0, 1.0, 0.0), (0.0, 0.0, 0.0, 1.0)],
            "b__L_inCalfTarget_slot": [(1.0, 0.0, 0.0, 0.0), (0.0, 1.0, 0.0, 0.0), (0.0, 0.0, 1.0, 0.0), (0.0, 0.0, 0.0, 1.0)],
            "b__L_KneeTarget_slot": [(1.0, 0.0, 0.0, 0.0), (0.0, 1.0, 0.0, 0.0), (0.0, 0.0, 1.0, 0.0), (0.0, 0.0, 0.0, 1.0)],
            "b__L_Skirt__": [(1.0, 0.0, 0.0, 0.0), (0.0, 1.0, 0.0, 0.0), (0.0, 0.0, 1.0, 0.0), (0.0, 0.0, 0.0, 1.0)],
            "b__L_ThighTwist__": [(1.0, 0.0, 0.0, 0.0), (0.0, 1.0, 0.0, 0.0), (0.0, 0.0, 1.0, 0.0), (0.0, 0.0, 0.0, 1.0)],
            "b__L_LegExportPole__": [(1.0, 0.0, 0.0, 0.0), (0.0, 1.0, 0.0, 0.0), (0.0, 0.0, 1.0, 0.0), (0.0, 0.0, 0.0, 1.0)],
            "b__L_outThighTarget_slot": [(1.0, 0.0, 0.0, 0.0), (0.0, 1.0, 0.0, 0.0), (0.0, 0.0, 1.0, 0.0), (0.0, 0.0, 0.0, 1.0)],
            "b__L_ThighFrontTarget_slot": [(1.0, 0.0, 0.0, 0.0), (0.0, 1.0, 0.0, 0.0), (0.0, 0.0, 1.0, 0.0), (0.0, 0.0, 0.0, 1.0)],
            "b__R_Thigh__": [(0.9982772469520569, -0.048139266669750214, -0.03354143723845482, -1.0728836059570312e-06), (0.04868757352232933, 0.9986902475357056, 0.015726430341601372, 7.450580596923828e-09), (0.03274044021964073, -0.01733238995075226, 0.9993135929107666, -2.8133392333984375e-05), (0.0, 0.0, 0.0, 1.0)],
            "b__R_Calf__": [(0.9795688390731812, 0.2002362608909607, 0.018717853352427483, -1.6629695892333984e-05), (-0.20105093717575073, 0.9727929830551147, 0.11511785537004471, 0.00020933523774147034), (0.004842172842472792, -0.11652909219264984, 0.9931753873825073, 5.230307579040527e-06), (0.0, 0.0, 0.0, 1.0)],
            "b__R_Foot__": [(0.9707555770874023, -0.12115821242332458, -0.20725415647029877, -4.954636096954346e-06), (0.09734928607940674, 0.9878076910972595, -0.12148686498403549, -4.231929779052734e-06), (0.21944639086723328, 0.09775801002979279, 0.9707145094871521, 0.0002005845308303833), (0.0, 0.0, 0.0, 1.0)],
            "b__R_Toe__": [(0.9700275659561157, -0.23954103887081146, 0.040824469178915024, -2.3096799850463867e-07), (0.23945540189743042, 0.9708817601203918, 0.007047127932310104, -1.695007085800171e-07), (-0.04132381081581116, 0.0029397315811365843, 0.9991414546966553, 7.802248001098633e-05), (0.0, 0.0, 0.0, 1.0)],
            "b__R_frontCalfTarget_slot": [(1.0, 0.0, 0.0, 0.0), (0.0, 1.0, 0.0, 0.0), (0.0, 0.0, 1.0, 0.0), (0.0, 0.0, 0.0, 1.0)],
            "b__R_inCalfTarget_slot": [(1.0, 0.0, 0.0, 0.0), (0.0, 1.0, 0.0, 0.0), (0.0, 0.0, 1.0, 0.0), (0.0, 0.0, 0.0, 1.0)],
            "b__R_KneeTarget_slot": [(1.0, 0.0, 0.0, 0.0), (0.0, 1.0, 0.0, 0.0), (0.0, 0.0, 1.0, 0.0), (0.0, 0.0, 0.0, 1.0)],
            "b__R_Skirt__": [(1.0, 0.0, 0.0, 0.0), (0.0, 1.0, 0.0, 0.0), (0.0, 0.0, 1.0, 0.0), (0.0, 0.0, 0.0, 1.0)],
            "b__R_ThighTwist__": [(1.0, 0.0, 0.0, 0.0), (0.0, 1.0, 0.0, 0.0), (0.0, 0.0, 1.0, 0.0), (0.0, 0.0, 0.0, 1.0)],
            "b__R_LegExportPole__": [(1.0, 0.0, 0.0, 0.0), (0.0, 1.0, 0.0, 0.0), (0.0, 0.0, 1.0, 0.0), (0.0, 0.0, 0.0, 1.0)],
            "b__R_outThighTarget_slot": [(1.0, 0.0, 0.0, 0.0), (0.0, 1.0, 0.0, 0.0), (0.0, 0.0, 1.0, 0.0), (0.0, 0.0, 0.0, 1.0)],
            "b__R_ThighFrontTarget_slot": [(1.0, 0.0, 0.0, 0.0), (0.0, 1.0, 0.0, 0.0), (0.0, 0.0, 1.0, 0.0), (0.0, 0.0, 0.0, 1.0)],
            "b__L_ThighTarget_slot": [(1.0, 0.0, 0.0, 0.0), (0.0, 1.0, 0.0, 0.0), (0.0, 0.0, 1.0, 0.0), (0.0, 0.0, 0.0, 1.0)],
            "b__R_ThighTarget_slot": [(1.0, 0.0, 0.0, 0.0), (0.0, 1.0, 0.0, 0.0), (0.0, 0.0, 1.0, 0.0), (0.0, 0.0, 0.0, 1.0)],
            "b__R_Prop__": [(1.0, 0.0, 0.0, 0.0), (0.0, 1.0, 0.0, 0.0), (0.0, 0.0, 1.0, 0.0), (0.0, 0.0, 0.0, 1.0)],
            "b__L_Prop__": [(1.0, 0.0, 0.0, 0.0), (0.0, 1.0, 0.0, 0.0), (0.0, 0.0, 1.0, 0.0), (0.0, 0.0, 0.0, 1.0)],
            },
        },
    "ref": {
        "pose_matrix": {
            "b__ROOT__": [(1.0, 0.0, 0.0, 0.0), (0.0, 1.0, 0.0, 0.0), (0.0, 0.0, 1.0, 0.0), (0.0, 0.0, 0.0, 1.0)],
            "b__ROOT_bind__": [(1.0, 0.0, 0.0, 0.0), (0.0, 1.0, 0.0, 0.0), (0.0, 0.0, 1.0, 0.0), (0.0, 0.0, 0.0, 1.0)],
            "b__Spine0__": [(1.0, 0.0, 0.0, 0.0), (0.0, 1.0, 0.0, 0.0), (0.0, 0.0, 1.0, 0.0), (0.0, 0.0, 0.0, 1.0)],
            "b__Spine1__": [(1.0, 0.0, 0.0, 0.0), (0.0, 1.0, 0.0, 0.0), (0.0, 0.0, 1.0, 0.0), (0.0, 0.0, 0.0, 1.0)],
            "b__Spine2__": [(1.0, 0.0, 0.0, 0.0), (0.0, 1.0, 0.0, 0.0), (0.0, 0.0, 1.0, 0.0), (0.0, 0.0, 0.0, 1.0)],
            "b__Neck__": [(1.0, 0.0, 0.0, 0.0), (0.0, 1.0, 0.0, 0.0), (0.0, 0.0, 1.0, 0.0), (0.0, 0.0, 0.0, 1.0)],
            "b__Head__": [(1.0, 0.0, 0.0, 0.0), (0.0, 1.0, 0.0, 0.0), (0.0, 0.0, 1.0, 0.0), (0.0, 0.0, 0.0, 1.0)],
            "b__CAS_Glasses__": [(1.0, 0.0, 0.0, 0.0), (0.0, 1.0, 0.0, 0.0), (0.0, 0.0, 1.0, 0.0), (0.0, 0.0, 0.0, 1.0)],
            "b__L_Cheek__": [(1.0, 0.0, 0.0, 0.0), (0.0, 1.0, 0.0, 0.0), (0.0, 0.0, 1.0, 0.0), (0.0, 0.0, 0.0, 1.0)],
            "b__L_Squint__": [(1.0, 0.0, 0.0, 0.0), (0.0, 1.0, 0.0, 0.0), (0.0, 0.0, 1.0, 0.0), (0.0, 0.0, 0.0, 1.0)],
            "b__CAS_L_EyeArea__": [(1.0, 0.0, 0.0, 0.0), (0.0, 1.0, 0.0, 0.0), (0.0, 0.0, 1.0, 0.0), (0.0, 0.0, 0.0, 1.0)],
            "b__L_InBrow__": [(1.0, 0.0, 0.0, 0.0), (0.0, 1.0, 0.0, 0.0), (0.0, 0.0, 1.0, 0.0), (0.0, 0.0, 0.0, 1.0)],
            "b__L_MidBrow__": [(1.0, 0.0, 0.0, 0.0), (0.0, 1.0, 0.0, 0.0), (0.0, 0.0, 1.0, 0.0), (0.0, 0.0, 0.0, 1.0)],
            "b__L_OutBrow__": [(1.0, 0.0, 0.0, 0.0), (0.0, 1.0, 0.0, 0.0), (0.0, 0.0, 1.0, 0.0), (0.0, 0.0, 0.0, 1.0)],
            "b__CAS_L_EyeScale__": [(1.0, 0.0, 0.0, 0.0), (0.0, 1.0, 0.0, 0.0), (0.0, 0.0, 1.0, 0.0), (0.0, 0.0, 0.0, 1.0)],
            "b__L_LoLid__": [(1.0, 0.0, 0.0, 0.0), (0.0, 1.0, 0.0, 0.0), (0.0, 0.0, 1.0, 0.0), (0.0, 0.0, 0.0, 1.0)],
            "b__L_UpLid__": [(1.0, 0.0, 0.0, 0.0), (0.0, 1.0, 0.0, 0.0), (0.0, 0.0, 1.0, 0.0), (0.0, 0.0, 0.0, 1.0)],
            "b__L_Eye__": [(1.0, 0.0, 0.0, 0.0), (0.0, 1.0, 0.0, 0.0), (0.0, 0.0, 1.0, 0.0), (0.0, 0.0, 0.0, 1.0)],
            "b__R_Cheek__": [(1.0, 0.0, 0.0, 0.0), (0.0, 1.0, 0.0, 0.0), (0.0, 0.0, 1.0, 0.0), (0.0, 0.0, 0.0, 1.0)],
            "b__R_Squint__": [(1.0, 0.0, 0.0, 0.0), (0.0, 1.0, 0.0, 0.0), (0.0, 0.0, 1.0, 0.0), (0.0, 0.0, 0.0, 1.0)],
            "b__CAS_R_EyeArea__": [(1.0, 0.0, 0.0, 0.0), (0.0, 1.0, 0.0, 0.0), (0.0, 0.0, 1.0, 0.0), (0.0, 0.0, 0.0, 1.0)],
            "b__R_InBrow__": [(1.0, 0.0, 0.0, 0.0), (0.0, 1.0, 0.0, 0.0), (0.0, 0.0, 1.0, 0.0), (0.0, 0.0, 0.0, 1.0)],
            "b__R_MidBrow__": [(1.0, 0.0, 0.0, 0.0), (0.0, 1.0, 0.0, 0.0), (0.0, 0.0, 1.0, 0.0), (0.0, 0.0, 0.0, 1.0)],
            "b__R_OutBrow__": [(1.0, 0.0, 0.0, 0.0), (0.0, 1.0, 0.0, 0.0), (0.0, 0.0, 1.0, 0.0), (0.0, 0.0, 0.0, 1.0)],
            "b__CAS_R_EyeScale__": [(1.0, 0.0, 0.0, 0.0), (0.0, 1.0, 0.0, 0.0), (0.0, 0.0, 1.0, 0.0), (0.0, 0.0, 0.0, 1.0)],
            "b__R_LoLid__": [(1.0, 0.0, 0.0, 0.0), (0.0, 1.0, 0.0, 0.0), (0.0, 0.0, 1.0, 0.0), (0.0, 0.0, 0.0, 1.0)],
            "b__R_UpLid__": [(1.0, 0.0, 0.0, 0.0), (0.0, 1.0, 0.0, 0.0), (0.0, 0.0, 1.0, 0.0), (0.0, 0.0, 0.0, 1.0)],
