# Pose library auto-generated by Bento Buddy 

poses = {
    "Starting Pose - converted": {
        "pose_matrix": {
            "mPelvis": [(1.0, 0.0, 0.0, 0.0), (0.0, 1.0, 0.0, 0.0), (0.0, 0.0, 1.0, 0.0), (0.0, 0.0, 0.0, 1.0)],
            "mHipLeft": [(1.0, -3.725290298461914e-09, -5.587935447692871e-09, -1.4901161193847656e-08), (3.725290298461914e-09, 1.0, -1.0408340855860843e-17, 1.7881393432617188e-07), (5.587935447692871e-09, -1.0408340855860843e-17, 1.0, 7.450580596923828e-09), (0.0, 0.0, 0.0, 1.0)],
            "mKneeLeft": [(1.0000001192092896, -1.951563703678755e-18, -2.0954757928848267e-09, 0.0), (-1.951563703678755e-18, 1.0000001192092896, -1.862645149230957e-09, 0.0), (2.0954757928848267e-09, 1.862645149230957e-09, 1.0000001192092896, -3.725290298461914e-09), (0.0, 0.0, 0.0, 1.0)],
            "mAnkleLeft": [(1.0, 3.725290298461914e-09, 3.3178366720676422e-09, 0.0), (-3.725290298461914e-09, 1.0, 9.313225746154785e-10, 0.0), (-3.3178366720676422e-09, -9.313225746154785e-10, 1.0, -3.725290298461914e-09), (0.0, 0.0, 0.0, 1.0)],
            "mHipRight": [(1.0, 3.725290298461914e-09, 1.0244549208948683e-08, 0.0), (-3.7252898543727042e-09, 1.0000001192092896, -1.9081958235744878e-17, 0.0), (-1.0244548320770264e-08, -1.9081958235744878e-17, 1.0000001192092896, 0.0), (0.0, 0.0, 0.0, 1.0)],
            "mKneeRight": [(0.9999999403953552, -6.505214585876675e-19, 6.984920419839113e-10, -1.4901161193847656e-08), (-6.505214585876675e-19, 0.9999999403953552, 1.862645371275562e-09, 0.0), (-6.984919864727601e-10, -1.862645149230957e-09, 1.0, 0.0), (0.0, 0.0, 0.0, 1.0)],
            "mAnkleRight": [(1.0, 0.0, 2.270098553580624e-09, 0.0), (0.0, 0.9999999403953552, 0.0, 7.450580596923828e-09), (-2.270098775625229e-09, 0.0, 0.9999999403953552, -1.862645149230957e-09), (0.0, 0.0, 0.0, 1.0)],
            "mTorso": [(1.0, 0.0, 0.0, 0.0), (0.0, 1.0000001192092896, 0.0, 0.0), (0.0, 0.0, 1.0000001192092896, -7.450580596923828e-09), (0.0, 0.0, 0.0, 1.0)],
            "mChest": [(1.0, 0.0, 0.0, 0.0), (0.0, 1.0, 0.0, 0.0), (0.0, 0.0, 1.0, 0.0), (0.0, 0.0, 0.0, 1.0)],
            "mCollarLeft": [(1.0, -6.83940015733242e-10, 9.313225746154785e-10, 1.862645149230957e-09), (6.83940015733242e-10, 1.0, -1.862645149230957e-09, -3.725290298461914e-09), (-9.313225746154785e-10, 1.862645149230957e-09, 1.0, 0.0), (0.0, 0.0, 0.0, 1.0)],
            "mShoulderLeft": [(1.0, -1.862645149230957e-09, 0.0, 0.0), (1.862645149230957e-09, 1.0, 0.0, 0.0), (0.0, 0.0, 1.0, 0.0), (0.0, 0.0, 0.0, 1.0)],
            "mElbowLeft": [(1.0, -2.0372681319713593e-09, 1.862645149230957e-09, -1.4901161193847656e-08), (2.0372681319713593e-09, 1.0, -1.862645149230957e-09, -2.9802322387695312e-08), (-1.862645149230957e-09, 1.862645149230957e-09, 1.0, 1.1920928955078125e-07), (0.0, 0.0, 0.0, 1.0)],
            "mWristLeft": [(1.0, 1.4901161193847656e-08, -1.4901161193847656e-08, 2.9802322387695312e-08), (-1.4901161193847656e-08, 1.0, 1.1102230246251565e-16, -1.1920928955078125e-07), (1.4901161193847656e-08, 1.1102230246251565e-16, 1.0, 2.9802322387695312e-08), (0.0, 0.0, 0.0, 1.0)],
            "mHandThumb1Left": [(1.0, 2.2351741790771484e-08, -4.470348358154297e-08, -1.1920928955078125e-07), (-2.2351741790771484e-08, 1.0, 8.847565347025466e-09, 8.940696716308594e-08), (4.470348358154297e-08, -8.847563570668626e-09, 1.0, -5.960464477539063e-08), (0.0, 0.0, 0.0, 1.0)],
            "mHandThumb2Left": [(1.0, -7.4505797087454084e-09, -2.9802322387695312e-08, -1.1920928955078125e-07), (7.450578820566989e-09, 1.0000001192092896, 5.587936335871291e-09, 0.0), (2.9802322387695312e-08, -5.5879372240497105e-09, 1.0, 0.0), (0.0, 0.0, 0.0, 1.0)],
            "mHandThumb3Left": [(1.0, -7.450580596923828e-09, 1.4901161193847656e-08, -5.960464477539063e-08), (7.450580596923828e-09, 1.0, 1.4901161193847656e-08, -5.960464477539063e-08), (-1.4901161193847656e-08, -1.4901161193847656e-08, 1.0, 1.1920928955078125e-07), (0.0, 0.0, 0.0, 1.0)],
            "mHandIndex1Left": [(1.0, 4.330649971961975e-08, 3.725290298461914e-09, 0.0), (-4.330649971961975e-08, 1.0, 7.450580596923828e-09, 0.0), (-3.725290076417309e-09, -7.450580596923828e-09, 1.0, 0.0), (0.0, 0.0, 0.0, 1.0)],
            "mHandIndex2Left": [(1.0, -2.3283064365386963e-09, 7.450580596923828e-09, 1.4901161193847656e-08), (2.3283064365386963e-09, 1.0, 8.673617379884035e-18, -5.960464477539063e-08), (-7.450580596923828e-09, 8.673617379884035e-18, 1.0, 0.0), (0.0, 0.0, 0.0, 1.0)],
            "mHandIndex3Left": [(1.0000001192092896, -1.4901161193847656e-08, -8.326672684688674e-16, 0.0), (1.4901161193847656e-08, 1.0000001192092896, -7.450580596923828e-09, -5.960464477539063e-08), (9.436896768105015e-16, 7.450581485102248e-09, 1.0, 5.960464477539063e-08), (0.0, 0.0, 0.0, 1.0)],
            "mHandMiddle1Left": [(1.0, 3.168679540976882e-09, 4.656612873077393e-10, 7.450580596923828e-09), (-3.168679540976882e-09, 1.0, -4.656612873077393e-10, -5.960464477539063e-08), (-4.656612873077393e-10, 4.656612873077393e-10, 1.0, 0.0), (0.0, 0.0, 0.0, 1.0)],
            "mHandMiddle2Left": [(0.9999999403953552, -1.862645149230957e-09, 7.450580596923828e-09, -1.4901161193847656e-08), (1.862645149230957e-09, 0.9999999403953552, 6.938894731087841e-18, -5.960464477539063e-08), (-7.450580596923828e-09, 6.938894731087841e-18, 0.9999999403953552, 0.0), (0.0, 0.0, 0.0, 1.0)],
            "mHandMiddle3Left": [(0.9999999403953552, -4.470348358154297e-08, -1.4901166522918174e-08, 1.1920928955078125e-07), (4.470348713425665e-08, 0.9999998807907104, 5.960464477539063e-08, 1.7881393432617188e-07), (1.4901161193847656e-08, -5.960463766996327e-08, 1.0, 1.1920928955078125e-07), (0.0, 0.0, 0.0, 1.0)],
            "mHandRing1Left": [(0.9999998807907104, 1.0128132998943329e-08, -1.862645371275562e-09, -1.4901161193847656e-08), (-1.0128132998943329e-08, 0.9999998807907104, 1.862645149230957e-09, 0.0), (1.862645149230957e-09, -1.8626449271863521e-09, 1.0, 1.1920928955078125e-07), (0.0, 0.0, 0.0, 1.0)],
            "mHandRing2Left": [(0.9999999403953552, -6.519258910486769e-09, 2.3418766925686896e-16, 0.0), (6.5192584663975595e-09, 1.0, -3.725290298461914e-09, -5.960464477539063e-08), (-2.0990152735830386e-16, 3.725290298461914e-09, 1.0, 0.0), (0.0, 0.0, 0.0, 1.0)],
            "mHandRing3Left": [(1.0, 4.470348358154297e-08, 1.4901161193847656e-08, -1.1920928955078125e-07), (-4.470348358154297e-08, 1.0, -3.3306690738754696e-16, -1.1920928955078125e-07), (-1.4901161193847656e-08, -3.3306690738754696e-16, 1.0, -1.1920928955078125e-07), (0.0, 0.0, 0.0, 1.0)],
            "mHandPinky1Left": [(0.9999998807907104, 2.9191143724460744e-08, -1.1102230246251565e-16, 0.0), (-2.9191140171747065e-08, 1.0, 1.6204339939019232e-24, -5.960464477539063e-08), (1.1102228922762585e-16, 1.6204339939019232e-24, 1.0, 0.0), (0.0, 0.0, 0.0, 1.0)],
            "mHandPinky2Left": [(1.0, 1.4028046280145645e-08, 9.313224080820248e-10, 0.0), (-1.4028046280145645e-08, 1.0, -1.8626450382086546e-09, 5.960464477539063e-08), (-9.313224635931761e-10, 1.862645149230957e-09, 0.9999999403953552, 1.1920928955078125e-07), (0.0, 0.0, 0.0, 1.0)],
            "mHandPinky3Left": [(0.9999999403953552, 1.4901162970204496e-08, 1.4901161193847656e-08, -1.1920928955078125e-07), (-1.4901161193847656e-08, 1.0, -1.1102231569740545e-16, -5.960464477539063e-08), (-1.4901161193847656e-08, -1.1102232893229526e-16, 0.9999998807907104, 0.0), (0.0, 0.0, 0.0, 1.0)],
            "mCollarRight": [(1.0, -5.3551048040390015e-09, -5.587935447692871e-09, -7.450580596923828e-09), (5.3551048040390015e-09, 1.0, -1.862645149230957e-09, 1.862645149230957e-09), (5.587935447692871e-09, 1.862645149230957e-09, 1.0, 0.0), (0.0, 0.0, 0.0, 1.0)],
            "mShoulderRight": [(1.0000001192092896, -2.037267854415603e-10, -9.48676642430875e-20, -3.725290298461914e-09), (2.037267854415603e-10, 1.0000001192092896, 9.313225746154785e-10, -1.4901161193847656e-08), (-9.48676642430875e-20, -9.313225746154785e-10, 1.0000001192092896, 0.0), (0.0, 0.0, 0.0, 1.0)],
            "mElbowRight": [(1.0, -1.8044374883174896e-09, 0.0, 0.0), (1.8044374883174896e-09, 1.0, 0.0, 0.0), (0.0, 0.0, 1.0, 0.0), (0.0, 0.0, 0.0, 1.0)],
            "mWristRight": [(1.0, 1.4901161193847656e-08, -1.4901161193847656e-08, 1.1920928955078125e-07), (-1.4901161193847656e-08, 1.0, 1.1102230246251565e-16, 0.0), (1.4901161193847656e-08, 1.1102230246251565e-16, 1.0, 0.0), (0.0, 0.0, 0.0, 1.0)],
            "mHandThumb1Right": [(1.0, -1.30385160446167e-08, -3.3393426912553537e-17, 0.0), (1.30385160446167e-08, 1.0, 5.122274160385132e-09, 2.9802322387695312e-08), (-3.3393426912553537e-17, -5.122274160385132e-09, 1.0, 2.9802322387695312e-08), (0.0, 0.0, 0.0, 1.0)],
            "mHandThumb2Right": [(1.0000001192092896, 1.6763806343078613e-08, -1.4901161193847656e-08, -1.1920928955078125e-07), (-1.6763806343078613e-08, 1.0000001192092896, -7.450580596923828e-09, -8.940696716308594e-08), (1.4901161193847656e-08, 7.450580596923828e-09, 1.0000001192092896, 0.0), (0.0, 0.0, 0.0, 1.0)],
            "mHandThumb3Right": [(1.0, 3.725290298461914e-09, -1.4901161193847656e-08, -2.9802322387695312e-08), (-3.7252898543727042e-09, 1.0000001192092896, 1.4901161193847656e-08, -1.4901161193847656e-08), (1.4901161193847656e-08, -1.4901162970204496e-08, 1.0, 0.0), (0.0, 0.0, 0.0, 1.0)],
            "mHandIndex1Right": [(1.0, 3.329478204250336e-08, 3.725290298461914e-09, 5.960464477539063e-08), (-3.329478204250336e-08, 1.0, -3.725290298461914e-09, 5.960464477539063e-08), (-3.725290298461914e-09, 3.725290298461914e-09, 1.0, 0.0), (0.0, 0.0, 0.0, 1.0)],
            "mHandIndex2Right": [(1.0, 1.955777406692505e-08, 7.450580596923828e-09, 7.450580596923828e-08), (-1.955777406692505e-08, 1.0, -7.28583859910259e-17, 0.0), (-7.450580596923828e-09, -7.28583859910259e-17, 1.0, 0.0), (0.0, 0.0, 0.0, 1.0)],
            "mHandIndex3Right": [(1.0, -1.4901161193847656e-08, 1.4901161193847656e-08, -1.1920928955078125e-07), (1.4901161193847656e-08, 1.0, -1.4901161193847656e-08, 5.960464477539063e-08), (-1.4901161193847656e-08, 1.4901161193847656e-08, 1.0, 0.0), (0.0, 0.0, 0.0, 1.0)],
            "mHandMiddle1Right": [(1.0000001192092896, 5.95719099050207e-11, 6.937160133343317e-18, 0.0), (-5.95719099050207e-11, 1.0000001192092896, -5.8207653974573503e-11, 5.960464477539063e-08), (-6.940628501651752e-18, 5.820766091346741e-11, 1.0, 0.0), (0.0, 0.0, 0.0, 1.0)],
            "mHandMiddle2Right": [(1.0, 2.7939677238464355e-09, 7.450580596923828e-09, 3.725290298461914e-08), (-2.7939677238464355e-09, 1.0, -1.0408340855860843e-17, -5.960464477539063e-08), (-7.450580596923828e-09, -1.0408340855860843e-17, 1.0, 0.0), (0.0, 0.0, 0.0, 1.0)],
            "mHandMiddle3Right": [(1.0, 0.0, 0.0, -1.1920928955078125e-07), (0.0, 1.0000001192092896, -1.4901159417490817e-08, -2.9802322387695312e-08), (0.0, 1.4901161193847656e-08, 1.0, 0.0), (0.0, 0.0, 0.0, 1.0)],
            "mHandRing1Right": [(1.0, 1.658918513669505e-08, 1.5449880957918438e-17, 2.9802322387695312e-08), (-1.658918336033821e-08, 1.0000001192092896, 1.862645149230957e-09, 5.960464477539063e-08), (1.5449880957918438e-17, -1.862645371275562e-09, 1.0, 0.0), (0.0, 0.0, 0.0, 1.0)],
            "mHandRing2Right": [(1.0000001192092896, 3.282912075519562e-08, 1.8626448161640496e-09, 0.0), (-3.2829124307909296e-08, 1.0, 3.725290298461914e-09, 5.960464477539063e-08), (-1.8626448161640496e-09, -3.725290298461914e-09, 1.0, -1.1920928955078125e-07), (0.0, 0.0, 0.0, 1.0)],
            "mHandRing3Right": [(1.0, -1.4901161193847656e-08, 7.450580596923828e-09, 0.0), (1.4901161193847656e-08, 1.0, -1.4901161193847656e-08, -5.960464477539063e-08), (-7.450580596923828e-09, 1.4901161193847656e-08, 1.0, 0.0), (0.0, 0.0, 0.0, 1.0)],
            "mHandPinky1Right": [(1.0, -2.786691766232252e-08, -4.6566125955216364e-10, -2.9802322387695312e-08), (2.786691766232252e-08, 1.0, -1.862645149230957e-09, 5.960464477539063e-08), (4.656612873077393e-10, 1.862645149230957e-09, 1.0, 0.0), (0.0, 0.0, 0.0, 1.0)],
            "mHandPinky2Right": [(1.0, 3.3760438888918998e-09, 9.313225746154785e-10, 2.9802322387695312e-08), (-3.37604344480269e-09, 1.0000001192092896, 3.725290076417309e-09, 0.0), (-9.313225746154785e-10, -3.725290298461914e-09, 1.0, 0.0), (0.0, 0.0, 0.0, 1.0)],
            "mHandPinky3Right": [(0.9999999403953552, -2.9802322387695312e-08, -1.4901161193847656e-08, 0.0), (2.9802320611338473e-08, 1.0, -2.220446049250313e-16, -2.9802322387695312e-08), (1.4901160305669237e-08, -2.220446049250313e-16, 1.0, 1.1920928955078125e-07), (0.0, 0.0, 0.0, 1.0)],
            "mNeck": [(1.0, 0.0, 0.0, 0.0), (0.0, 1.0, -2.9802322387695312e-08, 0.0), (0.0, 2.9802322387695312e-08, 1.0, 0.0), (0.0, 0.0, 0.0, 1.0)],
            "mHead": [(1.0, 0.0, 0.0, 0.0), (0.0, 1.0, 0.0, 0.0), (0.0, 0.0, 1.0, 0.0), (0.0, 0.0, 0.0, 1.0)],
            "mFaceTeethUpper": [(1.0, 0.0, 0.0, 0.0), (0.0, 1.0, 0.0, 0.0), (0.0, 0.0, 1.0, 0.0), (0.0, 0.0, 0.0, 1.0)],
            "mFaceJaw": [(1.0, -2.6469779601696886e-23, 0.0, 0.0), (2.6469779601696886e-23, 1.0, 0.0, 0.0), (0.0, 0.0, 1.0, 0.0), (0.0, 0.0, 0.0, 1.0)],
            "mFaceTeethLower": [(1.0, 0.0, -5.329070518200751e-15, 0.0), (0.0, 1.0, 0.0, 1.1920928955078125e-07), (5.329070518200751e-15, 0.0, 1.0, -1.1920928955078125e-07), (0.0, 0.0, 0.0, 1.0)],
            "mFaceTongueBase": [(1.0, -3.427836458419747e-21, -1.3552527156068805e-20, 2.117582368135751e-22), (3.427836458419747e-21, 1.0, -2.322792334464817e-41, -5.960464477539063e-08), (1.3552527156068805e-20, -2.322792334464817e-41, 1.0, 0.0), (0.0, 0.0, 0.0, 1.0)],
            "mFaceTongueTip": [(1.0, 2.0328790734103208e-20, 0.0, 0.0), (-2.0328790734103208e-20, 1.0, 0.0, 0.0), (0.0, 0.0, 1.0, 0.0), (0.0, 0.0, 0.0, 1.0)],
            "mFaceLipCornerLeft": [(1.0, 0.0, 4.998036357537717e-17, 0.0), (0.0, 1.0, 0.0, 0.0), (-4.998036357537717e-17, 0.0, 1.0, 0.0), (0.0, 0.0, 0.0, 1.0)],
            "mFaceLipLowerLeft": [(1.0, 0.0, 6.876648893684858e-17, 0.0), (0.0, 1.0, 0.0, 0.0), (-6.876648893684858e-17, 0.0, 1.0, 0.0), (0.0, 0.0, 0.0, 1.0)],
            "mFaceLipLowerCenter": [(1.0, -1.2705494208814505e-21, -3.552711349459896e-15, 0.0), (1.2705495218556464e-21, 0.9999999403953552, 7.105427357601002e-15, 0.0), (3.5527115612181328e-15, -7.105427357601002e-15, 0.9999999403953552, 7.450580596923828e-09), (0.0, 0.0, 0.0, 1.0)],
            "mFaceLipLowerRight": [(1.0, 0.0, 6.876690583587731e-17, 0.0), (0.0, 1.0, 0.0, 0.0), (-6.876690583587731e-17, 0.0, 1.0, 0.0), (0.0, 0.0, 0.0, 1.0)],
            "mFaceLipCornerRight": [(1.0, 0.0, 4.998036357537717e-17, 0.0), (0.0, 1.0, 0.0, 0.0), (-4.998036357537717e-17, 0.0, 1.0, 0.0), (0.0, 0.0, 0.0, 1.0)],
            "mFaceChin": [(1.0, -1.6940658945086007e-21, 7.7188169028897545e-22, 0.0), (1.6940658945086007e-21, 1.0, 6.544063828396896e-43, 0.0), (-7.7188169028897545e-22, 6.544063828396896e-43, 1.0, 0.0), (0.0, 0.0, 0.0, 1.0)],
            "mFaceCheekLowerLeft": [(1.0, 0.0, 6.228803023166797e-17, 0.0), (0.0, 1.0, 0.0, 0.0), (-6.228803023166797e-17, 0.0, 1.0, 0.0), (0.0, 0.0, 0.0, 1.0)],
            "mFaceCheekLowerRight": [(1.0, 0.0, 6.228803023166797e-17, 0.0), (0.0, 1.0, 0.0, 0.0), (-6.228803023166797e-17, 0.0, 1.0, 0.0), (0.0, 0.0, 0.0, 1.0)],
            "mFaceEyebrowInnerRight": [(1.0, 2.117582368135751e-22, 0.0, 0.0), (-2.117582368135751e-22, 1.0, 0.0, 0.0), (0.0, 0.0, 1.0, 0.0), (0.0, 0.0, 0.0, 1.0)],
            "mFaceEyebrowCenterRight": [(1.0, 0.0, 0.0, 0.0), (0.0, 1.0, 0.0, 0.0), (0.0, 0.0, 1.0, 0.0), (0.0, 0.0, 0.0, 1.0)],
            "mFaceEyebrowOuterRight": [(1.0, 2.117582241918006e-22, -3.552713467042264e-15, 0.0), (-2.117582368135751e-22, 0.9999999403953552, -2.6645354708586125e-15, -7.450580596923828e-09), (3.552713678800501e-15, 2.6645354708586125e-15, 0.9999999403953552, -1.1920928955078125e-07), (0.0, 0.0, 0.0, 1.0)],
            "mFaceEyebrowInnerLeft": [(1.0, 2.117582368135751e-22, 0.0, 0.0), (-2.117582368135751e-22, 1.0, 0.0, 0.0), (0.0, 0.0, 1.0, 0.0), (0.0, 0.0, 0.0, 1.0)],
            "mFaceEyebrowCenterLeft": [(1.0, 0.0, 0.0, 0.0), (0.0, 1.0, 0.0, 0.0), (0.0, 0.0, 1.0, 0.0), (0.0, 0.0, 0.0, 1.0)],
            "mFaceEyebrowOuterLeft": [(1.0, 2.117582241918006e-22, -3.552713467042264e-15, 0.0), (-2.117582368135751e-22, 0.9999999403953552, -2.6645354708586125e-15, -7.450580596923828e-09), (3.552713678800501e-15, 2.6645354708586125e-15, 0.9999999403953552, -1.1920928955078125e-07), (0.0, 0.0, 0.0, 1.0)],
            "mFaceForeheadCenter": [(1.0, 2.117582368135751e-22, -3.552713467042264e-15, 0.0), (-2.1175826205712405e-22, 0.9999999403953552, -3.552713678800501e-15, -7.450580596923828e-09), (3.552713678800501e-15, 3.552713678800501e-15, 0.9999999403953552, -1.1920928955078125e-07), (0.0, 0.0, 0.0, 1.0)],
            "mFaceNoseBridge": [(1.0, 2.117582368135751e-22, 0.0, 0.0), (-2.117582368135751e-22, 1.0, 0.0, 0.0), (0.0, 0.0, 1.0, 0.0), (0.0, 0.0, 0.0, 1.0)],
            "mFaceEyecornerInnerLeft": [(1.0, 2.117582241918006e-22, -3.552713467042264e-15, -3.725290298461914e-09), (-2.117582368135751e-22, 0.9999999403953552, -2.6645354708586125e-15, 0.0), (3.552713678800501e-15, 2.6645354708586125e-15, 0.9999999403953552, -1.1920928955078125e-07), (0.0, 0.0, 0.0, 1.0)],
            "mFaceEyeLidUpperLeft": [(1.0, 2.117582241918006e-22, -3.552713467042264e-15, -3.725290298461914e-09), (-2.117582368135751e-22, 0.9999999403953552, -2.6645354708586125e-15, 0.0), (3.552713678800501e-15, 2.6645354708586125e-15, 0.9999999403953552, -1.1920928955078125e-07), (0.0, 0.0, 0.0, 1.0)],
            "mFaceEyeLidLowerLeft": [(1.0, 2.117582241918006e-22, -3.552713467042264e-15, -3.725290298461914e-09), (-2.117582368135751e-22, 0.9999999403953552, -2.6645354708586125e-15, 0.0), (3.552713678800501e-15, 2.6645354708586125e-15, 0.9999999403953552, -1.1920928955078125e-07), (0.0, 0.0, 0.0, 1.0)],
            "mFaceEyecornerInnerRight": [(1.0, 2.117582241918006e-22, -3.552713467042264e-15, 3.725290298461914e-09), (-2.117582368135751e-22, 0.9999999403953552, -2.6645354708586125e-15, 0.0), (3.552713678800501e-15, 2.6645354708586125e-15, 0.9999999403953552, -1.1920928955078125e-07), (0.0, 0.0, 0.0, 1.0)],
            "mFaceEyeLidUpperRight": [(1.0, 2.117582241918006e-22, -3.552713467042264e-15, 3.725290298461914e-09), (-2.117582368135751e-22, 0.9999999403953552, -2.6645354708586125e-15, 0.0), (3.552713678800501e-15, 2.6645354708586125e-15, 0.9999999403953552, -1.1920928955078125e-07), (0.0, 0.0, 0.0, 1.0)],
            "mFaceEyeLidLowerRight": [(1.0, 2.117582241918006e-22, -3.552713467042264e-15, 3.725290298461914e-09), (-2.117582368135751e-22, 0.9999999403953552, -2.6645354708586125e-15, 0.0), (3.552713678800501e-15, 2.6645354708586125e-15, 0.9999999403953552, -1.1920928955078125e-07), (0.0, 0.0, 0.0, 1.0)],
            "mFaceCheekUpperLeft": [(1.0, 0.0, 0.0, 0.0), (0.0, 1.0, 0.0, 0.0), (0.0, 0.0, 1.0, 0.0), (0.0, 0.0, 0.0, 1.0)],
            "mFaceCheekUpperRight": [(1.0, 0.0, 0.0, 0.0), (0.0, 1.0, 0.0, 0.0), (0.0, 0.0, 1.0, 0.0), (0.0, 0.0, 0.0, 1.0)],
            "mFaceNoseCenter": [(1.0, 1.3234888538670994e-22, -3.552713467042264e-15, 1.4210854715202004e-14), (-1.3234889800848443e-22, 0.9999999403953552, 2.3509884774368207e-37, -7.450580596923828e-09), (3.552713678800501e-15, 2.3509884774368207e-37, 0.9999999403953552, -1.1920928955078125e-07), (0.0, 0.0, 0.0, 1.0)],
            "mFaceNoseLeft": [(1.0, 1.3234889800848443e-23, 0.0, 0.0), (-1.3234889800848443e-23, 1.0, 0.0, 0.0), (0.0, 0.0, 1.0, 0.0), (0.0, 0.0, 0.0, 1.0)],
            "mFaceNoseRight": [(1.0, 1.3234889800848443e-23, 0.0, 0.0), (-1.3234889800848443e-23, 1.0, 0.0, 0.0), (0.0, 0.0, 1.0, 0.0), (0.0, 0.0, 0.0, 1.0)],
            "mFaceLipUpperCenter": [(1.0, 2.0514077929137638e-22, -3.552713467042264e-15, 0.0), (-2.0514079191315086e-22, 0.9999999403953552, 3.644032263341337e-37, -7.450580596923828e-09), (3.552713678800501e-15, 3.644032263341337e-37, 0.9999999403953552, -1.1920928955078125e-07), (0.0, 0.0, 0.0, 1.0)],
            "mFaceLipUpperLeft": [(1.0, 4.2186208715849515e-22, -3.552713467042264e-15, 0.0), (-4.218621124020441e-22, 0.9999999403953552, -3.552713678800501e-15, -7.450580596923828e-09), (3.552713678800501e-15, 3.552713678800501e-15, 0.9999999403953552, -1.1920928955078125e-07), (0.0, 0.0, 0.0, 1.0)],
            "mFaceLipUpperRight": [(1.0, 4.2186208715849515e-22, -3.552713467042264e-15, 0.0), (-4.218621124020441e-22, 0.9999999403953552, -3.552713678800501e-15, -7.450580596923828e-09), (3.552713678800501e-15, 3.552713678800501e-15, 0.9999999403953552, -1.1920928955078125e-07), (0.0, 0.0, 0.0, 1.0)],
            "mEyeLeft": [(1.0, 0.0, 0.0, 0.0), (0.0, 1.0, 0.0, 0.0), (0.0, 0.0, 1.0, 0.0), (0.0, 0.0, 0.0, 1.0)],
            "mEyeRight": [(1.0, 0.0, 0.0, 0.0), (0.0, 1.0, 0.0, 0.0), (0.0, 0.0, 1.0, 0.0), (0.0, 0.0, 0.0, 1.0)],
            "mFaceEar2Left": [(1.0, 0.0, 0.0, 0.0), (0.0, 1.0, 0.0, 0.0), (0.0, 0.0, 1.0, 0.0), (0.0, 0.0, 0.0, 1.0)],
            "mFaceEar2Right": [(1.0, 0.0, 0.0, 0.0), (0.0, 1.0, 0.0, 0.0), (0.0, 0.0, 1.0, 0.0), (0.0, 0.0, 0.0, 1.0)],
            "LEFT_PEC": [(1.0, 0.0, 0.0, 0.0), (0.0, 1.0, 3.552713678800501e-15, 0.0), (0.0, -3.552713678800501e-15, 1.0, 0.0), (0.0, 0.0, 0.0, 1.0)],
            "RIGHT_PEC": [(1.0, 0.0, 0.0, 0.0), (0.0, 1.0, 3.552713678800501e-15, 0.0), (0.0, -3.552713678800501e-15, 1.0, 0.0), (0.0, 0.0, 0.0, 1.0)],
            },
        },
    "Hand Testing": {
        "pose_matrix": {
            "mPelvis": [(1.0, 0.0, 0.0, 0.0), (0.0, 1.0, 0.0, 0.0), (0.0, 0.0, 1.0, 0.0), (0.0, 0.0, 0.0, 1.0)],
            "mHipLeft": [(1.0000001192092896, 7.450580596923828e-09, -2.561137080192566e-09, 0.0), (-7.450580596923828e-09, 1.0000001192092896, -3.725290298461914e-09, 0.0), (2.561137080192566e-09, 3.725290298461914e-09, 1.0000001192092896, -7.450580596923828e-09), (0.0, 0.0, 0.0, 1.0)],
            "mKneeLeft": [(1.0, 1.734723475976807e-18, 1.862645149230957e-09, 1.4901161193847656e-08), (1.734723475976807e-18, 1.0, -1.862645149230957e-09, 0.0), (-1.862645149230957e-09, 1.862645149230957e-09, 1.0, 0.0), (0.0, 0.0, 0.0, 1.0)],
            "mAnkleLeft": [(1.0, -4.453088843545496e-16, 2.6193447411060333e-09, 0.0), (4.428694824060164e-16, 0.9999999403953552, 9.313225746154785e-10, 0.0), (-2.6193447411060333e-09, -9.313225191043273e-10, 1.0, 0.0), (0.0, 0.0, 0.0, 1.0)],
            "mHipRight": [(0.9999999403953552, 0.0, -6.752089110051429e-09, -1.4901161193847656e-08), (0.0, 0.9999998807907104, 0.0, 5.960464477539063e-08), (6.752089110051429e-09, 0.0, 0.9999999403953552, 0.0), (0.0, 0.0, 0.0, 1.0)],
            "mKneeRight": [(1.0, -3.725290742551124e-09, -1.1641532182693481e-09, 1.4901161193847656e-08), (3.725290298461914e-09, 1.0000001192092896, -1.862645149230957e-09, -2.9802322387695312e-08), (1.1641532182693481e-09, 1.862645371275562e-09, 1.0, 3.725290298461914e-09), (0.0, 0.0, 0.0, 1.0)],
            "mAnkleRight": [(1.0, -7.450580596923828e-09, -2.270098775625229e-09, 0.0), (7.450580596923828e-09, 1.0, -8.456776945386935e-18, -7.450580596923828e-09), (2.270098775625229e-09, -8.456776945386935e-18, 1.0, 1.862645149230957e-09), (0.0, 0.0, 0.0, 1.0)],
            "mTorso": [(1.0, 0.0, 0.0, 0.0), (0.0, 1.0000001192092896, 0.0, 0.0), (0.0, 0.0, 1.0000001192092896, 0.0), (0.0, 0.0, 0.0, 1.0)],
            "mChest": [(1.0, 0.0, 0.0, 0.0), (0.0, 1.0, 0.0, 0.0), (0.0, 0.0, 1.0, 0.0), (0.0, 0.0, 0.0, 1.0)],
            "mCollarLeft": [(0.9999999403953552, -6.984919864727601e-10, 0.0, -1.862645149230957e-09), (6.984919864727601e-10, 0.9999999403953552, 0.0, -1.862645149230957e-09), (0.0, 0.0, 1.0, 0.0), (0.0, 0.0, 0.0, 1.0)],
            "mShoulderLeft": [(1.0000001192092896, -2.910384433452151e-11, 9.313225746154785e-10, -1.862645149230957e-09), (2.9103847803968463e-11, 1.0, 9.313225746154785e-10, 0.0), (-9.31322685637781e-10, -9.313225746154785e-10, 1.0, 0.0), (0.0, 0.0, 0.0, 1.0)],
            "mElbowLeft": [(1.0, 1.4551915228366852e-09, -1.862645149230957e-09, 1.4901161193847656e-08), (-1.4551915228366852e-09, 1.0, 1.3552527156068805e-18, 0.0), (1.862645149230957e-09, 1.3552527156068805e-18, 1.0, 0.0), (0.0, 0.0, 0.0, 1.0)],
            "mWristLeft": [(1.0, -1.4901161193847656e-08, -2.2351741790771484e-08, 2.9802322387695312e-08), (1.4901159417490817e-08, 1.0000001192092896, -1.6653344045888368e-16, 1.1920928955078125e-07), (2.2351741790771484e-08, -1.6653345369377348e-16, 1.0, -2.9802322387695312e-08), (0.0, 0.0, 0.0, 1.0)],
            "mHandThumb1Left": [(0.9999999403953552, -7.916241884231567e-09, -1.4901161193847656e-08, -1.1920928955078125e-07), (7.916241884231567e-09, 0.9999999403953552, 9.313225746154785e-09, -5.960464477539063e-08), (1.4901161193847656e-08, -9.313225746154785e-09, 0.9999999403953552, 1.1920928955078125e-07), (0.0, 0.0, 0.0, 1.0)],
            "mHandThumb2Left": [(0.9999999403953552, 5.587936335871291e-09, -4.470348713425665e-08, 0.0), (-5.587935447692871e-09, 0.9999999403953552, 1.5832485544819974e-08, -1.1920928955078125e-07), (4.470348358154297e-08, -1.5832483768463135e-08, 1.0, -5.960464477539063e-08), (0.0, 0.0, 0.0, 1.0)],
            "mHandThumb3Left": [(1.0000001192092896, 4.440892098500626e-16, 0.0, -5.960464477539063e-08), (-4.440892627896218e-16, 1.0, 0.0, 2.9802322387695312e-08), (0.0, 0.0, 1.0, -1.1920928955078125e-07), (0.0, 0.0, 0.0, 1.0)],
            "mHandIndex1Left": [(1.0, -1.792795956134796e-08, 1.6696713456276768e-17, 5.960464477539063e-08), (1.792795956134796e-08, 1.0, -1.862645149230957e-09, -5.960464477539063e-08), (1.6696713456276768e-17, 1.862645149230957e-09, 1.0, 0.0), (0.0, 0.0, 0.0, 1.0)],
            "mHandIndex2Left": [(1.0, -4.656614205345022e-09, -7.450580596923828e-09, -2.9802322387695312e-08), (4.656614649434232e-09, 0.9999999403953552, -3.725290298461914e-09, 0.0), (7.450581485102248e-09, 3.725290298461914e-09, 0.9999999403953552, 0.0), (0.0, 0.0, 0.0, 1.0)],
            "mHandIndex3Left": [(1.0, 1.4901162970204496e-08, 1.4901162970204496e-08, 0.0), (-1.4901161193847656e-08, 1.0000001192092896, 7.450580596923828e-09, -2.9802322387695312e-08), (-1.4901161193847656e-08, -7.450580596923828e-09, 1.0000001192092896, 0.0), (0.0, 0.0, 0.0, 1.0)],
            "mHandMiddle1Left": [(0.9999999403953552, -4.158209776505828e-09, 4.656612873077393e-10, 0.0), (4.158209332416618e-09, 1.0, 9.681586587116653e-19, 1.1920928955078125e-07), (-4.6566125955216364e-10, 9.681586587116653e-19, 1.0, 0.0), (0.0, 0.0, 0.0, 1.0)],
            "mHandMiddle2Left": [(0.9999999403953552, -2.7939679458910405e-09, 7.450580596923828e-09, 0.0), (2.7939679458910405e-09, 0.9999999403953552, -7.450580596923828e-09, -5.960464477539063e-08), (-7.450580596923828e-09, 7.450580596923828e-09, 0.9999999403953552, 0.0), (0.0, 0.0, 0.0, 1.0)],
            "mHandMiddle3Left": [(1.0, -1.4901161193847656e-08, -1.4901161193847656e-08, 0.0), (1.4901161193847656e-08, 1.0, 2.9802322387695312e-08, 1.1920928955078125e-07), (1.4901161193847656e-08, -2.9802322387695312e-08, 1.0, 0.0), (0.0, 0.0, 0.0, 1.0)],
            "mHandRing1Left": [(0.9999999403953552, 5.2386899263012765e-09, -3.725290298461914e-09, 0.0), (-5.2386899263012765e-09, 0.9999999403953552, 3.725290298461914e-09, 0.0), (3.725290076417309e-09, -3.725290076417309e-09, 1.0, 1.1920928955078125e-07), (0.0, 0.0, 0.0, 1.0)],
            "mHandRing2Left": [(1.0, 1.234002411365509e-08, -1.862645149230957e-09, -1.4901161193847656e-08), (-1.234002411365509e-08, 1.0, 1.1492543028346347e-17, -1.1920928955078125e-07), (1.862645149230957e-09, 1.1492543028346347e-17, 1.0, 1.1920928955078125e-07), (0.0, 0.0, 0.0, 1.0)],
            "mHandRing3Left": [(1.0000001192092896, -2.9802318834981634e-08, 1.4901159417490817e-08, 0.0), (2.9802322387695312e-08, 1.0, 1.4901161193847656e-08, 1.1920928955078125e-07), (-1.4901161193847656e-08, -1.4901161193847656e-08, 1.0, 0.0), (0.0, 0.0, 0.0, 1.0)],
            "mHandPinky1Left": [(1.0, 1.594889909029007e-08, 9.313225746154785e-10, 0.0), (-1.594889909029007e-08, 1.0, -1.862645149230957e-09, 0.0), (-9.313225746154785e-10, 1.862645149230957e-09, 1.0, 0.0), (0.0, 0.0, 0.0, 1.0)],
            "mHandPinky2Left": [(1.0, 6.117625162005424e-08, 9.313225746154785e-10, 2.9802322387695312e-08), (-6.117625162005424e-08, 1.0, -2.848741208205663e-17, -5.960464477539063e-08), (-9.313225746154785e-10, -2.848741208205663e-17, 1.0, 0.0), (0.0, 0.0, 0.0, 1.0)],
            "mHandPinky3Left": [(1.0, 2.220445916901415e-16, 2.9802322387695312e-08, 1.1920928955078125e-07), (2.220445916901415e-16, 1.0, -1.4901162970204496e-08, 2.9802322387695312e-08), (-2.9802320611338473e-08, 1.4901161193847656e-08, 1.0000001192092896, 1.1920928955078125e-07), (0.0, 0.0, 0.0, 1.0)],
            "mCollarRight": [(1.0, -5.8207665354359506e-09, -1.862645149230957e-09, -5.587935447692871e-09), (5.820765647257531e-09, 1.0000001192092896, -5.587935003603661e-09, 0.0), (1.8626449271863521e-09, 5.587935003603661e-09, 1.0000001192092896, 0.0), (0.0, 0.0, 0.0, 1.0)],
            "mShoulderRight": [(1.0, 1.5425030142068863e-09, 0.0, -3.725290298461914e-09), (-1.5425030142068863e-09, 1.0, 0.0, 0.0), (0.0, 0.0, 1.0, 1.1920928955078125e-07), (0.0, 0.0, 0.0, 1.0)],
            "mElbowRight": [(1.0, -1.3969838619232178e-09, 1.862645149230957e-09, 0.0), (1.3969838619232178e-09, 1.0, 1.3010426069826053e-18, 2.9802322387695312e-08), (-1.862645149230957e-09, 1.3010426069826053e-18, 1.0, 0.0), (0.0, 0.0, 0.0, 1.0)],
            "mWristRight": [(1.0, 1.4901161193847656e-08, -1.4901161193847656e-08, -5.960464477539063e-08), (-1.4901161193847656e-08, 1.0, 1.1102230246251565e-16, 1.1920928955078125e-07), (1.4901161193847656e-08, 1.1102230246251565e-16, 1.0, 2.9802322387695312e-08), (0.0, 0.0, 0.0, 1.0)],
            "mHandThumb1Right": [(1.0, 1.4901161193847656e-08, 1.942890293094024e-16, 1.1920928955078125e-07), (-1.4901161193847656e-08, 1.0, 2.60770320892334e-08, 0.0), (1.942890293094024e-16, -2.60770320892334e-08, 1.0, 0.0), (0.0, 0.0, 0.0, 1.0)],
            "mHandThumb2Right": [(1.0000001192092896, 1.6763806343078613e-08, -3.122502256758253e-17, 2.384185791015625e-07), (-1.6763806343078613e-08, 1.0000001192092896, -3.725290742551124e-09, 0.0), (-3.122502256758253e-17, 3.725290742551124e-09, 1.0000001192092896, -2.9802322387695312e-08), (0.0, 0.0, 0.0, 1.0)],
            "mHandThumb3Right": [(1.0000001192092896, 0.0, 0.0, -5.960464477539063e-08), (0.0, 1.0000001192092896, 7.450580596923828e-09, 8.940696716308594e-08), (0.0, -7.450580596923828e-09, 1.0000001192092896, 1.1920928955078125e-07), (0.0, 0.0, 0.0, 1.0)],
            "mHandIndex1Right": [(1.0000001192092896, 1.210719347000122e-08, -3.725290298461914e-09, -1.4901161193847656e-08), (-1.210719347000122e-08, 1.0000001192092896, 2.2551401878976042e-17, -5.960464477539063e-08), (3.725290298461914e-09, 2.2551401878976042e-17, 1.0000001192092896, 0.0), (0.0, 0.0, 0.0, 1.0)],
            "mHandIndex2Right": [(1.0000001192092896, -5.587935003603661e-09, 1.4901161193847656e-08, 2.9802322387695312e-08), (5.587935003603661e-09, 1.0000001192092896, 1.1175870007207322e-08, 5.960464477539063e-08), (-1.4901161193847656e-08, -1.1175870007207322e-08, 1.0000001192092896, 0.0), (0.0, 0.0, 0.0, 1.0)],
            "mHandIndex3Right": [(0.9999998807907104, 5.5511144613812927e-17, 1.4901160305669237e-08, 0.0), (5.5511144613812927e-17, 0.9999998807907104, -7.450581485102248e-09, -8.940696716308594e-08), (-1.4901158529312397e-08, 7.450580596923828e-09, 1.0, 0.0), (0.0, 0.0, 0.0, 1.0)],
            "mHandMiddle1Right": [(1.0, -2.97859514830634e-11, 5.820766091346741e-11, -3.725290298461914e-09), (2.97859514830634e-11, 1.0, -5.820766091346741e-11, -5.960464477539063e-08), (-5.820766091346741e-11, 5.820766091346741e-11, 1.0, 0.0), (0.0, 0.0, 0.0, 1.0)],
            "mHandMiddle2Right": [(1.0, 8.381902283360887e-09, 7.450580596923828e-09, 1.4901161193847656e-08), (-8.381903171539307e-09, 0.9999999403953552, 7.450581485102248e-09, 0.0), (-7.450580596923828e-09, -7.450580596923828e-09, 1.0, 0.0), (0.0, 0.0, 0.0, 1.0)],
            "mHandMiddle3Right": [(1.0000001192092896, -1.4901161193847656e-08, 1.4901161193847656e-08, -1.1920928955078125e-07), (1.4901162970204496e-08, 1.0, -1.4901161193847656e-08, 5.960464477539063e-08), (-1.4901161193847656e-08, 1.4901159417490817e-08, 1.0000001192092896, 0.0), (0.0, 0.0, 0.0, 1.0)],
            "mHandRing1Right": [(1.0, -2.9103830456733704e-10, 1.862645149230957e-09, -2.9802322387695312e-08), (2.9103830456733704e-10, 1.0, 1.862645149230957e-09, 1.1920928955078125e-07), (-1.862645149230957e-09, -1.862645149230957e-09, 1.0, -1.1920928955078125e-07), (0.0, 0.0, 0.0, 1.0)],
            "mHandRing2Right": [(1.0000001192092896, 1.4202669262886047e-08, 1.862645149230957e-09, 2.9802322387695312e-08), (-1.4202671039242887e-08, 1.0, -3.725290298461914e-09, 0.0), (-1.862645593320167e-09, 3.725290742551124e-09, 0.9999999403953552, 0.0), (0.0, 0.0, 0.0, 1.0)],
            "mHandRing3Right": [(1.0, -1.1102230246251565e-16, -1.4901161193847656e-08, 5.960464477539063e-08), (-1.1102230246251565e-16, 1.0, -1.4901161193847656e-08, 5.960464477539063e-08), (1.4901161193847656e-08, 1.4901161193847656e-08, 1.0, -1.1920928955078125e-07), (0.0, 0.0, 0.0, 1.0)],
            "mHandPinky1Right": [(1.0, -1.5599653124809265e-08, -4.656612873077393e-10, -2.9802322387695312e-08), (1.5599653124809265e-08, 1.0, -3.63207727782644e-18, 0.0), (4.656612873077393e-10, -3.63207727782644e-18, 1.0, 0.0), (0.0, 0.0, 0.0, 1.0)],
            "mHandPinky2Right": [(1.0, 2.8638170945782804e-08, 2.667137675186586e-17, 0.0), (-2.8638172722139643e-08, 0.9999999403953552, 1.862645149230957e-09, -5.960464477539063e-08), (2.667137675186586e-17, -1.8626450382086546e-09, 1.0, 0.0), (0.0, 0.0, 0.0, 1.0)],
            "mHandPinky3Right": [(0.9999998807907104, 7.450582373280668e-09, 5.2154067731180476e-08, 5.960464477539063e-08), (-7.450581485102248e-09, 1.0, -1.942890954838514e-16, 2.9802322387695312e-08), (-5.215406062575312e-08, -1.942890954838514e-16, 1.0, 0.0), (0.0, 0.0, 0.0, 1.0)],
            "mNeck": [(1.0, 0.0, 0.0, 0.0), (0.0, 1.0000001192092896, 0.0, 0.0), (0.0, 0.0, 1.0000001192092896, 5.960464477539063e-08), (0.0, 0.0, 0.0, 1.0)],
            "mHead": [(1.0, 0.0, 0.0, 0.0), (0.0, 1.0, 0.0, 0.0), (0.0, 0.0, 1.0, 0.0), (0.0, 0.0, 0.0, 1.0)],
            "mFaceTeethUpper": [(1.0, 0.0, 0.0, 0.0), (0.0, 1.0, 0.0, 0.0), (0.0, 0.0, 1.0, 0.0), (0.0, 0.0, 0.0, 1.0)],
            "mFaceJaw": [(1.0, -2.6469779601696886e-23, 0.0, 2.842170943040401e-14), (2.6469779601696886e-23, 1.0, 0.0, 0.0), (0.0, 0.0, 1.0, 0.0), (0.0, 0.0, 0.0, 1.0)],
            "mFaceTeethLower": [(1.0, 2.117582368135751e-22, -4.235164736271502e-22, -1.4823076576950256e-21), (-2.117582368135751e-22, 1.0, -1.4901161193847656e-08, -1.1920928955078125e-07), (4.235164736271502e-22, 1.4901161193847656e-08, 1.0, 0.0), (0.0, 0.0, 0.0, 1.0)],
            "mFaceTongueBase": [(1.0, 0.0, 0.0, 1.3552527156068805e-20), (0.0, 1.0, 0.0, 0.0), (0.0, 0.0, 1.0, 0.0), (0.0, 0.0, 0.0, 1.0)],
            "mFaceTongueTip": [(1.0, -3.8116482626443515e-21, 0.0, 0.0), (3.8116482626443515e-21, 1.0, -5.048709793414476e-29, 0.0), (0.0, 5.048709793414476e-29, 1.0, 0.0), (0.0, 0.0, 0.0, 1.0)],
            "mFaceLipCornerLeft": [(1.0, 0.0, 1.5525105953964093e-15, 0.0), (0.0, 1.0, 0.0, 0.0), (-1.5525105953964093e-15, 0.0, 1.0, 0.0), (0.0, 0.0, 0.0, 1.0)],
            "mFaceLipLowerLeft": [(1.0, 1.0842021724855044e-19, -5.726287037369045e-20, 0.0), (-1.0842021724855044e-19, 1.0, 3.104226423095551e-39, 0.0), (5.726287037369045e-20, 3.104226423095551e-39, 1.0, 0.0), (0.0, 0.0, 0.0, 1.0)],
            "mFaceLipLowerCenter": [(1.0, -1.6940657935344048e-21, -1.5166889674913947e-21, 0.0), (1.6940658945086007e-21, 0.9999999403953552, 2.13162837668689e-14, 0.0), (1.5166890684655906e-21, -2.13162837668689e-14, 0.9999999403953552, 7.450580596923828e-09), (0.0, 0.0, 0.0, 1.0)],
            "mFaceLipLowerRight": [(1.0, 1.0842021724855044e-19, -5.726287037369045e-20, 0.0), (-1.0842021724855044e-19, 1.0, 3.104226423095551e-39, 0.0), (5.726287037369045e-20, 3.104226423095551e-39, 1.0, 0.0), (0.0, 0.0, 0.0, 1.0)],
            "mFaceLipCornerRight": [(1.0, 0.0, 1.5525105953964093e-15, 0.0), (0.0, 1.0, 0.0, 0.0), (-1.5525105953964093e-15, 0.0, 1.0, 0.0), (0.0, 0.0, 0.0, 1.0)],
            "mFaceChin": [(1.0, 0.0, -1.7982192802887432e-24, 0.0), (0.0, 1.0, 0.0, 0.0), (1.7982192802887432e-24, 0.0, 1.0, 0.0), (0.0, 0.0, 0.0, 1.0)],
            "mFaceCheekLowerLeft": [(1.0, 0.0, 3.8927008453671155e-16, 0.0), (0.0, 1.0, 0.0, 0.0), (-3.8927008453671155e-16, 0.0, 1.0, 0.0), (0.0, 0.0, 0.0, 1.0)],
            "mFaceCheekLowerRight": [(1.0, 0.0, 3.8927008453671155e-16, 0.0), (0.0, 1.0, 0.0, 0.0), (-3.8927008453671155e-16, 0.0, 1.0, 0.0), (0.0, 0.0, 0.0, 1.0)],
            "mFaceEyebrowInnerRight": [(1.0, -2.117582368135751e-22, 0.0, 0.0), (2.117582368135751e-22, 1.0, 0.0, 0.0), (0.0, 0.0, 1.0, 0.0), (0.0, 0.0, 0.0, 1.0)],
            "mFaceEyebrowCenterRight": [(1.0, 1.6940658945086007e-21, 0.0, 0.0), (-1.6940658945086007e-21, 1.0, 0.0, 0.0), (0.0, 0.0, 1.0, 0.0), (0.0, 0.0, 0.0, 1.0)],
            "mFaceEyebrowOuterRight": [(1.0, 1.3764284383140422e-21, -7.105426934084528e-15, 0.0), (-1.376428539288238e-21, 0.9999999403953552, 8.881784197001252e-16, -7.450580596923828e-09), (7.105427357601002e-15, -8.881784197001252e-16, 0.9999999403953552, -1.1920928955078125e-07), (0.0, 0.0, 0.0, 1.0)],
            "mFaceEyebrowInnerLeft": [(1.0, -2.117582368135751e-22, 0.0, 0.0), (2.117582368135751e-22, 1.0, 0.0, 0.0), (0.0, 0.0, 1.0, 0.0), (0.0, 0.0, 0.0, 1.0)],
            "mFaceEyebrowCenterLeft": [(1.0, 1.6940658945086007e-21, 0.0, 0.0), (-1.6940658945086007e-21, 1.0, 0.0, 0.0), (0.0, 0.0, 1.0, 0.0), (0.0, 0.0, 0.0, 1.0)],
            "mFaceEyebrowOuterLeft": [(1.0, 1.3764284383140422e-21, -7.105426934084528e-15, 0.0), (-1.376428539288238e-21, 0.9999999403953552, 8.881784197001252e-16, -7.450580596923828e-09), (7.105427357601002e-15, -8.881784197001252e-16, 0.9999999403953552, -1.1920928955078125e-07), (0.0, 0.0, 0.0, 1.0)],
            "mFaceForeheadCenter": [(1.0, 6.352746599536273e-22, -7.105426934084528e-15, 0.0), (-6.352747104407253e-22, 0.9999999403953552, -1.7763568394002505e-15, -7.450580596923828e-09), (7.105427357601002e-15, 1.7763568394002505e-15, 0.9999999403953552, -1.1920928955078125e-07), (0.0, 0.0, 0.0, 1.0)],
            "mFaceNoseBridge": [(1.0, -2.117582368135751e-22, 0.0, 0.0), (2.117582368135751e-22, 1.0, 0.0, 0.0), (0.0, 0.0, 1.0, 0.0), (0.0, 0.0, 0.0, 1.0)],
            "mFaceEyecornerInnerLeft": [(1.0, 1.0587911840678754e-22, 0.0, 0.0), (-1.0587911840678754e-22, 1.0, 0.0, 0.0), (0.0, 0.0, 1.0, 0.0), (0.0, 0.0, 0.0, 1.0)],
            "mFaceEyeLidUpperLeft": [(1.0, 1.6940658945086007e-21, 0.0, 0.0), (-1.6940658945086007e-21, 1.0, 0.0, 0.0), (0.0, 0.0, 1.0, 0.0), (0.0, 0.0, 0.0, 1.0)],
            "mFaceEyeLidLowerLeft": [(1.0, 1.3764284383140422e-21, -7.105426934084528e-15, -3.725290298461914e-09), (-1.376428539288238e-21, 0.9999999403953552, 8.881784197001252e-16, 0.0), (7.105427357601002e-15, -8.881784197001252e-16, 0.9999999403953552, -1.1920928955078125e-07), (0.0, 0.0, 0.0, 1.0)],
            "mFaceEyecornerInnerRight": [(1.0, 1.0587911840678754e-22, 0.0, 0.0), (-1.0587911840678754e-22, 1.0, 0.0, 0.0), (0.0, 0.0, 1.0, 0.0), (0.0, 0.0, 0.0, 1.0)],
            "mFaceEyeLidUpperRight": [(1.0, 1.6940658945086007e-21, 0.0, 0.0), (-1.6940658945086007e-21, 1.0, 0.0, 0.0), (0.0, 0.0, 1.0, 0.0), (0.0, 0.0, 0.0, 1.0)],
            "mFaceEyeLidLowerRight": [(1.0, 1.3764284383140422e-21, -7.105426934084528e-15, 3.725290298461914e-09), (-1.376428539288238e-21, 0.9999999403953552, 8.881784197001252e-16, 0.0), (7.105427357601002e-15, -8.881784197001252e-16, 0.9999999403953552, -1.1920928955078125e-07), (0.0, 0.0, 0.0, 1.0)],
            "mFaceCheekUpperLeft": [(1.0, 9.529120656610879e-22, 0.0, 0.0), (-9.529120656610879e-22, 1.0, 0.0, 0.0), (0.0, 0.0, 1.0, 0.0), (0.0, 0.0, 0.0, 1.0)],
            "mFaceCheekUpperRight": [(1.0, 9.529120656610879e-22, 0.0, 0.0), (-9.529120656610879e-22, 1.0, 0.0, 0.0), (0.0, 0.0, 1.0, 0.0), (0.0, 0.0, 0.0, 1.0)],
