# Pose library auto-generated by Onigiri 

poses = {
    "T Pose": {
        "pose_matrix": {
            "DRAG": [(1.0, 0.0, 0.0, 0.0), (0.0, 1.0, 0.0, 0.395995557308197), (0.0, 0.0, 1.0, 0.0), (0.0, 0.0, 0.0, 1.0)],
            "HIPS": [(1.0, 0.0, 0.0, 0.0), (0.0, 1.0, 0.0, 0.0), (0.0, 0.0, 1.0, 0.0), (0.0, 0.0, 0.0, 1.0)],
            "UPLEG": [(1.0, 0.0, 0.0, 0.0), (0.0, 1.0, 0.0, 0.0), (0.0, 0.0, 1.0, 0.0), (0.0, 0.0, 0.0, 1.0)],
            "LEG": [(1.0, 0.0, 0.0, 0.0), (0.0, 1.0, 0.0, 0.0), (0.0, 0.0, 1.0, 0.0), (0.0, 0.0, 0.0, 1.0)],
            "FEET": [(1.0, 0.0, 0.0, 0.0), (0.0, 1.0, 0.0, 0.0), (0.0, 0.0, 1.0, 0.0), (0.0, 0.0, 0.0, 1.0)],
            "BODY": [(1.0, 0.0, 0.0, 0.0), (0.0, 1.0, 0.0, 0.0), (0.0, 0.0, 1.0, 0.0), (0.0, 0.0, 0.0, 1.0)],
            "NECK": [(1.0, 0.0, 0.0, 0.0), (0.0, 1.0, 0.0, 0.0), (0.0, 0.0, 1.0, 0.0), (0.0, 0.0, 0.0, 1.0)],
            "HEAD": [(1.0, 0.0, 0.0, 0.0), (0.0, 1.0, 0.0, 0.0), (0.0, 0.0, 1.0, 0.0), (0.0, 0.0, 0.0, 1.0)],
            "ARM": [(1.0, 0.0, 0.0, 0.0), (0.0, 1.0, 0.0, 0.0), (0.0, 0.0, 1.0, 0.0), (0.0, 0.0, 0.0, 1.0)],
            "FOREARM": [(1.0, 0.0, 0.0, 0.0), (0.0, 1.0, 0.0, 0.0), (0.0, 0.0, 1.0, 0.0), (0.0, 0.0, 0.0, 1.0)],
            "HAND": [(1.0, 0.0, 0.0, 0.0), (0.0, 1.0, 0.0, 0.0), (0.0, 0.0, 1.0, 0.0), (0.0, 0.0, 0.0, 1.0)],
            "FINGER": [(1.0, 0.0, 0.0, 0.0), (0.0, 1.0, 0.0, 0.0), (0.0, 0.0, 1.0, 0.0), (0.0, 0.0, 0.0, 1.0)],
            "FINGER M": [(1.0, 0.0, 0.0, 0.0), (0.0, 1.0, 0.0, 0.0), (0.0, 0.0, 1.0, 0.0), (0.0, 0.0, 0.0, 1.0)],
            "FINGER END": [(1.0, 0.0, 0.0, 0.0), (0.0, 1.0, 0.0, 0.0), (0.0, 0.0, 1.0, 0.0), (0.0, 0.0, 0.0, 1.0)],
            "INDEX": [(0.903068482875824, -0.4294966459274292, -6.093638926785161e-09, 2.0861098448676785e-07), (0.4294966459274292, 0.903068482875824, -1.3369689355613446e-08, 1.4790677571596689e-09), (1.1245209208254892e-08, 9.456547545028116e-09, 1.0, -9.679298751126119e-15), (0.0, 0.0, 0.0, 1.0)],
            "INDEX M": [(1.0, 0.0, 0.0, 0.0), (0.0, 1.0, 0.0, 0.0), (0.0, 0.0, 1.0, 0.0), (0.0, 0.0, 0.0, 1.0)],
            "INDEX END": [(1.0, 0.0, 0.0, 0.0), (0.0, 1.0, 0.0, 0.0), (0.0, 0.0, 1.0, 0.0), (0.0, 0.0, 0.0, 1.0)],
            "THUMB": [(0.943483829498291, -0.331418514251709, -2.0093218200400997e-09, 0.0), (0.331418514251709, 0.943483829498291, -9.861965466484435e-09, 0.0), (5.1641997345086565e-09, 8.638679105388292e-09, 1.0, 0.0), (0.0, 0.0, 0.0, 1.0)],
            "THUMB END": [(0.9710479974746704, -0.2388843595981598, -3.421628980149194e-09, 0.0), (0.2388843595981598, 0.9710479974746704, -6.528288576390651e-09, 0.0), (4.882072079936961e-09, 5.521908263972364e-09, 1.0, 0.0), (0.0, 0.0, 0.0, 1.0)],
            "ARM.001": [(1.0, 0.0, 0.0, 0.0), (0.0, 1.0, 0.0, 0.0), (0.0, 0.0, 1.0, 0.0), (0.0, 0.0, 0.0, 1.0)],
            "FOREARM.001": [(1.0, 0.0, 0.0, 0.0), (0.0, 1.0, 0.0, 0.0), (0.0, 0.0, 1.0, 0.0), (0.0, 0.0, 0.0, 1.0)],
            "HAND.001": [(1.0, 0.0, 0.0, 0.0), (0.0, 1.0, 0.0, 0.0), (0.0, 0.0, 1.0, 0.0), (0.0, 0.0, 0.0, 1.0)],
            "FINGER.001": [(1.0, 0.0, 0.0, 0.0), (0.0, 1.0, 0.0, 0.0), (0.0, 0.0, 1.0, 0.0), (0.0, 0.0, 0.0, 1.0)],
            "FINGER M.001": [(1.0, 0.0, 0.0, 0.0), (0.0, 1.0, 0.0, 0.0), (0.0, 0.0, 1.0, 0.0), (0.0, 0.0, 0.0, 1.0)],
            "FINGER END.001": [(1.0, 0.0, 0.0, 0.0), (0.0, 1.0, 0.0, 0.0), (0.0, 0.0, 1.0, 0.0), (0.0, 0.0, 0.0, 1.0)],
            "INDEX.001": [(0.9443060755729675, 0.3290683627128601, 1.5733411018459265e-08, 0.0), (-0.3290683627128601, 0.9443060755729675, 4.7250936496823215e-09, 0.0), (-1.3302277501736626e-08, -9.639302689379292e-09, 1.0, 0.0), (0.0, 0.0, 0.0, 1.0)],
            "INDEX M.001": [(1.0, 0.0, 0.0, 0.0), (0.0, 1.0, 0.0, 0.0), (0.0, 0.0, 1.0, 0.0), (0.0, 0.0, 0.0, 1.0)],
            "INDEX END.001": [(1.0, 0.0, 0.0, 0.0), (0.0, 1.0, 0.0, 0.0), (0.0, 0.0, 1.0, 0.0), (0.0, 0.0, 0.0, 1.0)],
            "THUMB.001": [(0.9316842555999756, 0.3632690906524658, 1.8285710723375814e-08, -1.698446396858344e-07), (-0.3632690906524658, 0.9316842555999756, -2.585563541046554e-09, -5.5921578479001255e-08), (-1.797576310025306e-08, -4.233704498091129e-09, 1.0, 4.586469110046381e-15), (0.0, 0.0, 0.0, 1.0)],
            "THUMB END.001": [(0.9760377407073975, 0.21760135889053345, 1.0693802288130883e-08, 0.0), (-0.21760135889053345, 0.9760377407073975, 4.06490663351633e-09, 0.0), (-9.553025925868042e-09, -6.294488485991678e-09, 1.0, 0.0), (0.0, 0.0, 0.0, 1.0)],
            "UPLEG.001": [(1.0, 0.0, 0.0, 0.0), (0.0, 1.0, 0.0, 0.0), (0.0, 0.0, 1.0, 0.0), (0.0, 0.0, 0.0, 1.0)],
            "LEG.001": [(1.0, 0.0, 0.0, 0.0), (0.0, 1.0, 0.0, 0.0), (0.0, 0.0, 1.0, 0.0), (0.0, 0.0, 0.0, 1.0)],
            "FEET.001": [(1.0, 0.0, 0.0, 0.0), (0.0, 1.0, 0.0, 0.0), (0.0, 0.0, 1.0, 0.0), (0.0, 0.0, 0.0, 1.0)],
            },
        },
    }
