# Pose library auto-generated by Bento Buddy 

poses = {
    "hehe - Tree Pose": {
        "pose_matrix": {
            "Bone.04": [(1.0, 0.0, 0.0, 0.0), (0.0, 1.0, 0.0, 0.0), (0.0, 0.0, 1.0, 0.0), (0.0, 0.0, 0.0, 1.0)],
            "Bone.06": [(1.0, 0.0, 0.0, 0.0), (0.0, 1.0, 0.0, 0.0), (0.0, 0.0, 1.0, 0.0), (0.0, 0.0, 0.0, 1.0)],
            "Bone.07": [(1.0, 0.0, 0.0, 0.0), (0.0, 1.0, 0.0, 0.0), (0.0, 0.0, 1.0, 0.0), (0.0, 0.0, 0.0, 1.0)],
            "Bone.09": [(1.0, 0.0, 0.0, 0.0), (0.0, 1.0, 0.0, 0.0), (0.0, 0.0, 1.0, 0.0), (0.0, 0.0, 0.0, 1.0)],
            "Bone.03": [(1.0, 0.0, 0.0, 0.0), (0.0, 1.0, 0.0, 0.0), (0.0, 0.0, 1.0, 0.0), (0.0, 0.0, 0.0, 1.0)],
            "Bone.00": [(1.0, 0.0, 0.0, 0.0), (0.0, 1.0, 0.0, 0.0), (0.0, 0.0, 1.0, 0.0), (0.0, 0.0, 0.0, 1.0)],
            "Bone.08": [(1.0, 0.0, 0.0, 0.0), (0.0, 1.0, 0.0, 0.0), (0.0, 0.0, 1.0, 0.0), (0.0, 0.0, 0.0, 1.0)],
            "Bone.05": [(1.0, 0.0, 0.0, 0.0), (0.0, 1.0, 0.0, 0.0), (0.0, 0.0, 1.0, 0.0), (0.0, 0.0, 0.0, 1.0)],
            "Bone.01": [(1.0, 0.0, 0.0, 0.0), (0.0, 1.0, 0.0, 0.0), (0.0, 0.0, 1.0, 0.0), (0.0, 0.0, 0.0, 1.0)],
            "Bone.02": [(1.0, 0.0, 0.0, 0.0), (0.0, 1.0, 0.0, 0.0), (0.0, 0.0, 1.0, 0.0), (0.0, 0.0, 0.0, 1.0)],
            "Bone.11": [(1.0, 0.0, 0.0, 0.0), (0.0, 1.0, 0.0, 0.0), (0.0, 0.0, 1.0, 0.0), (0.0, 0.0, 0.0, 1.0)],
            "Bone.10": [(1.0, 0.0, 0.0, 0.0), (0.0, 1.0, 0.0, 0.0), (0.0, 0.0, 1.0, 0.0), (0.0, 0.0, 0.0, 1.0)],
            "Bone.12": [(1.0, 0.0, 0.0, 0.0), (0.0, 1.0, 0.0, 0.0), (0.0, 0.0, 1.0, 0.0), (0.0, 0.0, 0.0, 1.0)],
            },
        },
    "wiggle 1": {
        "pose_matrix": {
            "Bone.04": [(1.0, 0.0, 0.0, 0.0), (0.0, 1.0, 0.0, 0.0), (0.0, 0.0, 1.0, 0.0), (0.0, 0.0, 0.0, 1.0)],
            "Bone.06": [(1.0, 0.0, 0.0, 0.0), (0.0, 1.0, 0.0, 0.0), (0.0, 0.0, 1.0, 0.0), (0.0, 0.0, 0.0, 1.0)],
            "Bone.07": [(0.9998114109039307, -0.004651274532079697, 0.018856089562177658, 0.0), (0.005567220505326986, 0.9987921714782715, -0.048817846924066544, 0.0), (-0.01860625110566616, 0.048913612961769104, 0.9986296892166138, 0.0), (0.0, 0.0, 0.0, 1.0)],
            "Bone.09": [(1.0, 0.0, 0.0, 0.0), (0.0, 1.0, 0.0, 0.0), (0.0, 0.0, 1.0, 0.0), (0.0, 0.0, 0.0, 1.0)],
            "Bone.03": [(1.0, 0.0, 0.0, 0.0), (0.0, 1.0, 0.0, 0.0), (0.0, 0.0, 1.0, 0.0), (0.0, 0.0, 0.0, 1.0)],
            "Bone.00": [(1.0, 0.0, 0.0, 0.0), (0.0, 1.0, 0.0, 0.0), (0.0, 0.0, 1.0, 0.0), (0.0, 0.0, 0.0, 1.0)],
            "Bone.08": [(0.9957091808319092, -0.08705630898475647, -0.03137528896331787, 0.0), (0.08493775129318237, 0.9943612217903137, -0.06349316239356995, 0.0), (0.03672584891319275, 0.060555774718523026, 0.9974889755249023, 0.0), (0.0, 0.0, 0.0, 1.0)],
            "Bone.05": [(1.0, 0.0, 0.0, 0.0), (0.0, 1.0, 0.0, 0.0), (0.0, 0.0, 1.0, 0.0), (0.0, 0.0, 0.0, 1.0)],
            "Bone.01": [(0.9999577403068542, 0.004157785326242447, -0.008197460323572159, 0.0), (-0.00390401529148221, 0.9995200037956238, 0.03073381818830967, 0.0), (0.008321309462189674, -0.03070051595568657, 0.9994940161705017, 0.0), (0.0, 0.0, 0.0, 1.0)],
            "Bone.02": [(0.9994634985923767, 0.00918903574347496, -0.031436488032341, 0.0), (-0.006120674777776003, 0.9953292608261108, 0.09634426236152649, 0.0), (0.0321749672293663, -0.09610015898942947, 0.9948515295982361, 0.0), (0.0, 0.0, 0.0, 1.0)],
            "Bone.11": [(1.0, 0.0, 0.0, 0.0), (0.0, 1.0, 0.0, 0.0), (0.0, 0.0, 1.0, 0.0), (0.0, 0.0, 0.0, 1.0)],
            "Bone.10": [(0.9987960457801819, 0.042992718517780304, -0.023624688386917114, 0.0), (-0.041799306869506836, 0.9979297518730164, 0.04887811839580536, 0.0), (0.025677181780338287, -0.04783177375793457, 0.9985253214836121, 0.0), (0.0, 0.0, 0.0, 1.0)],
            "Bone.12": [(0.9987823367118835, -0.012504585087299347, 0.047723058611154556, 0.0), (0.013511082157492638, 0.9996917843818665, -0.020826375111937523, 0.0), (-0.04744792357087135, 0.021445805206894875, 0.9986434578895569, 0.0), (0.0, 0.0, 0.0, 1.0)],
            },
        },
    "wiggle 2": {
        "pose_matrix": {
            "Bone.04": [(1.0, 0.0, 0.0, 0.0), (0.0, 1.0, 0.0, 0.0), (0.0, 0.0, 1.0, 0.0), (0.0, 0.0, 0.0, 1.0)],
            "Bone.06": [(1.0, 0.0, 0.0, 0.0), (0.0, 1.0, 0.0, 0.0), (0.0, 0.0, 1.0, 0.0), (0.0, 0.0, 0.0, 1.0)],
            "Bone.07": [(0.9998167753219604, 0.007536856457591057, -0.01759471371769905, 0.0), (-0.006847146898508072, 0.999218225479126, 0.03893621638417244, 0.0), (0.01787441410124302, -0.038808610290288925, 0.9990867972373962, 0.0), (0.0, 0.0, 0.0, 1.0)],
            "Bone.09": [(1.0, 0.0, 0.0, 0.0), (0.0, 1.0, 0.0, 0.0), (0.0, 0.0, 1.0, 0.0), (0.0, 0.0, 0.0, 1.0)],
            "Bone.03": [(1.0, 0.0, 0.0, 0.0), (0.0, 1.0, 0.0, 0.0), (0.0, 0.0, 1.0, 0.0), (0.0, 0.0, 0.0, 1.0)],
            "Bone.00": [(0.9959083199501038, 0.07801501452922821, 0.04561036825180054, 0.0), (-0.07415248453617096, 0.9939524531364441, -0.08099333941936493, 0.0), (-0.05165323615074158, 0.07727982103824615, 0.99567049741745, 0.0), (0.0, 0.0, 0.0, 1.0)],
            "Bone.08": [(0.9957866072654724, -0.08617906272411346, -0.031340233981609344, 0.0), (0.08409901708364487, 0.994493305683136, -0.06253379583358765, 0.0), (0.036556754261255264, 0.059634629637002945, 0.9975506663322449, 0.0), (0.0, 0.0, 0.0, 1.0)],
            "Bone.05": [(1.0, 0.0, 0.0, 0.0), (0.0, 1.0, 0.0, 0.0), (0.0, 0.0, 1.0, 0.0), (0.0, 0.0, 0.0, 1.0)],
            "Bone.01": [(0.9997828602790833, 0.010281442664563656, -0.018124016001820564, 0.0), (-0.009085764177143574, 0.9978528022766113, 0.06486283242702484, 0.0), (0.01875198446214199, -0.06468407809734344, 0.9977295994758606, 0.0), (0.0, 0.0, 0.0, 1.0)],
            "Bone.02": [(0.9999918341636658, 0.002060225000604987, -0.003475780598819256, 0.0), (-0.002023466397076845, 0.9999423623085022, 0.010546188801527023, 0.0), (0.0034973076544702053, -0.010539069771766663, 0.9999383687973022, 0.0), (0.0, 0.0, 0.0, 1.0)],
            "Bone.11": [(1.0, 0.0, 0.0, 0.0), (0.0, 1.0, 0.0, 0.0), (0.0, 0.0, 1.0, 0.0), (0.0, 0.0, 0.0, 1.0)],
            "Bone.10": [(0.9912472367286682, 0.12009572237730026, -0.05482666194438934, 0.0), (-0.11091041564941406, 0.9828106760978699, 0.14758729934692383, 0.0), (0.07160883396863937, -0.14021466672420502, 0.9875282645225525, 0.0), (0.0, 0.0, 0.0, 1.0)],
            "Bone.12": [(0.9987823367118835, -0.012504585087299347, 0.047723058611154556, 0.0), (0.013511082157492638, 0.9996917843818665, -0.020826375111937523, 0.0), (-0.04744792357087135, 0.021445805206894875, 0.9986434578895569, 0.0), (0.0, 0.0, 0.0, 1.0)],
            },
        },
    "wiggle 3": {
        "pose_matrix": {
            "Bone.04": [(1.0, 0.0, 0.0, 0.0), (0.0, 1.0, 0.0, 0.0), (0.0, 0.0, 1.0, 0.0), (0.0, 0.0, 0.0, 1.0)],
            "Bone.06": [(1.0, 0.0, 0.0, 0.0), (0.0, 1.0, 0.0, 0.0), (0.0, 0.0, 1.0, 0.0), (0.0, 0.0, 0.0, 1.0)],
            "Bone.07": [(0.9987793564796448, 0.01934967190027237, -0.045445963740348816, 0.0), (-0.014337063767015934, 0.9940320253372192, 0.10814229398965836, 0.0), (0.047267261892557144, -0.10735873132944107, 0.993096113204956, 0.0), (0.0, 0.0, 0.0, 1.0)],
            "Bone.09": [(1.0, 0.0, 0.0, 0.0), (0.0, 1.0, 0.0, 0.0), (0.0, 0.0, 1.0, 0.0), (0.0, 0.0, 0.0, 1.0)],
            "Bone.03": [(1.0, 0.0, 0.0, 0.0), (0.0, 1.0, 0.0, 0.0), (0.0, 0.0, 1.0, 0.0), (0.0, 0.0, 0.0, 1.0)],
            "Bone.00": [(0.9959083199501038, 0.07801501452922821, 0.04561036825180054, 0.0), (-0.07415248453617096, 0.9939524531364441, -0.08099333941936493, 0.0), (-0.05165323615074158, 0.07727982103824615, 0.99567049741745, 0.0), (0.0, 0.0, 0.0, 1.0)],
            "Bone.08": [(0.9653341770172119, -0.2514590620994568, -0.06998790055513382, 0.0), (0.22463050484657288, 0.9368996620178223, -0.26788079738616943, 0.0), (0.13293269276618958, 0.24287305772304535, 0.9609066247940063, 0.0), (0.0, 0.0, 0.0, 1.0)],
            "Bone.05": [(0.9996143579483032, -0.02753194235265255, -0.0036231311969459057, 0.0), (0.027633514255285263, 0.9991105198860168, 0.03185153380036354, 0.0), (0.0027429740875959396, -0.031939372420310974, 0.9994860291481018, 0.0), (0.0, 0.0, 0.0, 1.0)],
            "Bone.01": [(0.9999862909317017, -0.0029285158962011337, 0.004334029741585255, 0.0), (0.0029775849543511868, 0.9999310374259949, -0.01135896984487772, 0.0), (-0.0043004658073186874, 0.011371719650924206, 0.9999260902404785, 0.0), (0.0, 0.0, 0.0, 1.0)],
            "Bone.02": [(0.9993889927864075, 0.01843004673719406, 0.02969706431031227, 0.0), (-0.015586319379508495, 0.9955164194107056, -0.09329599142074585, 0.0), (-0.031283363699913025, 0.09277612715959549, 0.9951954483985901, 0.0), (0.0, 0.0, 0.0, 1.0)],
            "Bone.11": [(1.0, 0.0, 0.0, 0.0), (0.0, 1.0, 0.0, 0.0), (0.0, 0.0, 1.0, 0.0), (0.0, 0.0, 0.0, 1.0)],
            "Bone.10": [(0.9912472367286682, 0.12009572237730026, -0.05482666194438934, 0.0), (-0.11091041564941406, 0.9828106760978699, 0.14758729934692383, 0.0), (0.07160883396863937, -0.14021466672420502, 0.9875282645225525, 0.0), (0.0, 0.0, 0.0, 1.0)],
            "Bone.12": [(0.9987823367118835, -0.012504585087299347, 0.047723058611154556, 0.0), (0.013511082157492638, 0.9996917843818665, -0.020826375111937523, 0.0), (-0.04744792357087135, 0.021445805206894875, 0.9986434578895569, 0.0), (0.0, 0.0, 0.0, 1.0)],
            },
        },
    "base wiggle 1": {
        "pose_matrix": {
            "Bone.04": [(1.0, 0.0, 0.0, 0.0), (0.0, 1.0, 0.0, 0.0), (0.0, 0.0, 1.0, 0.0), (0.0, 0.0, 0.0, 1.0)],
            "Bone.06": [(0.9998798966407776, -0.014470741152763367, -0.005546378903090954, 0.0), (0.014870686456561089, 0.9966391324996948, 0.08055591583251953, 0.0), (0.004362035077065229, -0.08062872290611267, 0.9967346787452698, 0.0), (0.0, 0.0, 0.0, 1.0)],
            "Bone.07": [(1.0, 0.0, 0.0, 0.0), (0.0, 1.0, 0.0, 0.0), (0.0, 0.0, 1.0, 0.0), (0.0, 0.0, 0.0, 1.0)],
            "Bone.09": [(1.0, 0.0, 0.0, 0.0), (0.0, 1.0, 0.0, 0.0), (0.0, 0.0, 1.0, 0.0), (0.0, 0.0, 0.0, 1.0)],
            "Bone.03": [(1.0, 0.0, 0.0, 0.0), (0.0, 1.0, 0.0, 0.0), (0.0, 0.0, 1.0, 0.0), (0.0, 0.0, 0.0, 1.0)],
            "Bone.00": [(1.0, 0.0, 0.0, 0.0), (0.0, 1.0, 0.0, 0.0), (0.0, 0.0, 1.0, 0.0), (0.0, 0.0, 0.0, 1.0)],
            "Bone.08": [(1.0, 0.0, 0.0, 0.0), (0.0, 1.0, 0.0, 0.0), (0.0, 0.0, 1.0, 0.0), (0.0, 0.0, 0.0, 1.0)],
            "Bone.05": [(1.0, 0.0, 0.0, 0.0), (0.0, 1.0, 0.0, 0.0), (0.0, 0.0, 1.0, 0.0), (0.0, 0.0, 0.0, 1.0)],
            "Bone.01": [(1.0, 0.0, 0.0, 0.0), (0.0, 1.0, 0.0, 0.0), (0.0, 0.0, 1.0, 0.0), (0.0, 0.0, 0.0, 1.0)],
            "Bone.02": [(1.0, 0.0, 0.0, 0.0), (0.0, 1.0, 0.0, 0.0), (0.0, 0.0, 1.0, 0.0), (0.0, 0.0, 0.0, 1.0)],
            "Bone.11": [(1.0, 0.0, 0.0, 0.0), (0.0, 1.0, 0.0, 0.0), (0.0, 0.0, 1.0, 0.0), (0.0, 0.0, 0.0, 1.0)],
            "Bone.10": [(1.0, 0.0, 0.0, 0.0), (0.0, 1.0, 0.0, 0.0), (0.0, 0.0, 1.0, 0.0), (0.0, 0.0, 0.0, 1.0)],
            "Bone.12": [(1.0, 0.0, 0.0, 0.0), (0.0, 1.0, 0.0, 0.0), (0.0, 0.0, 1.0, 0.0), (0.0, 0.0, 0.0, 1.0)],
            },
        },
    "base wiggle 2": {
        "pose_matrix": {
            "Bone.04": [(1.0, 0.0, 0.0, 0.0), (0.0, 1.0, 0.0, 0.0), (0.0, 0.0, 1.0, 0.0), (0.0, 0.0, 0.0, 1.0)],
            "Bone.06": [(0.9996679425239563, 0.02491147443652153, 0.006588364019989967, 0.0), (-0.02380562014877796, 0.9907072186470032, -0.13391228020191193, 0.0), (-0.009863092564046383, 0.13371096551418304, 0.9909712672233582, 0.0), (0.0, 0.0, 0.0, 1.0)],
            "Bone.07": [(1.0, 0.0, 0.0, 0.0), (0.0, 1.0, 0.0, 0.0), (0.0, 0.0, 1.0, 0.0), (0.0, 0.0, 0.0, 1.0)],
            "Bone.09": [(1.0, 0.0, 0.0, 0.0), (0.0, 1.0, 0.0, 0.0), (0.0, 0.0, 1.0, 0.0), (0.0, 0.0, 0.0, 1.0)],
            "Bone.03": [(1.0, 0.0, 0.0, 0.0), (0.0, 1.0, 0.0, 0.0), (0.0, 0.0, 1.0, 0.0), (0.0, 0.0, 0.0, 1.0)],
            "Bone.00": [(1.0, 0.0, 0.0, 0.0), (0.0, 1.0, 0.0, 0.0), (0.0, 0.0, 1.0, 0.0), (0.0, 0.0, 0.0, 1.0)],
            "Bone.08": [(1.0, 0.0, 0.0, 0.0), (0.0, 1.0, 0.0, 0.0), (0.0, 0.0, 1.0, 0.0), (0.0, 0.0, 0.0, 1.0)],
            "Bone.05": [(1.0, 0.0, 0.0, 0.0), (0.0, 1.0, 0.0, 0.0), (0.0, 0.0, 1.0, 0.0), (0.0, 0.0, 0.0, 1.0)],
            "Bone.01": [(1.0, 0.0, 0.0, 0.0), (0.0, 1.0, 0.0, 0.0), (0.0, 0.0, 1.0, 0.0), (0.0, 0.0, 0.0, 1.0)],
            "Bone.02": [(1.0, 0.0, 0.0, 0.0), (0.0, 1.0, 0.0, 0.0), (0.0, 0.0, 1.0, 0.0), (0.0, 0.0, 0.0, 1.0)],
            "Bone.11": [(1.0, 0.0, 0.0, 0.0), (0.0, 1.0, 0.0, 0.0), (0.0, 0.0, 1.0, 0.0), (0.0, 0.0, 0.0, 1.0)],
            "Bone.10": [(1.0, 0.0, 0.0, 0.0), (0.0, 1.0, 0.0, 0.0), (0.0, 0.0, 1.0, 0.0), (0.0, 0.0, 0.0, 1.0)],
            "Bone.12": [(1.0, 0.0, 0.0, 0.0), (0.0, 1.0, 0.0, 0.0), (0.0, 0.0, 1.0, 0.0), (0.0, 0.0, 0.0, 1.0)],
            },
        },
    "base wiggle 3": {
        "pose_matrix": {
            "Bone.04": [(1.0, 0.0, 0.0, 0.0), (0.0, 1.0, 0.0, 0.0), (0.0, 0.0, 1.0, 0.0), (0.0, 0.0, 0.0, 1.0)],
            "Bone.06": [(0.9941808581352234, 0.10754671692848206, -0.006173752248287201, 0.0), (-0.10753252357244492, 0.994198203086853, 0.0025880690664052963, 0.0), (0.006416271906346083, -0.0019091294379904866, 0.9999775886535645, 0.0), (0.0, 0.0, 0.0, 1.0)],
            "Bone.07": [(1.0, 0.0, 0.0, 0.0), (0.0, 1.0, 0.0, 0.0), (0.0, 0.0, 1.0, 0.0), (0.0, 0.0, 0.0, 1.0)],
            "Bone.09": [(1.0, 0.0, 0.0, 0.0), (0.0, 1.0, 0.0, 0.0), (0.0, 0.0, 1.0, 0.0), (0.0, 0.0, 0.0, 1.0)],
            "Bone.03": [(1.0, 0.0, 0.0, 0.0), (0.0, 1.0, 0.0, 0.0), (0.0, 0.0, 1.0, 0.0), (0.0, 0.0, 0.0, 1.0)],
            "Bone.00": [(1.0, 0.0, 0.0, 0.0), (0.0, 1.0, 0.0, 0.0), (0.0, 0.0, 1.0, 0.0), (0.0, 0.0, 0.0, 1.0)],
            "Bone.08": [(1.0, 0.0, 0.0, 0.0), (0.0, 1.0, 0.0, 0.0), (0.0, 0.0, 1.0, 0.0), (0.0, 0.0, 0.0, 1.0)],
            "Bone.05": [(1.0, 0.0, 0.0, 0.0), (0.0, 1.0, 0.0, 0.0), (0.0, 0.0, 1.0, 0.0), (0.0, 0.0, 0.0, 1.0)],
            "Bone.01": [(1.0, 0.0, 0.0, 0.0), (0.0, 1.0, 0.0, 0.0), (0.0, 0.0, 1.0, 0.0), (0.0, 0.0, 0.0, 1.0)],
            "Bone.02": [(1.0, 0.0, 0.0, 0.0), (0.0, 1.0, 0.0, 0.0), (0.0, 0.0, 1.0, 0.0), (0.0, 0.0, 0.0, 1.0)],
            "Bone.11": [(1.0, 0.0, 0.0, 0.0), (0.0, 1.0, 0.0, 0.0), (0.0, 0.0, 1.0, 0.0), (0.0, 0.0, 0.0, 1.0)],
            "Bone.10": [(1.0, 0.0, 0.0, 0.0), (0.0, 1.0, 0.0, 0.0), (0.0, 0.0, 1.0, 0.0), (0.0, 0.0, 0.0, 1.0)],
            "Bone.12": [(1.0, 0.0, 0.0, 0.0), (0.0, 1.0, 0.0, 0.0), (0.0, 0.0, 1.0, 0.0), (0.0, 0.0, 0.0, 1.0)],
            },
        },
    "base wiggle 4": {
        "pose_matrix": {
            "Bone.04": [(1.0, 0.0, 0.0, 0.0), (0.0, 1.0, 0.0, 0.0), (0.0, 0.0, 1.0, 0.0), (0.0, 0.0, 0.0, 1.0)],
            "Bone.06": [(0.9838463664054871, -0.17868882417678833, 0.010797612369060516, 0.0), (0.17872822284698486, 0.9838945269584656, -0.002794354222714901, 0.0), (-0.010124391876161098, 0.00467905355617404, 0.9999377727508545, 0.0), (0.0, 0.0, 0.0, 1.0)],
            "Bone.07": [(1.0, 0.0, 0.0, 0.0), (0.0, 1.0, 0.0, 0.0), (0.0, 0.0, 1.0, 0.0), (0.0, 0.0, 0.0, 1.0)],
            "Bone.09": [(1.0, 0.0, 0.0, 0.0), (0.0, 1.0, 0.0, 0.0), (0.0, 0.0, 1.0, 0.0), (0.0, 0.0, 0.0, 1.0)],
            "Bone.03": [(1.0, 0.0, 0.0, 0.0), (0.0, 1.0, 0.0, 0.0), (0.0, 0.0, 1.0, 0.0), (0.0, 0.0, 0.0, 1.0)],
            "Bone.00": [(1.0, 0.0, 0.0, 0.0), (0.0, 1.0, 0.0, 0.0), (0.0, 0.0, 1.0, 0.0), (0.0, 0.0, 0.0, 1.0)],
            "Bone.08": [(1.0, 0.0, 0.0, 0.0), (0.0, 1.0, 0.0, 0.0), (0.0, 0.0, 1.0, 0.0), (0.0, 0.0, 0.0, 1.0)],
            "Bone.05": [(1.0, 0.0, 0.0, 0.0), (0.0, 1.0, 0.0, 0.0), (0.0, 0.0, 1.0, 0.0), (0.0, 0.0, 0.0, 1.0)],
            "Bone.01": [(1.0, 0.0, 0.0, 0.0), (0.0, 1.0, 0.0, 0.0), (0.0, 0.0, 1.0, 0.0), (0.0, 0.0, 0.0, 1.0)],
            "Bone.02": [(1.0, 0.0, 0.0, 0.0), (0.0, 1.0, 0.0, 0.0), (0.0, 0.0, 1.0, 0.0), (0.0, 0.0, 0.0, 1.0)],
            "Bone.11": [(1.0, 0.0, 0.0, 0.0), (0.0, 1.0, 0.0, 0.0), (0.0, 0.0, 1.0, 0.0), (0.0, 0.0, 0.0, 1.0)],
            "Bone.10": [(1.0, 0.0, 0.0, 0.0), (0.0, 1.0, 0.0, 0.0), (0.0, 0.0, 1.0, 0.0), (0.0, 0.0, 0.0, 1.0)],
            "Bone.12": [(1.0, 0.0, 0.0, 0.0), (0.0, 1.0, 0.0, 0.0), (0.0, 0.0, 1.0, 0.0), (0.0, 0.0, 0.0, 1.0)],
            },
        },
    }
