# Pose library auto-generated by Onigiri 

poses = {
    "neutral": {
        "pose_matrix": {
            "pelvis": [(1.0, 4.470348358154297e-08, 2.135679193172521e-13, 2.9802322387695312e-08), (-4.470348358154297e-08, 1.0, 1.183625975009761e-10, 1.16787850856781e-06), (-2.1356263383166124e-13, -1.183625975009761e-10, 1.0, -6.952771691715043e-15), (0.0, 0.0, 0.0, 1.0)],
            "spine_01": [(1.0, -4.273893863968275e-31, 7.216450718854702e-16, -6.556510925292969e-07), (-4.273893863968275e-31, 1.0, 1.1844864265174405e-15, -4.954636096954346e-06), (-7.216450718854702e-16, -1.1844864265174405e-15, 1.0, 4.759693615803695e-13), (0.0, 0.0, 0.0, 1.0)],
            "spine_02": [(1.0, 4.992428891840608e-31, -1.0923950986678217e-15, -7.152557373046875e-07), (4.992428891840608e-31, 1.0, 9.140335710194707e-16, 6.198883056640625e-06), (1.0923950986678217e-15, -9.140335710194707e-16, 1.0, -1.0482555578769648e-12), (0.0, 0.0, 0.0, 1.0)],
            "spine_03": [(1.0000001192092896, -7.450580596923828e-09, -9.509677280004452e-17, 1.0132789611816406e-06), (7.450580596923828e-09, 1.0000001192092896, 3.943923468786425e-15, -4.973262548446655e-06), (9.509675956515472e-17, -3.9439238923028985e-15, 1.0, 2.348979734681511e-12), (0.0, 0.0, 0.0, 1.0)],
            "clavicle_l": [(1.0, -3.119930980233221e-08, -3.3527612686157227e-08, -1.3113021850585938e-06), (3.119930624961853e-08, 1.0000001192092896, 5.587933227246822e-09, -1.430511474609375e-06), (3.3527612686157227e-08, -5.587934559514451e-09, 1.0, -7.092952728271484e-06), (0.0, 0.0, 0.0, 1.0)],
            "upperarm_l": [(1.0, 3.725290298461914e-09, -1.862645149230957e-08, 0.0), (-3.725290076417309e-09, 1.0, 1.862645149230957e-08, 0.0), (1.862645149230957e-08, -1.862645149230957e-08, 1.0, 0.0), (0.0, 0.0, 0.0, 1.0)],
            "lowerarm_l": [(1.0, 4.330649616690607e-08, -1.862645326866641e-08, -2.854029389709467e-06), (-4.330649971961975e-08, 0.9999999403953552, 1.1175872671742582e-08, -3.8182997741387226e-06), (1.862645149230957e-08, -1.1175870007207322e-08, 1.0000001192092896, 5.240847258392023e-06), (0.0, 0.0, 0.0, 1.0)],
            "hand_l": [(1.0, -2.4039767509975718e-08, -6.548361852765083e-08, 4.53966504210257e-06), (2.403976040454836e-08, 1.0000001192092896, -3.166496753692627e-08, 4.0830272496350517e-10), (6.548361142222348e-08, 3.166496753692627e-08, 1.0000001192092896, -8.337262329405348e-07), (0.0, 0.0, 0.0, 1.0)],
            "index_01_l": [(1.0000001192092896, -1.5832485544819974e-08, 5.2154067731180476e-08, -3.5762786865234375e-06), (1.5832489097533653e-08, 0.9999998807907104, 3.725292518907963e-09, 5.647540092468262e-06), (-5.2154067731180476e-08, -3.725290742551124e-09, 1.0000001192092896, -3.427267074584961e-06), (0.0, 0.0, 0.0, 1.0)],
            "index_02_l": [(1.0, 2.200249760164752e-08, -3.649620694545774e-08, 0.0), (-2.200249582529068e-08, 1.0000001192092896, -2.6426278054714203e-08, 0.0), (3.6496203392744064e-08, 2.6426278054714203e-08, 1.0000001192092896, 0.0), (0.0, 0.0, 0.0, 1.0)],
            "index_03_l": [(1.0, 7.930795575816774e-09, 1.7695128917694092e-08, 0.0), (-7.930794687638354e-09, 1.0000001192092896, 4.5052725994310094e-08, 0.0), (-1.7695128917694092e-08, -4.505273309973745e-08, 1.0, 0.0), (0.0, 0.0, 0.0, 1.0)],
            "middle_01_l": [(1.0000001192092896, -2.0954760149294316e-09, 4.0978193283081055e-08, -5.651265382766724e-06), (2.0954760149294316e-09, 1.0000001192092896, 1.862645371275562e-09, 1.537799835205078e-05), (-4.0978193283081055e-08, -1.862645371275562e-09, 1.0000001192092896, -8.642673492431641e-07), (0.0, 0.0, 0.0, 1.0)],
            "middle_02_l": [(1.0, 2.2671880373081876e-08, -3.189779107515278e-08, 0.0), (-2.2671882149438716e-08, 0.9999999403953552, -3.725290076417309e-09, 0.0), (3.189779818058014e-08, 3.725291186640334e-09, 0.9999998211860657, 0.0), (0.0, 0.0, 0.0, 1.0)],
            "middle_03_l": [(1.0000001192092896, -9.313225746154785e-10, -1.5133995390215205e-08, 0.0), (9.313227966600834e-10, 1.0000001192092896, 8.265487849712372e-09, 0.0), (1.5133993613858365e-08, -8.265486961533952e-09, 1.000000238418579, 0.0), (0.0, 0.0, 0.0, 1.0)],
            "pinky_01_l": [(1.0000001192092896, -3.725293851175593e-09, 2.60770320892334e-08, -2.7418136596679688e-06), (3.725294295264803e-09, 1.0, 4.85723036494649e-17, 1.5497207641601562e-05), (-2.60770320892334e-08, 4.857229703202e-17, 1.0000001192092896, 1.7285346984863281e-06), (0.0, 0.0, 0.0, 1.0)],
            "pinky_02_l": [(0.9999998211860657, 3.750028554350138e-08, -1.0477382295093207e-09, 3.654199645097833e-06), (-3.750028554350138e-08, 0.9999998211860657, -3.02679858954491e-09, -4.287897354515735e-06), (1.0477380074647158e-09, 3.026798811589515e-09, 0.9999997615814209, 3.502089782614348e-07), (0.0, 0.0, 0.0, 1.0)],
            "pinky_03_l": [(1.0000001192092896, -5.593755147970114e-08, 4.016328158940041e-09, 4.112438091397053e-06), (5.593756213784218e-08, 0.9999999403953552, -3.386957825313175e-09, -7.155270509429101e-07), (-4.016329047118461e-09, 3.3869582694023848e-09, 0.9999999403953552, -7.114245477168879e-07), (0.0, 0.0, 0.0, 1.0)],
            "ring_01_l": [(1.0, -3.725290298461914e-08, 4.0978193283081055e-08, -2.562999725341797e-06), (3.725290298461914e-08, 1.0, 7.632783294297951e-16, 9.179115295410156e-06), (-4.0978193283081055e-08, 7.632783294297951e-16, 1.0, 9.052455425262451e-07), (0.0, 0.0, 0.0, 1.0)],
            "ring_02_l": [(1.0, 4.447792889550328e-08, 1.1175870007207322e-08, 0.0), (-4.447792889550328e-08, 1.0, -8.731148248841691e-09, 0.0), (-1.1175871783564162e-08, 8.731149137020111e-09, 0.9999998807907104, 0.0), (0.0, 0.0, 0.0, 1.0)],
            "ring_03_l": [(0.9999998211860657, -7.770722731947899e-09, -6.984919309616089e-10, 0.0), (7.770722731947899e-09, 0.9999998211860657, 3.341119736433029e-08, 0.0), (6.98491708917004e-10, -3.341119381161661e-08, 0.9999998807907104, 0.0), (0.0, 0.0, 0.0, 1.0)],
            "thumb_01_l": [(1.0, 4.470348358154297e-08, 3.725290298461914e-08, 1.0579824447631836e-05), (-4.470348358154297e-08, 1.0, 5.587934559514451e-09, 5.066394805908203e-06), (-3.725290298461914e-08, -5.587936335871291e-09, 1.0, -6.634742021560669e-06), (0.0, 0.0, 0.0, 1.0)],
            "thumb_02_l": [(0.9999999403953552, -3.748574073370037e-08, -9.126961941774425e-08, 0.0), (3.748573362827301e-08, 1.0000001192092896, -3.678723814459772e-08, 0.0), (9.126961941774425e-08, 3.678724525002508e-08, 0.9999999403953552, 0.0), (0.0, 0.0, 0.0, 1.0)],
            "thumb_03_l": [(1.0000001192092896, -2.1798763683023026e-08, 1.0264194116871295e-07, -5.184579549677437e-06), (2.1798769012093544e-08, 1.0, -2.3603211829481552e-08, 9.298099030274898e-06), (-1.0264193406328559e-07, 2.3603210053124712e-08, 1.000000238418579, -1.3183942428440787e-05), (0.0, 0.0, 0.0, 1.0)],
            "lowerarm_twist_01_l": [(1.0000001192092896, -2.2351748896198842e-08, -3.885780586188048e-15, 2.861023403966101e-06), (2.2351748896198842e-08, 1.0000001192092896, 2.9802322387695312e-08, -9.5367431640625e-07), (3.2196471949294276e-15, -2.980232594040899e-08, 1.0, -2.9802325229866256e-07), (0.0, 0.0, 0.0, 1.0)],
            "upperarm_twist_01_l": [(0.9999998807907104, 1.7695128917694092e-08, -2.2351741790771484e-08, -1.1920927818209748e-06), (-1.7695127141337252e-08, 1.0, 1.4086253941059113e-08, -3.2186508178710938e-06), (2.2351738238057806e-08, -1.4086253941059113e-08, 1.0, -1.9073486328125e-06), (0.0, 0.0, 0.0, 1.0)],
            "clavicle_r": [(0.9999999403953552, 3.073364496231079e-08, 1.1175870895385742e-08, 9.5367431640625e-07), (-3.073364140959711e-08, 1.0, 1.8626449271863521e-09, -8.344650268554688e-07), (-1.1175870007207322e-08, -1.862645371275562e-09, 1.0, -2.130866050720215e-06), (0.0, 0.0, 0.0, 1.0)],
            "upperarm_r": [(0.9999999403953552, 1.1175871783564162e-08, 2.2351741790771484e-08, 0.0), (-1.1175872671742582e-08, 1.0, 4.8428766774577525e-08, 0.0), (-2.2351743567128324e-08, -4.842877388000488e-08, 0.9999998807907104, 0.0), (0.0, 0.0, 0.0, 1.0)],
            "lowerarm_r": [(1.0, 2.7939677238464355e-08, -1.3038517820973539e-08, 4.02652631237288e-06), (-2.7939677238464355e-08, 1.0, 1.958503016136052e-15, -8.068966053542681e-06), (1.30385160446167e-08, -1.5942108744226857e-15, 1.0000001192092896, 2.3172335659182863e-06), (0.0, 0.0, 0.0, 1.0)],
            "hand_r": [(1.0000001192092896, -9.895296804174336e-10, 7.264315371457997e-08, 9.475202205067035e-06), (9.895310126850632e-10, 1.0000001192092896, -1.746230005039706e-08, 7.761876076983754e-06), (-7.264315371457997e-08, 1.746230005039706e-08, 1.0000001192092896, 1.0924082971541793e-08), (0.0, 0.0, 0.0, 1.0)],
            "index_01_r": [(0.9999998807907104, -6.239861249923706e-08, -1.8626448161640496e-09, 4.827976226806641e-06), (6.239861249923706e-08, 0.9999999403953552, -1.862645371275562e-09, 8.046627044677734e-07), (1.8626449271863521e-09, 1.862645371275562e-09, 0.9999998807907104, -3.427267074584961e-06), (0.0, 0.0, 0.0, 1.0)],
            "index_02_r": [(0.9999999403953552, 6.009213393554091e-08, 4.278263521229064e-09, -1.836806404753588e-05), (-6.009212683011356e-08, 1.0, 5.4715223463119855e-09, 6.687435870844638e-06), (-4.2782626330506446e-09, -5.471521902222776e-09, 1.0000001192092896, 4.9004647735273466e-06), (0.0, 0.0, 0.0, 1.0)],
            "index_03_r": [(0.9999999403953552, -8.2800379885839e-09, -3.247987478971481e-08, 1.410063214279944e-05), (8.28003710040548e-09, 1.0, 8.149088626119294e-10, 1.438291974409367e-07), (3.247987478971481e-08, -8.149091401676856e-10, 0.9999999403953552, -2.901567768276436e-07), (0.0, 0.0, 0.0, 1.0)],
            "middle_01_r": [(1.0, -3.259629011154175e-08, -1.912966524891661e-15, 1.0592862963676453e-05), (3.259628655882807e-08, 1.0000001192092896, 8.381903171539307e-09, 1.5050172805786133e-06), (1.639747365667077e-15, -8.381903171539307e-09, 1.0000001192092896, -1.8998980522155762e-06), (0.0, 0.0, 0.0, 1.0)],
            "middle_02_r": [(1.0000001192092896, -3.7747668102383614e-08, 2.3981552743634893e-08, -1.7419097275706008e-05), (3.774767165509729e-08, 1.0, 4.526238608870377e-16, 2.357909352213028e-06), (-2.3981556296348572e-08, 4.526238608870377e-16, 1.0, -1.5971954780980013e-06), (0.0, 0.0, 0.0, 1.0)],
            "middle_03_r": [(1.0, -4.4587068259716034e-08, 8.614737367906855e-09, 0.0), (4.4587064707002355e-08, 1.0000001192092896, 1.5133991837501526e-08, 0.0), (-8.614735591550016e-09, -1.5133990061144686e-08, 1.000000238418579, 0.0), (0.0, 0.0, 0.0, 1.0)],
            "pinky_01_r": [(0.9999998807907104, -7.82310962677002e-08, -2.2351741790771484e-08, 1.0728836059570312e-06), (7.82310962677002e-08, 0.9999999403953552, 2.2351748896198842e-08, -9.5367431640625e-07), (2.2351738238057806e-08, -2.2351747119842003e-08, 1.0, -1.1622905731201172e-06), (0.0, 0.0, 0.0, 1.0)],
            "pinky_02_r": [(1.0000001192092896, 8.955247920994225e-08, -1.1874362826347351e-08, 9.943025361280888e-06), (-8.955249342079696e-08, 1.0, -1.1175870007207322e-08, -8.256393812189344e-06), (1.1874362826347351e-08, 1.1175871783564162e-08, 1.0, -2.930482878582552e-06), (0.0, 0.0, 0.0, 1.0)],
            "pinky_03_r": [(0.9999999403953552, -2.7095667931575917e-08, 1.629814394554785e-09, -7.903221558080986e-06), (2.7095671484289596e-08, 0.9999998211860657, 1.1117664122650694e-08, 1.3828575902152807e-05), (-1.6298147276216923e-09, -1.1117663234472275e-08, 0.9999998807907104, 1.419465206708992e-06), (0.0, 0.0, 0.0, 1.0)],
            "ring_01_r": [(0.9999998807907104, -3.3527616238870905e-08, -5.308254895280214e-16, 7.748603820800781e-07), (3.3527616238870905e-08, 0.9999998807907104, 3.166496753692627e-08, 3.3974647521972656e-06), (-5.308254895280214e-16, -3.166496753692627e-08, 0.9999999403953552, -7.82310962677002e-08), (0.0, 0.0, 0.0, 1.0)],
            "ring_02_r": [(1.0000001192092896, 7.525522249807182e-08, -1.140870597993171e-08, -1.8152844631913467e-06), (-7.525522249807182e-08, 1.0000001192092896, 1.082661604812074e-08, -7.468878720828798e-06), (1.1408709532645389e-08, -1.0826618712656e-08, 0.9999998211860657, -3.5598245631263126e-06), (0.0, 0.0, 0.0, 1.0)],
            "ring_03_r": [(1.0000001192092896, -2.2249878384172916e-08, 4.423782229423523e-09, 0.0), (2.2249880160529756e-08, 1.0, -1.1583327186315273e-08, 0.0), (-4.423782229423523e-09, 1.1583325409958434e-08, 1.0000001192092896, 0.0), (0.0, 0.0, 0.0, 1.0)],
            "thumb_01_r": [(0.9999999403953552, -2.9802322387695312e-08, 5.960464477539063e-08, -3.248453140258789e-06), (2.9802322387695312e-08, 0.9999999403953552, -9.313224857976365e-09, -9.5367431640625e-07), (-5.960464477539063e-08, 9.313226634333205e-09, 0.9999998807907104, -2.089887857437134e-06), (0.0, 0.0, 0.0, 1.0)],
            "thumb_02_r": [(1.0, -1.4901161193847656e-08, 1.862645682138009e-08, -3.6437738799577346e-06), (1.4901161193847656e-08, 1.0, -1.4668331438372206e-08, 5.73862052988261e-07), (-1.8626458597736928e-08, 1.4668332326550626e-08, 0.9999999403953552, -2.7505996058607707e-06), (0.0, 0.0, 0.0, 1.0)],
            "thumb_03_r": [(1.0, -7.144990377128124e-09, -2.0656443666666746e-08, 0.0), (7.144990377128124e-09, 1.0, 6.577463462775768e-09, 0.0), (2.0656445443023586e-08, -6.577463906864978e-09, 0.9999999403953552, 0.0), (0.0, 0.0, 0.0, 1.0)],
            "lowerarm_twist_01_r": [(1.0000001192092896, -2.0237321152194454e-08, 1.4901160305669237e-08, 4.387271928862901e-06), (2.0237321152194454e-08, 1.0000001192092896, 5.850941509066843e-09, 4.7683738557680044e-06), (-1.4901160305669237e-08, -5.850941509066843e-09, 1.0000001192092896, -5.9566195886873174e-06), (0.0, 0.0, 0.0, 1.0)],
            "upperarm_twist_01_r": [(0.9999999403953552, 1.139220806578578e-08, -1.4901161193847656e-08, -2.2259955301251466e-07), (-1.139220717760736e-08, 1.0, 2.7341959807358762e-08, -8.821487426757812e-06), (1.4901160305669237e-08, -2.7341959807358762e-08, 1.0, -2.895865691243671e-06), (0.0, 0.0, 0.0, 1.0)],
            "neck_01": [(1.0000001192092896, 1.4901159417490817e-08, 1.7398444254176698e-15, 2.8014183044433594e-06), (-1.4901161193847656e-08, 1.0, -8.495625317419365e-17, 9.462237358093262e-06), (-1.7398446371759066e-15, 8.495622670441405e-17, 1.0, -1.6307600885986928e-12), (0.0, 0.0, 0.0, 1.0)],
            "head": [(1.0, -1.4901161193847656e-08, -7.179900188389494e-16, -5.632638931274414e-06), (1.4901161193847656e-08, 1.0, 6.124996885549516e-16, 5.356967449188232e-06), (7.179900188389494e-16, -6.124996885549516e-16, 1.0, 2.4227434294865624e-12), (0.0, 0.0, 0.0, 1.0)],
            "thigh_l": [(0.9999999403953552, -1.7211711556158914e-18, 1.4784745872020721e-08, 4.190951585769653e-08), (-1.721171259013468e-18, 0.9999998807907104, 2.3283064365386963e-10, 8.387491106987e-06), (-1.4784746760199141e-08, -2.3283064365386963e-10, 0.9999998807907104, 6.92903995513916e-07), (0.0, 0.0, 0.0, 1.0)],
            "calf_l": [(1.0000001192092896, -7.916240996053148e-09, 3.958120498026574e-09, 9.538894119032193e-07), (7.916242772409987e-09, 0.9999999403953552, -4.190951585769653e-09, -7.629386345797684e-06), (-3.958120942115784e-09, 4.1909511416804435e-09, 1.0, -1.1925409353352734e-06), (0.0, 0.0, 0.0, 1.0)],
            "calf_twist_01_l": [(0.9999998211860657, 1.0712938980361741e-08, -1.551416239919945e-08, 1.7881393432617188e-07), (-1.0712938092183322e-08, 0.9999999403953552, -8.003544355039693e-11, -3.814697265625e-06), (1.551416062284261e-08, 8.003561008385063e-11, 0.9999998807907104, -8.493661880493164e-07), (0.0, 0.0, 0.0, 1.0)],
            "foot_l": [(0.9999999403953552, 3.783500457377187e-10, 9.313225746154785e-09, 1.1443528819654603e-05), (-3.783499069598406e-10, 0.9999998211860657, -1.9557777619638728e-08, 4.807331492884259e-07), (-9.313224857976365e-09, 1.955777406692505e-08, 1.0, -2.3854425990066375e-07), (0.0, 0.0, 0.0, 1.0)],
            "ball_l": [(1.000000238418579, -9.313985138703629e-09, 2.9900772968716183e-09, 1.1223446563235484e-06), (9.313986915060468e-09, 1.0000001192092896, 1.869693955214302e-09, 8.429131412412971e-06), (-2.990077518916223e-09, -1.869693955214302e-09, 1.0000001192092896, 1.5864497981965542e-06), (0.0, 0.0, 0.0, 1.0)],
            "thigh_twist_01_l": [(0.9999999403953552, -2.0677504153354676e-09, 1.8620729846929862e-08, 2.9243528842926025e-07), (2.0677501932908626e-09, 1.0, 4.499724592932353e-09, -9.5367431640625e-06), (-1.8620729846929862e-08, -4.4997250370215625e-09, 0.9999999403953552, -1.0652001947164536e-06), (0.0, 0.0, 0.0, 1.0)],
            "thigh_r": [(0.9999999403953552, -8.42846930027008e-08, -2.764863893389702e-08, 3.380700945854187e-07), (8.42846930027008e-08, 0.9999998807907104, 6.402841368213785e-09, 5.519948899745941e-06), (2.7648640710253858e-08, -6.402844032749044e-09, 0.9999998807907104, 1.1622905731201172e-06), (0.0, 0.0, 0.0, 1.0)],
            "calf_r": [(1.0, 1.4086253941059113e-08, -7.683411240577698e-09, -1.1284728884675133e-07), (-1.4086253941059113e-08, 1.0, 1.30385160446167e-08, -3.5815162391372724e-06), (7.683411240577698e-09, -1.30385160446167e-08, 1.0, 9.73030410023057e-07), (0.0, 0.0, 0.0, 1.0)],
            "calf_twist_01_r": [(1.0000001192092896, -2.1425874408009804e-08, 7.121343514882028e-09, -2.2351741790771484e-06), (2.1425874408009804e-08, 1.0000001192092896, -6.4574123825877905e-09, -9.5367431640625e-06), (-7.121343514882028e-09, 6.4574123825877905e-09, 1.0000001192092896, -2.0116567611694336e-06), (0.0, 0.0, 0.0, 1.0)],
            "foot_r": [(1.0000001192092896, 7.610651664435863e-09, -5.122274160385132e-09, -2.8745744202751666e-06), (-7.610651664435863e-09, 1.0000001192092896, -7.683411240577698e-09, -1.1218166946491692e-06), (5.122274160385132e-09, 7.683411240577698e-09, 1.0000001192092896, 1.0532431815590826e-06), (0.0, 0.0, 0.0, 1.0)],
            "ball_r": [(1.0000001192092896, 9.545766954666135e-13, -2.763385520410111e-09, 1.410909135302063e-06), (-9.54562926099023e-13, 1.0, 4.992216418031603e-09, 6.206978468981106e-07), (2.763385742454716e-09, -4.992216418031603e-09, 1.0, 5.775364115834236e-07), (0.0, 0.0, 0.0, 1.0)],
            "thigh_twist_01_r": [(0.9999999403953552, 7.590159611936542e-10, 3.7243701456191047e-09, -1.043081283569336e-07), (-7.590160167048055e-10, 0.9999998807907104, -3.357513378432486e-09, -1.1444091796875e-05), (-3.7243703676637097e-09, 3.357513378432486e-09, 0.9999998807907104, 2.6426278054714203e-07), (0.0, 0.0, 0.0, 1.0)],
            "ik_foot_root": [(1.0, 0.0, 0.0, 0.0), (0.0, 1.0, 0.0, 0.0), (0.0, 0.0, 1.0, 0.0), (0.0, 0.0, 0.0, 1.0)],
            "ik_foot_l": [(1.0, 1.4202669262886047e-08, -1.4901161193847656e-08, -7.450580596923828e-07), (-1.4202669262886047e-08, 1.0, 1.6065314412117004e-08, -7.003545761108398e-07), (1.4901161193847656e-08, -1.6065314412117004e-08, 1.0, 2.5331974029541016e-07), (0.0, 0.0, 0.0, 1.0)],
            "ik_foot_r": [(1.0, 1.4173566320607733e-08, -7.077323971316218e-08, 4.023313522338867e-07), (-1.4173564544250894e-08, 1.0, 1.5279510989785194e-08, 1.564621925354004e-07), (7.077323971316218e-08, -1.5279510989785194e-08, 1.0, 0.0), (0.0, 0.0, 0.0, 1.0)],
            "ik_hand_root": [(1.0, 0.0, 0.0, 0.0), (0.0, 1.0, 0.0, 0.0), (0.0, 0.0, 1.0, 0.0), (0.0, 0.0, 0.0, 1.0)],
            "ik_hand_gun": [(1.0, 2.514570951461792e-08, -2.2351741790771484e-08, 1.4603137969970703e-06), (-2.514570951461792e-08, 1.0, -5.774199962615967e-08, 2.3301690816879272e-06), (2.2351741790771484e-08, 5.774199962615967e-08, 1.0, 4.172325134277344e-07), (0.0, 0.0, 0.0, 1.0)],
            "ik_hand_l": [(1.0, 8.881785255792436e-16, 3.552713467042264e-15, 7.152557373046875e-06), (-8.881781550023292e-16, 0.9999999403953552, -1.4156104555240745e-07, -1.9073486328125e-06), (-3.552713678800501e-15, 1.4156104555240745e-07, 0.9999999403953552, 1.9073486328125e-06), (0.0, 0.0, 0.0, 1.0)],
            "ik_hand_r": [(1.0, -1.1175870895385742e-08, 1.4901161193847656e-08, -1.4603137969970703e-06), (1.1175870895385742e-08, 1.0, 5.587935447692871e-09, -2.3301690816879272e-06), (-1.4901161193847656e-08, -5.587935447692871e-09, 1.0, -1.788138632718983e-07), (0.0, 0.0, 0.0, 1.0)],
            },
        },
    "T Pose": {
        "pose_matrix": {
            "pelvis": [(1.0, 4.470348358154297e-08, 2.135679193172521e-13, 2.9802322387695312e-08), (-4.470348358154297e-08, 1.0, 1.183625975009761e-10, 1.16787850856781e-06), (-2.1356263383166124e-13, -1.183625975009761e-10, 1.0, -6.952771691715043e-15), (0.0, 0.0, 0.0, 1.0)],
            "spine_01": [(1.0, -4.273893863968275e-31, 7.216450718854702e-16, -6.556510925292969e-07), (-4.273893863968275e-31, 1.0, 1.1844864265174405e-15, -4.954636096954346e-06), (-7.216450718854702e-16, -1.1844864265174405e-15, 1.0, 4.759693615803695e-13), (0.0, 0.0, 0.0, 1.0)],
            "spine_02": [(1.0, 4.992428891840608e-31, -1.0923950986678217e-15, -7.152557373046875e-07), (4.992428891840608e-31, 1.0, 9.140335710194707e-16, 6.198883056640625e-06), (1.0923950986678217e-15, -9.140335710194707e-16, 1.0, -1.0482555578769648e-12), (0.0, 0.0, 0.0, 1.0)],
            "spine_03": [(1.0000001192092896, -7.450580596923828e-09, -9.509677280004452e-17, 1.0132789611816406e-06), (7.450580596923828e-09, 1.0000001192092896, 3.943923468786425e-15, -4.973262548446655e-06), (9.509675956515472e-17, -3.9439238923028985e-15, 1.0, 2.348979734681511e-12), (0.0, 0.0, 0.0, 1.0)],
            "clavicle_l": [(0.9994276165962219, -0.0045901401899755, -0.03351427987217903, -9.5367431640625e-07), (0.00684912595897913, 0.9976887702941895, 0.06760328263044357, -8.344650268554688e-07), (0.03312651067972183, -0.06779413670301437, 0.9971492290496826, -2.130866050720215e-06), (0.0, 0.0, 0.0, 1.0)],
            "upperarm_l": [(0.9984095096588135, 0.00032581723644398153, -0.05637703463435173, 0.0), (0.037843041121959686, 0.7373564839363098, 0.6744429469108582, 0.0), (0.041789717972278595, -0.6755037307739258, 0.7361714243888855, 0.0), (0.0, 0.0, 0.0, 1.0)],
            "lowerarm_l": [(0.8797457218170166, 0.47461065649986267, 0.02814515121281147, -4.02652631237288e-06), (-0.4736534059047699, 0.8800281286239624, -0.03468358516693115, -8.068966053542681e-06), (-0.041229721158742905, 0.01718168891966343, 0.9990020990371704, 2.3172335659182863e-06), (0.0, 0.0, 0.0, 1.0)],
            "hand_l": [(0.9996606111526489, -0.023320775479078293, -0.01162304263561964, -9.475202205067035e-06), (0.020580729469656944, 0.9802460670471191, -0.1967088282108307, 7.761876076983754e-06), (0.01598084159195423, 0.19640283286571503, 0.9803931713104248, 1.0924082971541793e-08), (0.0, 0.0, 0.0, 1.0)],
            "index_01_l": [(0.7307056188583374, -0.5800207257270813, 0.3600628077983856, -4.827976226806641e-06), (0.6307700276374817, 0.7753472328186035, -0.03107723407447338, 8.046627044677734e-07), (-0.26114827394485474, 0.249825119972229, 0.9324101805686951, -3.427267074584961e-06), (0.0, 0.0, 0.0, 1.0)],
            "index_02_l": [(0.9999999403953552, -6.009213393554091e-08, -4.278263521229064e-09, 0.0), (6.009212683011356e-08, 1.0, 5.4715223463119855e-09, 0.0), (4.2782626330506446e-09, -5.471521902222776e-09, 1.0000001192092896, 0.0), (0.0, 0.0, 0.0, 1.0)],
            "index_03_l": [(0.9999999403953552, 8.2800379885839e-09, 3.247987478971481e-08, 0.0), (-8.28003710040548e-09, 1.0, 8.149088626119294e-10, 0.0), (-3.247987478971481e-08, -8.149091401676856e-10, 0.9999999403953552, 0.0), (0.0, 0.0, 0.0, 1.0)],
            "middle_01_l": [(0.9237879514694214, -0.38258370757102966, -0.01567135378718376, -1.0592862963676453e-05), (0.3826620876789093, 0.9209736585617065, 0.0733313336968422, 1.5050172805786133e-06), (-0.013622465543448925, -0.0737394317984581, 0.9971846342086792, -1.8998980522155762e-06), (0.0, 0.0, 0.0, 1.0)],
            "middle_02_l": [(1.0000001192092896, 3.7747668102383614e-08, -2.3981552743634893e-08, 0.0), (-3.774767165509729e-08, 1.0, 4.526238608870377e-16, 0.0), (2.3981556296348572e-08, 4.526238608870377e-16, 1.0, 0.0), (0.0, 0.0, 0.0, 1.0)],
            "middle_03_l": [(1.0, 4.4587068259716034e-08, -8.614737367906855e-09, 0.0), (-4.4587064707002355e-08, 1.0000001192092896, 1.5133991837501526e-08, 0.0), (8.614735591550016e-09, -1.5133990061144686e-08, 1.000000238418579, 0.0), (0.0, 0.0, 0.0, 1.0)],
            "pinky_01_l": [(0.8540821671485901, -0.40755775570869446, -0.3231719136238098, -1.0728836059570312e-06), (0.4839847683906555, 0.8503018021583557, 0.20674985647201538, -9.5367431640625e-07), (0.1905311495065689, -0.33299165964126587, 0.9234794974327087, -1.1622905731201172e-06), (0.0, 0.0, 0.0, 1.0)],
            "pinky_02_l": [(1.0000001192092896, -8.955247920994225e-08, 1.1874362826347351e-08, -9.943025361280888e-06), (8.955249342079696e-08, 1.0, -1.1175870007207322e-08, -8.256393812189344e-06), (-1.1874362826347351e-08, 1.1175871783564162e-08, 1.0, -2.930482878582552e-06), (0.0, 0.0, 0.0, 1.0)],
            "pinky_03_l": [(0.9999999403953552, 2.7095667931575917e-08, -1.629814394554785e-09, 7.903221558080986e-06), (-2.7095671484289596e-08, 0.9999998211860657, 1.1117664122650694e-08, 1.3828575902152807e-05), (1.6298147276216923e-09, -1.1117663234472275e-08, 0.9999998807907104, 1.419465206708992e-06), (0.0, 0.0, 0.0, 1.0)],
            "ring_01_l": [(0.8931212425231934, -0.4161820709705353, -0.17066551744937897, 1.667584228925989e-06), (0.43796151876449585, 0.8910933136940002, 0.11892080307006836, -3.6053841085958993e-06), (0.10258620977401733, -0.18095563352108002, 0.9781262874603271, -2.6936099857266527e-06), (0.0, 0.0, 0.0, 1.0)],
            "ring_02_l": [(1.0000001192092896, -7.525522249807182e-08, 1.140870597993171e-08, 0.0), (7.525522249807182e-08, 1.0000001192092896, 1.082661604812074e-08, 0.0), (-1.1408709532645389e-08, -1.0826618712656e-08, 0.9999998211860657, 0.0), (0.0, 0.0, 0.0, 1.0)],
            "ring_03_l": [(1.0000001192092896, 2.2249878384172916e-08, -4.423782229423523e-09, 0.0), (-2.2249880160529756e-08, 1.0, -1.1583327186315273e-08, 0.0), (4.423782229423523e-09, 1.1583325409958434e-08, 1.0000001192092896, 0.0), (0.0, 0.0, 0.0, 1.0)],
            "thumb_01_l": [(0.8877519965171814, -0.43160149455070496, -0.16005121171474457, 3.248453140258789e-06), (0.46031737327575684, 0.8308122158050537, 0.31282395124435425, -9.5367431640625e-07), (-0.0020427850540727377, -0.3513844609260559, 0.93622887134552, -2.089887857437134e-06), (0.0, 0.0, 0.0, 1.0)],
            "thumb_02_l": [(1.0, 1.4901161193847656e-08, -1.862645682138009e-08, 0.0), (-1.4901161193847656e-08, 1.0, -1.4668331438372206e-08, 0.0), (1.8626458597736928e-08, 1.4668332326550626e-08, 0.9999999403953552, 0.0), (0.0, 0.0, 0.0, 1.0)],
            "thumb_03_l": [(1.0, 7.144990377128124e-09, 2.0656443666666746e-08, -1.860056045188685e-06), (-7.144990377128124e-09, 1.0, 6.577463462775768e-09, 1.1187217751285061e-05), (-2.0656445443023586e-08, -6.577463906864978e-09, 0.9999999403953552, 1.4979241313994862e-05), (0.0, 0.0, 0.0, 1.0)],
            "lowerarm_twist_01_l": [(1.0000001192092896, 2.0237321152194454e-08, -1.4901160305669237e-08, -4.387271928862901e-06), (-2.0237321152194454e-08, 1.0000001192092896, 5.850941509066843e-09, 4.7683738557680044e-06), (1.4901160305669237e-08, -5.850941509066843e-09, 1.0000001192092896, -5.9566195886873174e-06), (0.0, 0.0, 0.0, 1.0)],
            "upperarm_twist_01_l": [(0.9999999403953552, -1.139220806578578e-08, 1.4901161193847656e-08, 2.2259955301251466e-07), (1.139220717760736e-08, 1.0, 2.7341959807358762e-08, -8.821487426757812e-06), (-1.4901160305669237e-08, -2.7341959807358762e-08, 1.0, -2.895865691243671e-06), (0.0, 0.0, 0.0, 1.0)],
            "clavicle_r": [(0.9994276165962219, 0.004590140655636787, 0.03351427614688873, 9.5367431640625e-07), (-0.00684912595897913, 0.9976887702941895, 0.06760327517986298, -8.344650268554688e-07), (-0.033126506954431534, -0.06779412925243378, 0.9971492290496826, -2.130866050720215e-06), (0.0, 0.0, 0.0, 1.0)],
            "upperarm_r": [(0.9984095096588135, -0.0003258113865740597, 0.05637703463435173, 0.0), (-0.037843041121959686, 0.7373565435409546, 0.6744429469108582, 0.0), (-0.041789717972278595, -0.6755037307739258, 0.7361714243888855, 0.0), (0.0, 0.0, 0.0, 1.0)],
            "lowerarm_r": [(0.8797457218170166, -0.47461065649986267, -0.02814515121281147, 4.02652631237288e-06), (0.4736534059047699, 0.8800281286239624, -0.03468358889222145, -8.068966053542681e-06), (0.041229721158742905, 0.01718169078230858, 0.9990020990371704, 2.3172335659182863e-06), (0.0, 0.0, 0.0, 1.0)],
            "hand_r": [(0.9996606111526489, 0.023320773616433144, 0.011623041704297066, 9.475202205067035e-06), (-0.020580727607011795, 0.9802460670471191, -0.1967087984085083, 7.761876076983754e-06), (-0.015980839729309082, 0.19640280306339264, 0.9803931713104248, 1.0924082971541793e-08), (0.0, 0.0, 0.0, 1.0)],
            "index_01_r": [(0.7307056188583374, 0.5800206661224365, -0.36006271839141846, 4.827976226806641e-06), (-0.6307699680328369, 0.7753472328186035, -0.031077230349183083, 8.046627044677734e-07), (0.26114821434020996, 0.24982507526874542, 0.9324102401733398, -3.427267074584961e-06), (0.0, 0.0, 0.0, 1.0)],
            "index_02_r": [(0.9999999403953552, 6.009213393554091e-08, 4.278263521229064e-09, -1.836806404753588e-05), (-6.009212683011356e-08, 1.0, 5.4715223463119855e-09, 6.687435870844638e-06), (-4.2782626330506446e-09, -5.471521902222776e-09, 1.0000001192092896, 4.9004647735273466e-06), (0.0, 0.0, 0.0, 1.0)],
            "index_03_r": [(0.9999999403953552, -8.2800379885839e-09, -3.247987478971481e-08, 1.410063214279944e-05), (8.28003710040548e-09, 1.0, 8.149088626119294e-10, 1.438291974409367e-07), (3.247987478971481e-08, -8.149091401676856e-10, 0.9999999403953552, -2.901567768276436e-07), (0.0, 0.0, 0.0, 1.0)],
            "middle_01_r": [(0.9237879514694214, 0.38258370757102966, 0.01567135378718376, 1.0592862963676453e-05), (-0.3826620876789093, 0.9209736585617065, 0.0733313336968422, 1.5050172805786133e-06), (0.013622465543448925, -0.0737394317984581, 0.9971846342086792, -1.8998980522155762e-06), (0.0, 0.0, 0.0, 1.0)],
            "middle_02_r": [(1.0000001192092896, -3.7747668102383614e-08, 2.3981552743634893e-08, -1.7419097275706008e-05), (3.774767165509729e-08, 1.0, 4.526238608870377e-16, 2.357909352213028e-06), (-2.3981556296348572e-08, 4.526238608870377e-16, 1.0, -1.5971954780980013e-06), (0.0, 0.0, 0.0, 1.0)],
            "middle_03_r": [(1.0, -4.4587068259716034e-08, 8.614737367906855e-09, 0.0), (4.4587064707002355e-08, 1.0000001192092896, 1.5133991837501526e-08, 0.0), (-8.614735591550016e-09, -1.5133990061144686e-08, 1.000000238418579, 0.0), (0.0, 0.0, 0.0, 1.0)],
            "pinky_01_r": [(0.8540822267532349, 0.4075576663017273, 0.3231719136238098, 1.0728836059570312e-06), (-0.48398467898368835, 0.8503018021583557, 0.20674987137317657, -9.5367431640625e-07), (-0.1905311644077301, -0.3329916298389435, 0.9234794974327087, -1.1622905731201172e-06), (0.0, 0.0, 0.0, 1.0)],
            "pinky_02_r": [(1.0000001192092896, 8.955247920994225e-08, -1.1874362826347351e-08, 9.943025361280888e-06), (-8.955249342079696e-08, 1.0, -1.1175870007207322e-08, -8.256393812189344e-06), (1.1874362826347351e-08, 1.1175871783564162e-08, 1.0, -2.930482878582552e-06), (0.0, 0.0, 0.0, 1.0)],
            "pinky_03_r": [(0.9999999403953552, -2.7095667931575917e-08, 1.629814394554785e-09, -7.903221558080986e-06), (2.7095671484289596e-08, 0.9999998211860657, 1.1117664122650694e-08, 1.3828575902152807e-05), (-1.6298147276216923e-09, -1.1117663234472275e-08, 0.9999998807907104, 1.419465206708992e-06), (0.0, 0.0, 0.0, 1.0)],
            "ring_01_r": [(0.8931212425231934, 0.4161820709705353, 0.17066551744937897, -1.667584228925989e-06), (-0.43796151876449585, 0.8910933136940002, 0.11892081797122955, -3.6053841085958993e-06), (-0.10258620977401733, -0.1809556484222412, 0.9781262874603271, -2.6936099857266527e-06), (0.0, 0.0, 0.0, 1.0)],
            "ring_02_r": [(1.0000001192092896, 7.525522249807182e-08, -1.140870597993171e-08, -1.8152844631913467e-06), (-7.525522249807182e-08, 1.0000001192092896, 1.082661604812074e-08, -7.468878720828798e-06), (1.1408709532645389e-08, -1.0826618712656e-08, 0.9999998211860657, -3.5598245631263126e-06), (0.0, 0.0, 0.0, 1.0)],
            "ring_03_r": [(1.0000001192092896, -2.2249878384172916e-08, 4.423782229423523e-09, 0.0), (2.2249880160529756e-08, 1.0, -1.1583327186315273e-08, 0.0), (-4.423782229423523e-09, 1.1583325409958434e-08, 1.0000001192092896, 0.0), (0.0, 0.0, 0.0, 1.0)],
            "thumb_01_r": [(0.8877520561218262, 0.43160149455070496, 0.16005119681358337, -3.248453140258789e-06), (-0.46031734347343445, 0.8308122754096985, 0.31282398104667664, -9.5367431640625e-07), (0.0020427838899195194, -0.3513844907283783, 0.93622887134552, -2.089887857437134e-06), (0.0, 0.0, 0.0, 1.0)],
            "thumb_02_r": [(1.0, -1.4901161193847656e-08, 1.862645682138009e-08, -3.6437738799577346e-06), (1.4901161193847656e-08, 1.0, -1.4668331438372206e-08, 5.73862052988261e-07), (-1.8626458597736928e-08, 1.4668332326550626e-08, 0.9999999403953552, -2.7505996058607707e-06), (0.0, 0.0, 0.0, 1.0)],
            "thumb_03_r": [(1.0, -7.144990377128124e-09, -2.0656443666666746e-08, 0.0), (7.144990377128124e-09, 1.0, 6.577463462775768e-09, 0.0), (2.0656445443023586e-08, -6.577463906864978e-09, 0.9999999403953552, 0.0), (0.0, 0.0, 0.0, 1.0)],
            "lowerarm_twist_01_r": [(1.0000001192092896, -2.0237321152194454e-08, 1.4901160305669237e-08, 4.387271928862901e-06), (2.0237321152194454e-08, 1.0000001192092896, 5.850941509066843e-09, 4.7683738557680044e-06), (-1.4901160305669237e-08, -5.850941509066843e-09, 1.0000001192092896, -5.9566195886873174e-06), (0.0, 0.0, 0.0, 1.0)],
            "upperarm_twist_01_r": [(0.9999999403953552, 1.139220806578578e-08, -1.4901161193847656e-08, -2.2259955301251466e-07), (-1.139220717760736e-08, 1.0, 2.7341959807358762e-08, -8.821487426757812e-06), (1.4901160305669237e-08, -2.7341959807358762e-08, 1.0, -2.895865691243671e-06), (0.0, 0.0, 0.0, 1.0)],
            "neck_01": [(1.0000001192092896, 1.4901159417490817e-08, 1.7398444254176698e-15, 2.8014183044433594e-06), (-1.4901161193847656e-08, 1.0, -8.495625317419365e-17, 9.462237358093262e-06), (-1.7398446371759066e-15, 8.495622670441405e-17, 1.0, -1.6307600885986928e-12), (0.0, 0.0, 0.0, 1.0)],
            "head": [(1.0, -1.4901161193847656e-08, -7.179900188389494e-16, -5.632638931274414e-06), (1.4901161193847656e-08, 1.0, 6.124996885549516e-16, 5.356967449188232e-06), (7.179900188389494e-16, -6.124996885549516e-16, 1.0, 2.4227434294865624e-12), (0.0, 0.0, 0.0, 1.0)],
            "thigh_l": [(0.999937117099762, 0.011054270900785923, 0.0018465580651536584, 4.190951585769653e-08), (-0.010885396972298622, 0.997144341468811, -0.07472922652959824, 8.387491106987e-06), (-0.0026673623360693455, 0.07470443099737167, 0.9972020387649536, 6.92903995513916e-07), (0.0, 0.0, 0.0, 1.0)],
            "calf_l": [(1.0000001192092896, -7.916240996053148e-09, 3.958120498026574e-09, 9.538894119032193e-07), (7.916242772409987e-09, 0.9999999403953552, -4.190951585769653e-09, -7.629386345797684e-06), (-3.958120942115784e-09, 4.1909511416804435e-09, 1.0, -1.1925409353352734e-06), (0.0, 0.0, 0.0, 1.0)],
            "calf_twist_01_l": [(0.9999998211860657, 1.0712938980361741e-08, -1.551416239919945e-08, 1.7881393432617188e-07), (-1.0712938092183322e-08, 0.9999999403953552, -8.003544355039693e-11, -3.814697265625e-06), (1.551416062284261e-08, 8.003561008385063e-11, 0.9999998807907104, -8.493661880493164e-07), (0.0, 0.0, 0.0, 1.0)],
            "foot_l": [(0.9999999403953552, 3.783500457377187e-10, 9.313225746154785e-09, 1.1443528819654603e-05), (-3.783499069598406e-10, 0.9999998211860657, -1.9557777619638728e-08, 4.807331492884259e-07), (-9.313224857976365e-09, 1.955777406692505e-08, 1.0, -2.3854425990066375e-07), (0.0, 0.0, 0.0, 1.0)],
            "ball_l": [(1.000000238418579, -9.313985138703629e-09, 2.9900772968716183e-09, 1.1223446563235484e-06), (9.313986915060468e-09, 1.0000001192092896, 1.869693955214302e-09, 8.429131412412971e-06), (-2.990077518916223e-09, -1.869693955214302e-09, 1.0000001192092896, 1.5864497981965542e-06), (0.0, 0.0, 0.0, 1.0)],
            "thigh_twist_01_l": [(0.9999999403953552, -2.0677504153354676e-09, 1.8620729846929862e-08, 2.9243528842926025e-07), (2.0677501932908626e-09, 1.0, 4.499724592932353e-09, -9.5367431640625e-06), (-1.8620729846929862e-08, -4.4997250370215625e-09, 0.9999999403953552, -1.0652001947164536e-06), (0.0, 0.0, 0.0, 1.0)],
            "thigh_r": [(0.999937117099762, -0.011054273694753647, -0.001846558297984302, -4.190951585769653e-08), (0.010885399766266346, 0.997144341468811, -0.07472922652959824, 8.387491106987e-06), (0.0026673628017306328, 0.07470443844795227, 0.9972020387649536, 6.92903995513916e-07), (0.0, 0.0, 0.0, 1.0)],
            "calf_r": [(1.0, 1.4086253941059113e-08, -7.683411240577698e-09, -1.1284728884675133e-07), (-1.4086253941059113e-08, 1.0, 1.30385160446167e-08, -3.5815162391372724e-06), (7.683411240577698e-09, -1.30385160446167e-08, 1.0, 9.73030410023057e-07), (0.0, 0.0, 0.0, 1.0)],
            "calf_twist_01_r": [(1.0000001192092896, -2.1425874408009804e-08, 7.121343514882028e-09, -2.2351741790771484e-06), (2.1425874408009804e-08, 1.0000001192092896, -6.4574123825877905e-09, -9.5367431640625e-06), (-7.121343514882028e-09, 6.4574123825877905e-09, 1.0000001192092896, -2.0116567611694336e-06), (0.0, 0.0, 0.0, 1.0)],
            "foot_r": [(1.0000001192092896, 7.610651664435863e-09, -5.122274160385132e-09, -2.8745744202751666e-06), (-7.610651664435863e-09, 1.0000001192092896, -7.683411240577698e-09, -1.1218166946491692e-06), (5.122274160385132e-09, 7.683411240577698e-09, 1.0000001192092896, 1.0532431815590826e-06), (0.0, 0.0, 0.0, 1.0)],
            "ball_r": [(1.0000001192092896, 9.545766954666135e-13, -2.763385520410111e-09, 1.410909135302063e-06), (-9.54562926099023e-13, 1.0, 4.992216418031603e-09, 6.206978468981106e-07), (2.763385742454716e-09, -4.992216418031603e-09, 1.0, 5.775364115834236e-07), (0.0, 0.0, 0.0, 1.0)],
            "thigh_twist_01_r": [(0.9999999403953552, 7.590159611936542e-10, 3.7243701456191047e-09, -1.043081283569336e-07), (-7.590160167048055e-10, 0.9999998807907104, -3.357513378432486e-09, -1.1444091796875e-05), (-3.7243703676637097e-09, 3.357513378432486e-09, 0.9999998807907104, 2.6426278054714203e-07), (0.0, 0.0, 0.0, 1.0)],
            "ik_foot_root": [(1.0, 0.0, 0.0, 0.0), (0.0, 1.0, 0.0, 0.0), (0.0, 0.0, 1.0, 0.0), (0.0, 0.0, 0.0, 1.0)],
            "ik_foot_l": [(1.0, 1.4202669262886047e-08, -1.4901161193847656e-08, -7.450580596923828e-07), (-1.4202669262886047e-08, 1.0, 1.6065314412117004e-08, -7.003545761108398e-07), (1.4901161193847656e-08, -1.6065314412117004e-08, 1.0, 2.5331974029541016e-07), (0.0, 0.0, 0.0, 1.0)],
            "ik_foot_r": [(1.0, 1.4173566320607733e-08, -7.077323971316218e-08, 4.023313522338867e-07), (-1.4173564544250894e-08, 1.0, 1.5279510989785194e-08, 1.564621925354004e-07), (7.077323971316218e-08, -1.5279510989785194e-08, 1.0, 0.0), (0.0, 0.0, 0.0, 1.0)],
            "ik_hand_root": [(1.0, 0.0, 0.0, 0.0), (0.0, 1.0, 0.0, 0.0), (0.0, 0.0, 1.0, 0.0), (0.0, 0.0, 0.0, 1.0)],
            "ik_hand_gun": [(1.0, 2.514570951461792e-08, -2.2351741790771484e-08, 1.4603137969970703e-06), (-2.514570951461792e-08, 1.0, -5.774199962615967e-08, 2.3301690816879272e-06), (2.2351741790771484e-08, 5.774199962615967e-08, 1.0, 4.172325134277344e-07), (0.0, 0.0, 0.0, 1.0)],
            "ik_hand_l": [(1.0, 8.881785255792436e-16, 3.552713467042264e-15, 7.152557373046875e-06), (-8.881781550023292e-16, 0.9999999403953552, -1.4156104555240745e-07, -1.9073486328125e-06), (-3.552713678800501e-15, 1.4156104555240745e-07, 0.9999999403953552, 1.9073486328125e-06), (0.0, 0.0, 0.0, 1.0)],
            "ik_hand_r": [(1.0, -1.1175870895385742e-08, 1.4901161193847656e-08, -1.4603137969970703e-06), (1.1175870895385742e-08, 1.0, 5.587935447692871e-09, -2.3301690816879272e-06), (-1.4901161193847656e-08, -5.587935447692871e-09, 1.0, -1.788138632718983e-07), (0.0, 0.0, 0.0, 1.0)],
            },
        },
    }
