





























female_neutral = {
    "mPelvis": {
        "matrix_local": [(1.0, 0.0, 0.0, 0.0), (0.0, 0.0, -1.0, 0.0), (0.0, 1.0, 0.0, 1.067015), (0.0, 0.0, 0.0, 1.0)],
        "head": (0.0, 0.0, 1.067015),
        "tail": (0.0, 0.0, 1.151088),
        "roll": 0.0,
        "connected": False,
        "type": "bone",
        "parent": "",
        "deform": True,
    },
    "PELVIS": {
        "matrix_local": [(1.0, 0.0, 0.0, 0.0), (0.0, -0.430914, -0.902393, 0.01), (0.0, 0.902393, -0.430914, 1.047015), (0.0, 0.0, 0.0, 1.0)],
        "head": (0.0, 0.01, 1.047015),
        "tail": (0.0, -0.032929, 1.136915),
        "roll": 0.0,
        "connected": False,
        "type": "collision",
        "parent": "mPelvis",
        "deform": True,
    },
    "BUTT": {
        "matrix_local": [(1.0, 0.0, 0.0, 0.0), (0.0, 1.0, -0.0, 0.06), (0.0, 0.0, 1.0, 0.967015), (0.0, 0.0, 0.0, 1.0)],
        "head": (0.0, 0.06, 0.967015),
        "tail": (0.0, 0.16, 0.967015),
        "roll": 0.0,
        "connected": False,
        "type": "collision",
        "parent": "mPelvis",
        "deform": True,
    },
    "mSpine1": {
        "matrix_local": [(1.0, 0.0, -0.0, 0.0), (0.0, 0.0, 1.0, 0.0), (-0.0, -1.0, -0.0, 1.151088), (0.0, 0.0, 0.0, 1.0)],
        "head": (0.0, 0.0, 1.151088),
        "tail": (0.0, 0.0, 1.067015),
        "roll": 0.0,
        "connected": True,
        "type": "bone",
        "parent": "mPelvis",
        "deform": True,
    },
    "mSpine2": {
        "matrix_local": [(1.0, 0.0, -0.0, 0.0), (-0.0, 0.0, -1.0, 0.0), (0.0, 1.0, 0.0, 1.067015), (0.0, 0.0, 0.0, 1.0)],
        "head": (0.0, 0.0, 1.067015),
        "tail": (0.0, 0.0, 1.151088),
        "roll": 0.0,
        "connected": True,
        "type": "bone",
        "parent": "mSpine1",
        "deform": True,
    },
    "mTorso": {
        "matrix_local": [(1.0, 0.0, -0.0, 0.0), (-0.0, 0.074801, -0.997198, 0.0), (-0.0, 0.997198, 0.074801, 1.151088), (0.0, 0.0, 0.0, 1.0)],
        "head": (0.0, 0.0, 1.151088),
        "tail": (0.0, 0.015368, 1.355965),
        "roll": 0.0,
        "connected": True,
        "type": "bone",
        "parent": "mSpine2",
        "deform": True,
    },
    "BELLY": {
        "matrix_local": [(1.0, 0.0, 0.0, 0.0), (0.0, -0.41608, -0.909328, -0.028), (-0.0, 0.909328, -0.41608, 1.191088), (0.0, 0.0, 0.0, 1.0)],
        "head": (0.0, -0.028, 1.191088),
        "tail": (0.0, -0.06881, 1.280276),
        "roll": 0.0,
        "connected": False,
        "type": "collision",
        "parent": "mTorso",
        "deform": True,
    },
    "LEFT_HANDLE": {
        "matrix_local": [(-0.0, 1.0, 0.0, 0.1), (-1.0, -0.0, -0.0, -0.0), (-0.0, -0.0, 1.0, 1.209088), (0.0, 0.0, 0.0, 1.0)],
        "head": (0.1, 0.0, 1.209088),
        "tail": (0.2, 0.0, 1.209088),
        "roll": 0.0,
        "connected": False,
        "type": "collision",
        "parent": "mTorso",
        "deform": True,
    },
    "RIGHT_HANDLE": {
        "matrix_local": [(0.0, -1.0, 0.0, -0.1), (1.0, 0.0, -0.0, -0.0), (0.0, 0.0, 1.0, 1.209088), (0.0, 0.0, 0.0, 1.0)],
        "head": (-0.1, 0.0, 1.209088),
        "tail": (-0.2, 0.0, 1.209088),
        "roll": 0.0,
        "connected": False,
        "type": "collision",
        "parent": "mTorso",
        "deform": True,
    },
    "LOWER_BACK": {
        "matrix_local": [(1.0, -0.0, 0.0, 0.0), (0.0, 1.0, 0.0, -0.0), (-0.0, -0.0, 1.0, 1.174088), (0.0, 0.0, 0.0, 1.0)],
        "head": (0.0, 0.0, 1.174088),
        "tail": (0.0, 0.1, 1.174088),
        "roll": 0.0,
        "connected": False,
        "type": "collision",
        "parent": "mTorso",
        "deform": True,
    },
    "mSpine3": {
        "matrix_local": [(1.0, -0.0, -0.0, 0.0), (0.0, -0.074801, 0.997198, 0.015368), (-0.0, -0.997198, -0.074801, 1.355965), (0.0, 0.0, 0.0, 1.0)],
        "head": (0.0, 0.015368, 1.355965),
        "tail": (0.0, 0.0, 1.151088),
        "roll": 0.0,
        "connected": True,
        "type": "bone",
        "parent": "mTorso",
        "deform": True,
    },
    "mSpine4": {
        "matrix_local": [(1.0, 0.0, 0.0, 0.0), (0.0, 0.074801, -0.997198, 0.0), (-0.0, 0.997198, 0.074801, 1.151088), (0.0, 0.0, 0.0, 1.0)],
        "head": (0.0, 0.0, 1.151088),
        "tail": (0.0, 0.015368, 1.355965),
        "roll": 0.0,
        "connected": True,
        "type": "bone",
        "parent": "mSpine3",
        "deform": True,
    },
    "mChest": {
        "matrix_local": [(1.0, -0.0, 0.0, 0.0), (0.0, 0.037833, -0.999284, 0.015368), (-0.0, 0.999284, 0.037833, 1.355965), (0.0, 0.0, 0.0, 1.0)],
        "head": (0.0, 0.015368, 1.355965),
        "tail": (0.0, 0.024875, 1.607073),
        "roll": 0.0,
        "connected": True,
        "type": "bone",
        "parent": "mSpine4",
        "deform": True,
    },
    "CHEST": {
        "matrix_local": [(1.0, 0.0, -0.0, 0.0), (-0.0, 0.672698, -0.739917, -0.012632), (-0.0, 0.739917, 0.672698, 1.425965), (0.0, 0.0, 0.0, 1.0)],
        "head": (0.0, -0.012632, 1.425965),
        "tail": (0.0, 0.108304, 1.558985),
        "roll": 0.0,
        "connected": False,
        "type": "collision",
        "parent": "mChest",
        "deform": True,
    },
    "LEFT_PEC": {
        "matrix_local": [(1.0, 0.0, 0.0, 0.082), (0.0, -0.988811, 0.149176, -0.103632), (-0.0, -0.149175, -0.98881, 1.397965), (0.0, 0.0, 0.0, 1.0)],
        "head": (0.082, -0.103632, 1.397965),
        "tail": (0.082, -0.182959, 1.385997),
        "roll": 0.0,
        "connected": False,
        "type": "collision",
        "parent": "mChest",
        "deform": True,
    },
    "RIGHT_PEC": {
        "matrix_local": [(1.0, 0.0, 0.0, -0.082), (0.0, -0.988811, 0.149176, -0.103632), (-0.0, -0.149175, -0.98881, 1.397965), (0.0, 0.0, 0.0, 1.0)],
        "head": (-0.082, -0.103632, 1.397965),
        "tail": (-0.082, -0.182959, 1.385997),
        "roll": 0.0,
        "connected": False,
        "type": "collision",
        "parent": "mChest",
        "deform": True,
    },
    "UPPER_BACK": {
        "matrix_local": [(1.0, 0.0, -0.0, 0.0), (-0.0, 1.0, -0.0, 0.015368), (-0.0, 0.0, 1.0, 1.372965), (0.0, 0.0, 0.0, 1.0)],
        "head": (0.0, 0.015368, 1.372965),
        "tail": (0.0, 0.115368, 1.372965),
        "roll": 0.0,
        "connected": False,
        "type": "collision",
        "parent": "mChest",
        "deform": True,
    },
    "mNeck": {
        "matrix_local": [(1.0, -0.0, 0.0, 0.0), (-0.0, 0.0, -1.0, 0.024875), (-0.0, 0.999999, 0.0, 1.607073), (0.0, 0.0, 0.0, 1.0)],
        "head": (0.0, 0.024875, 1.607073),
        "tail": (0.0, 0.024875, 1.682703),
        "roll": 0.0,
        "connected": True,
        "type": "bone",
        "parent": "mChest",
        "deform": True,
    },
    "NECK": {
        "matrix_local": [(1.0, -0.0, 0.0, 0.0), (-0.0, 0.0, -1.0, 0.024875), (-0.0, 0.999999, 0.0, 1.627073), (0.0, 0.0, 0.0, 1.0)],
        "head": (0.0, 0.024875, 1.627073),
        "tail": (0.0, 0.024875, 1.707073),
        "roll": 0.0,
        "connected": False,
        "type": "collision",
        "parent": "mNeck",
        "deform": True,
    },
    "mHead": {
        "matrix_local": [(1.0, -0.0, 0.0, 0.0), (-0.0, 0.0, -1.0, 0.024875), (-0.0, 0.999999, 0.0, 1.682703), (0.0, 0.0, 0.0, 1.0)],
        "head": (0.0, 0.024875, 1.682703),
        "tail": (0.0, 0.024875, 1.761703),
        "roll": 0.0,
        "connected": True,
        "type": "bone",
        "parent": "mNeck",
        "deform": True,
    },
    "HEAD": {
        "matrix_local": [(1.0, -0.0, 0.0, 0.0), (-0.0, 0.0, -1.0, 0.004875), (-0.0, 0.999999, 0.0, 1.752703), (0.0, 0.0, 0.0, 1.0)],
        "head": (0.0, 0.004875, 1.752703),
        "tail": (0.0, 0.004875, 1.852703),
        "roll": 0.0,
        "connected": False,
        "type": "collision",
        "parent": "mHead",
        "deform": True,
    },
    "mSkull": {
        "matrix_local": [(1.0, -0.0, -0.0, 0.0), (-0.0, -0.0, -1.0, 0.024875), (-0.0, 0.999999, 0.0, 1.761703), (0.0, 0.0, 0.0, 1.0)],
        "head": (0.0, 0.024875, 1.761703),
        "tail": (0.0, 0.024875, 1.794703),
        "roll": 0.0,
        "connected": False,
        "type": "bone",
        "parent": "mHead",
        "deform": True,
    },
    "mEyeRight": {
        "matrix_local": [(-1.0, 0.0, -0.0, -0.036), (0.0, -1.0, -0.0, -0.073591), (-0.0, 0.0, 0.999999, 1.761703), (0.0, 0.0, 0.0, 1.0)],
        "head": (-0.036, -0.073591, 1.761703),
        "tail": (-0.036, -0.098591, 1.761703),
        "roll": 0.0,
        "connected": False,
        "type": "bone",
        "parent": "mHead",
        "deform": True,
    },
    "Right Eyeball": {
        "matrix_local": [(1.0, 0.0, -0.0, -0.036), (-0.0, 0.0, -1.0, -0.073591), (-0.0, 0.999999, 0.0, 1.761703), (0.0, 0.0, 0.0, 1.0)],
        "head": (-0.036, -0.073591, 1.761703),
        "tail": (-0.036, -0.073591, 1.791703),
        "roll": 0.0,
        "connected": False,
        "type": "attachment",
        "parent": "mEyeRight",
        "deform": False,
    },
    "mEyeLeft": {
        "matrix_local": [(-1.0, 0.0, -0.0, 0.036), (0.0, -1.0, -0.0, -0.073586), (-0.0, 0.0, 0.999999, 1.761703), (0.0, 0.0, 0.0, 1.0)],
        "head": (0.036, -0.073586, 1.761703),
        "tail": (0.036, -0.098586, 1.761703),
        "roll": 0.0,
        "connected": False,
        "type": "bone",
        "parent": "mHead",
        "deform": True,
    },
    "Left Eyeball": {
        "matrix_local": [(1.0, 0.0, -0.0, 0.036), (-0.0, 0.0, -1.0, -0.073586), (-0.0, 0.999999, 0.0, 1.761703), (0.0, 0.0, 0.0, 1.0)],
        "head": (0.036, -0.073586, 1.761703),
        "tail": (0.036, -0.073586, 1.791703),
        "roll": 0.0,
        "connected": False,
        "type": "attachment",
        "parent": "mEyeLeft",
        "deform": False,
    },
    "mFaceRoot": {
        "matrix_local": [(-1.0, 0.0, -0.0, 0.0), (0.0, -1.0, -0.0, -0.000125), (-0.0, -0.0, 0.999999, 1.727703), (0.0, 0.0, 0.0, 1.0)],
        "head": (0.0, -0.000125, 1.727703),
        "tail": (0.0, -0.020125, 1.727703),
        "roll": 0.0,
        "connected": False,
        "type": "bone",
        "parent": "mHead",
        "deform": True,
    },
    "mFaceEyeAltRight": {
        "matrix_local": [(-1.0, -0.0, 0.0, -0.036), (0.0, -1.0, 0.0, -0.073591), (0.0, 0.0, 0.999999, 1.761633), (0.0, 0.0, 0.0, 1.0)],
        "head": (-0.036, -0.073591, 1.761633),
        "tail": (-0.036, -0.098591, 1.761633),
        "roll": 0.0,
        "connected": False,
        "type": "bone",
        "parent": "mFaceRoot",
        "deform": True,
    },
    "Alt Right Eye": {
        "matrix_local": [(1.0, 0.0, -0.0, -0.036), (-0.0, 0.0, -1.0, -0.073591), (-0.0, 0.999999, 0.0, 1.761633), (0.0, 0.0, 0.0, 1.0)],
        "head": (-0.036, -0.073591, 1.761633),
        "tail": (-0.036, -0.073591, 1.791633),
        "roll": 0.0,
        "connected": False,
        "type": "attachment",
        "parent": "mFaceEyeAltRight",
        "deform": False,
    },
    "mFaceEyeAltLeft": {
        "matrix_local": [(-1.0, 0.0, 0.0, 0.036), (0.0, -1.0, -0.0, -0.073586), (0.0, -0.0, 0.999999, 1.761633), (0.0, 0.0, 0.0, 1.0)],
        "head": (0.036, -0.073586, 1.761633),
        "tail": (0.036, -0.098586, 1.761633),
        "roll": 0.0,
        "connected": False,
        "type": "bone",
        "parent": "mFaceRoot",
        "deform": True,
    },
    "Alt Left Eye": {
        "matrix_local": [(1.0, 0.0, 0.0, 0.036), (0.0, -0.0, -1.0, -0.073586), (-0.0, 0.999999, 0.0, 1.761633), (0.0, 0.0, 0.0, 1.0)],
        "head": (0.036, -0.073586, 1.761633),
        "tail": (0.036, -0.073586, 1.791633),
        "roll": 0.0,
        "connected": False,
        "type": "attachment",
        "parent": "mFaceEyeAltLeft",
        "deform": False,
    },
    "mFaceForeheadLeft": {
        "matrix_local": [(0.915624, 0.132164, -0.37969, 0.035), (-0.132164, -0.792982, -0.594737, -0.061125), (-0.37969, 0.594737, -0.708606, 1.810703), (0.0, 0.0, 0.0, 1.0)],
        "head": (0.035, -0.061125, 1.810703),
        "tail": (0.039, -0.085125, 1.828703),
        "roll": 0.0,
        "connected": False,
        "type": "bone",
        "parent": "mFaceRoot",
        "deform": True,
    },
    "mFaceForeheadRight": {
        "matrix_local": [(0.915624, -0.132164, 0.37969, -0.035), (0.132164, -0.792982, -0.594737, -0.061125), (0.37969, 0.594737, -0.708606, 1.810703), (0.0, 0.0, 0.0, 1.0)],
        "head": (-0.035, -0.061125, 1.810703),
        "tail": (-0.039, -0.085125, 1.828703),
        "roll": 0.0,
        "connected": False,
        "type": "bone",
        "parent": "mFaceRoot",
        "deform": True,
    },
    "mFaceEyebrowOuterLeft": {
        "matrix_local": [(-0.870563, 0.492057, 0.0, 0.051), (-0.492057, -0.870563, -0.0, -0.064125), (0.0, 0.0, 0.999999, 1.775703), (0.0, 0.0, 0.0, 1.0)],
        "head": (0.051, -0.064125, 1.775703),
        "tail": (0.064, -0.087125, 1.775703),
        "roll": 0.0,
        "connected": False,
        "type": "bone",
        "parent": "mFaceRoot",
        "deform": True,
    },
    "mFaceEyebrowCenterLeft": {
        "matrix_local": [(-1.0, 0.0, 0.0, 0.043), (0.0, -1.0, -0.0, -0.070125), (0.0, -0.0, 0.999999, 1.783703), (0.0, 0.0, 0.0, 1.0)],
        "head": (0.043, -0.070125, 1.783703),
        "tail": (0.043, -0.097125, 1.783703),
        "roll": 0.0,
        "connected": False,
        "type": "bone",
        "parent": "mFaceRoot",
        "deform": True,
    },
    "mFaceEyebrowInnerLeft": {
        "matrix_local": [(-1.0, 0.0, 0.0, 0.022), (0.0, -1.0, -0.0, -0.075125), (0.0, -0.0, 0.999999, 1.778703), (0.0, 0.0, 0.0, 1.0)],
        "head": (0.022, -0.075125, 1.778703),
        "tail": (0.022, -0.101125, 1.778703),
        "roll": 0.0,
        "connected": False,
        "type": "bone",
        "parent": "mFaceRoot",
        "deform": True,
    },
    "mFaceEyebrowOuterRight": {
        "matrix_local": [(-0.870563, -0.492057, -0.0, -0.051), (0.492057, -0.870563, -0.0, -0.064125), (-0.0, -0.0, 0.999999, 1.775703), (0.0, 0.0, 0.0, 1.0)],
        "head": (-0.051, -0.064125, 1.775703),
        "tail": (-0.064, -0.087125, 1.775703),
        "roll": 0.0,
        "connected": False,
        "type": "bone",
        "parent": "mFaceRoot",
        "deform": True,
    },
    "mFaceEyebrowCenterRight": {
        "matrix_local": [(-1.0, 0.0, 0.0, -0.043), (0.0, -1.0, -0.0, -0.070125), (0.0, -0.0, 0.999999, 1.783703), (0.0, 0.0, 0.0, 1.0)],
        "head": (-0.043, -0.070125, 1.783703),
        "tail": (-0.043, -0.097125, 1.783703),
        "roll": 0.0,
        "connected": False,
        "type": "bone",
        "parent": "mFaceRoot",
        "deform": True,
    },
    "mFaceEyebrowInnerRight": {
        "matrix_local": [(-1.0, 0.0, 0.0, -0.022), (0.0, -1.0, -0.0, -0.075125), (0.0, -0.0, 0.999999, 1.778703), (0.0, 0.0, 0.0, 1.0)],
        "head": (-0.022, -0.075125, 1.778703),
        "tail": (-0.022, -0.101125, 1.778703),
        "roll": 0.0,
        "connected": False,
        "type": "bone",
        "parent": "mFaceRoot",
        "deform": True,
    },
    "mFaceEyeLidUpperLeft": {
        "matrix_local": [(1.0, -0.0, -0.0, 0.036), (-0.0, -0.983281, -0.182089, -0.073125), (-0.0, 0.182089, -0.983281, 1.761703), (0.0, 0.0, 0.0, 1.0)],
        "head": (0.036, -0.073125, 1.761703),
        "tail": (0.036, -0.100125, 1.766703),
        "roll": 0.0,
        "connected": False,
        "type": "bone",
        "parent": "mFaceRoot",
        "deform": True,
    },
    "mFaceEyeLidLowerLeft": {
        "matrix_local": [(1.0, 0.0, -0.0, 0.036), (0.0, -0.96, 0.279999, -0.073125), (-0.0, -0.279999, -0.96, 1.761703), (0.0, 0.0, 0.0, 1.0)],
        "head": (0.036, -0.073125, 1.761703),
        "tail": (0.036, -0.097125, 1.754703),
        "roll": 0.0,
        "connected": False,
        "type": "bone",
        "parent": "mFaceRoot",
        "deform": True,
    },
    "mFaceEyeLidUpperRight": {
        "matrix_local": [(1.0, -0.0, -0.0, -0.036), (-0.0, -0.983282, -0.182089, -0.073125), (-0.0, 0.182089, -0.983281, 1.761703), (0.0, 0.0, 0.0, 1.0)],
        "head": (-0.036, -0.073125, 1.761703),
        "tail": (-0.036, -0.100125, 1.766703),
        "roll": 0.0,
        "connected": False,
        "type": "bone",
        "parent": "mFaceRoot",
        "deform": True,
    },
    "mFaceEyeLidLowerRight": {
        "matrix_local": [(1.0, 0.0, -0.0, -0.036), (0.0, -0.960001, 0.279999, -0.073125), (-0.0, -0.279999, -0.96, 1.761703), (0.0, 0.0, 0.0, 1.0)],
        "head": (-0.036, -0.073125, 1.761703),
        "tail": (-0.036, -0.097125, 1.754703),
        "roll": 0.0,
        "connected": False,
        "type": "bone",
        "parent": "mFaceRoot",
        "deform": True,
    },
    "mFaceEar1Left": {
        "matrix_local": [(0.837812, 0.497321, -0.225261, 0.08), (-0.497321, 0.52495, -0.690724, -0.000125), (-0.225261, 0.690723, 0.687138, 1.729703), (0.0, 0.0, 0.0, 1.0)],
        "head": (0.08, -0.000125, 1.729703),
        "tail": (0.098, 0.018875, 1.754703),
        "roll": 0.0,
        "connected": False,
        "type": "bone",
        "parent": "mFaceRoot",
        "deform": True,
    },
    "mFaceEar2Left": {
        "matrix_local": [(1.0, -0.0, 0.0, 0.098), (0.0, 0.0, -1.0, 0.018875), (0.0, 0.999999, 0.0, 1.754703), (0.0, 0.0, 0.0, 1.0)],
        "head": (0.098, 0.018875, 1.754703),
        "tail": (0.098, 0.018875, 1.787703),
        "roll": 0.0,
        "connected": True,
        "type": "bone",
        "parent": "mFaceEar1Left",
        "deform": True,
    },
    "Alt Left Ear": {
        "matrix_local": [(1.0, -0.0, 0.0, 0.08), (0.0, 0.0, -1.0, -0.000125), (0.0, 0.999999, 0.0, 1.729703), (0.0, 0.0, 0.0, 1.0)],
        "head": (0.08, -0.000125, 1.729703),
        "tail": (0.08, -0.000125, 1.759703),
        "roll": 0.0,
        "connected": False,
        "type": "attachment",
        "parent": "mFaceEar1Left",
        "deform": False,
    },
    "mFaceEar1Right": {
        "matrix_local": [(0.837812, -0.497321, 0.225261, -0.08), (0.497321, 0.52495, -0.690724, -0.000125), (0.225261, 0.690723, 0.687138, 1.729703), (0.0, 0.0, 0.0, 1.0)],
        "head": (-0.08, -0.000125, 1.729703),
        "tail": (-0.098, 0.018875, 1.754703),
        "roll": 0.0,
        "connected": False,
        "type": "bone",
        "parent": "mFaceRoot",
        "deform": True,
    },
    "mFaceEar2Right": {
        "matrix_local": [(1.0, -0.0, -0.0, -0.098), (-0.0, 0.0, -1.0, 0.018875), (0.0, 1.0, 0.0, 1.754703), (0.0, 0.0, 0.0, 1.0)],
        "head": (-0.098, 0.018875, 1.754703),
        "tail": (-0.098, 0.018875, 1.787703),
        "roll": 0.0,
        "connected": True,
        "type": "bone",
        "parent": "mFaceEar1Right",
        "deform": True,
    },
    "Alt Right Ear": {
        "matrix_local": [(1.0, 0.0, -0.0, -0.08), (0.0, 0.0, -1.0, -0.000125), (0.0, 0.999999, 0.0, 1.729703), (0.0, 0.0, 0.0, 1.0)],
        "head": (-0.08, -0.000125, 1.729703),
        "tail": (-0.08, -0.000125, 1.759703),
        "roll": 0.0,
        "connected": False,
        "type": "attachment",
        "parent": "mFaceEar1Right",
        "deform": False,
    },
    "mFaceNoseLeft": {
        "matrix_local": [(-0.966235, 0.257663, 0.0, 0.015), (-0.257663, -0.966235, -0.0, -0.086125), (0.0, -0.0, 0.999999, 1.723703), (0.0, 0.0, 0.0, 1.0)],
        "head": (0.015, -0.086125, 1.723703),
        "tail": (0.019, -0.101125, 1.723703),
        "roll": 0.0,
        "connected": False,
        "type": "bone",
        "parent": "mFaceRoot",
        "deform": True,
    },
    "mFaceNoseCenter": {
        "matrix_local": [(-1.0, -0.0, 0.0, 0.0), (0.0, -1.0, -0.0, -0.102125), (0.0, 0.0, 0.999999, 1.727703), (0.0, 0.0, 0.0, 1.0)],
        "head": (0.0, -0.102125, 1.727703),
        "tail": (0.0, -0.127125, 1.727703),
        "roll": 0.0,
        "connected": False,
        "type": "bone",
        "parent": "mFaceRoot",
        "deform": True,
    },
    "mFaceNoseRight": {
        "matrix_local": [(-0.966235, -0.257663, -0.0, -0.015), (0.257663, -0.966235, -0.0, -0.086125), (-0.0, 0.0, 0.999999, 1.723703), (0.0, 0.0, 0.0, 1.0)],
        "head": (-0.015, -0.086125, 1.723703),
        "tail": (-0.019, -0.101125, 1.723703),
        "roll": 0.0,
        "connected": False,
        "type": "bone",
        "parent": "mFaceRoot",
        "deform": True,
    },
    "mFaceCheekLowerLeft": {
        "matrix_local": [(-0.397607, 0.917556, 0.0, 0.034), (-0.917556, -0.397607, -0.0, -0.050125), (0.0, 0.0, 0.999999, 1.696703), (0.0, 0.0, 0.0, 1.0)],
        "head": (0.034, -0.050125, 1.696703),
        "tail": (0.064, -0.063125, 1.696703),
        "roll": 0.0,
        "connected": False,
        "type": "bone",
        "parent": "mFaceRoot",
        "deform": True,
    },
    "mFaceCheekUpperLeft": {
        "matrix_local": [(-0.826227, 0.563337, 0.0, 0.034), (-0.563337, -0.826227, -0.0, -0.070125), (0.0, -0.0, 0.999999, 1.722703), (0.0, 0.0, 0.0, 1.0)],
        "head": (0.034, -0.070125, 1.722703),
        "tail": (0.049, -0.092125, 1.722703),
        "roll": 0.0,
        "connected": False,
        "type": "bone",
        "parent": "mFaceRoot",
        "deform": True,
    },
    "mFaceCheekLowerRight": {
        "matrix_local": [(-0.397607, -0.917556, -0.0, -0.034), (0.917556, -0.397607, -0.0, -0.050125), (-0.0, 0.0, 0.999999, 1.696703), (0.0, 0.0, 0.0, 1.0)],
        "head": (-0.034, -0.050125, 1.696703),
        "tail": (-0.064, -0.063125, 1.696703),
        "roll": 0.0,
        "connected": False,
        "type": "bone",
        "parent": "mFaceRoot",
        "deform": True,
    },
    "mFaceCheekUpperRight": {
        "matrix_local": [(-0.826227, -0.563337, -0.0, -0.034), (0.563337, -0.826227, -0.0, -0.070125), (-0.0, -0.0, 0.999999, 1.722703), (0.0, 0.0, 0.0, 1.0)],
        "head": (-0.034, -0.070125, 1.722703),
        "tail": (-0.049, -0.092125, 1.722703),
        "roll": 0.0,
        "connected": False,
        "type": "bone",
        "parent": "mFaceRoot",
        "deform": True,
    },
    "mFaceJaw": {
        "matrix_local": [(1.0, -0.0, -0.0, 0.0), (0.0, -0.834219, 0.551434, 0.000875), (-0.0, -0.551433, -0.834218, 1.712703), (0.0, 0.0, 0.0, 1.0)],
        "head": (0.0, 0.000875, 1.712703),
        "tail": (0.0, -0.058125, 1.673703),
        "roll": 0.0,
        "connected": False,
        "type": "bone",
        "parent": "mFaceRoot",
        "deform": True,
    },
    "mFaceChin": {
        "matrix_local": [(1.0, 0.0, 0.0, -0.0), (-0.0, -0.759256, 0.650792, -0.073125), (0.0, -0.650791, -0.759256, 1.658703), (0.0, 0.0, 0.0, 1.0)],
        "head": (0.0, -0.073125, 1.658703),
        "tail": (0.0, -0.094125, 1.640703),
        "roll": 0.0,
        "connected": False,
        "type": "bone",
        "parent": "mFaceJaw",
        "deform": True,
    },
    "mFaceTeethLower": {
        "matrix_local": [(-1.0, 0.0, -0.0, -0.0), (-0.0, -1.0, 0.0, -0.020125), (-0.0, 0.0, 1.0, 1.673703), (0.0, 0.0, 0.0, 1.0)],
        "head": (0.0, -0.020125, 1.673703),
        "tail": (0.0, -0.055125, 1.673703),
        "roll": 0.0,
        "connected": False,
        "type": "bone",
        "parent": "mFaceJaw",
        "deform": True,
    },
    "mFaceLipLowerLeft": {
        "matrix_local": [(-0.736567, 0.443395, -0.510755, 0.0), (-0.443395, -0.886789, -0.13041, -0.065125), (-0.510754, 0.13041, 0.849778, 1.673703), (0.0, 0.0, 0.0, 1.0)],
        "head": (0.0, -0.065125, 1.673703),
        "tail": (0.017, -0.099125, 1.678703),
        "roll": 0.0,
        "connected": False,
        "type": "bone",
        "parent": "mFaceTeethLower",
        "deform": True,
    },
    "mFaceLipLowerRight": {
        "matrix_local": [(-0.736567, -0.443395, 0.510755, 0.0), (0.443395, -0.886789, -0.13041, -0.065125), (0.510754, 0.13041, 0.849778, 1.673703), (0.0, 0.0, 0.0, 1.0)],
        "head": (0.0, -0.065125, 1.673703),
        "tail": (-0.017, -0.099125, 1.678703),
        "roll": 0.0,
        "connected": False,
        "type": "bone",
        "parent": "mFaceTeethLower",
        "deform": True,
    },
    "mFaceLipLowerCenter": {
        "matrix_local": [(1.0, 0.0, -0.0, 0.0), (-0.0, -0.998753, -0.049937, -0.065125), (-0.0, 0.049937, -0.998752, 1.673703), (0.0, 0.0, 0.0, 1.0)],
        "head": (0.0, -0.065125, 1.673703),
        "tail": (0.0, -0.105125, 1.675703),
        "roll": 0.0,
        "connected": False,
        "type": "bone",
        "parent": "mFaceTeethLower",
        "deform": True,
    },
    "mFaceTongueBase": {
        "matrix_local": [(1.0, 0.0, -0.0, 0.0), (-0.0, -0.952927, -0.303203, -0.059125), (-0.0, 0.303203, -0.952926, 1.678703), (0.0, 0.0, 0.0, 1.0)],
        "head": (0.0, -0.059125, 1.678703),
        "tail": (0.0, -0.081125, 1.685703),
        "roll": 0.0,
        "connected": False,
        "type": "bone",
        "parent": "mFaceTeethLower",
        "deform": True,
    },
    "mFaceTongueTip": {
        "matrix_local": [(-1.0, -0.0, -0.0, 0.0), (0.0, -1.000001, -0.0, -0.081125), (-0.0, -0.0, 1.0, 1.685703), (0.0, 0.0, 0.0, 1.0)],
        "head": (0.0, -0.081125, 1.685703),
        "tail": (0.0, -0.091125, 1.685703),
        "roll": 0.0,
        "connected": True,
        "type": "bone",
        "parent": "mFaceTongueBase",
        "deform": True,
    },
    "Tongue": {
        "matrix_local": [(1.0, -0.0, -0.0, 0.0), (-0.0, 0.0, -1.0, -0.081125), (-0.0, 0.999999, 0.0, 1.685703), (0.0, 0.0, 0.0, 1.0)],
        "head": (0.0, -0.081125, 1.685703),
        "tail": (0.0, -0.081125, 1.715703),
        "roll": 0.0,
        "connected": False,
        "type": "attachment",
        "parent": "mFaceTongueTip",
        "deform": True,
    },
    "Jaw": {
        "matrix_local": [(1.0, 0.0, -0.0, -0.0), (0.0, -0.0, -1.0, 0.000875), (-0.0, 0.999999, -0.0, 1.712703), (0.0, 0.0, 0.0, 1.0)],
        "head": (0.0, 0.000875, 1.712703),
        "tail": (0.0, 0.000875, 1.742703),
        "roll": 0.0,
        "connected": False,
        "type": "attachment",
        "parent": "mFaceJaw",
        "deform": True,
    },
    "mFaceJawShaper": {
        "matrix_local": [(1.0, 0.0, 0.0, 0.0), (-0.0, 1.0, -0.0, -0.000125), (-0.0, 0.0, 0.999999, 1.727703), (0.0, 0.0, 0.0, 1.0)],
        "head": (0.0, -0.000125, 1.727703),
        "tail": (0.0, 0.016875, 1.727703),
        "roll": 0.0,
        "connected": False,
        "type": "bone",
        "parent": "mFaceRoot",
        "deform": True,
    },
    "mFaceForeheadCenter": {
        "matrix_local": [(-1.0, 0.0, 0.0, 0.0), (-0.0, -1.0, -0.0, -0.069125), (0.0, -0.0, 0.999999, 1.792703), (0.0, 0.0, 0.0, 1.0)],
        "head": (0.0, -0.069125, 1.792703),
        "tail": (0.0, -0.105125, 1.792703),
        "roll": 0.0,
        "connected": False,
        "type": "bone",
        "parent": "mFaceRoot",
        "deform": True,
    },
    "mFaceNoseBase": {
        "matrix_local": [(-1.0, 0.0, 0.0, 0.0), (-0.0, -1.0, -0.0, -0.094125), (0.0, -0.0, 0.999999, 1.711703), (0.0, 0.0, 0.0, 1.0)],
        "head": (0.0, -0.094125, 1.711703),
        "tail": (0.0, -0.108125, 1.711703),
        "roll": 0.0,
        "connected": False,
        "type": "bone",
        "parent": "mFaceRoot",
        "deform": True,
    },
    "mFaceTeethUpper": {
        "matrix_local": [(-1.0, 0.0, 0.0, 0.0), (0.0, -1.0, -0.0, -0.020125), (0.0, 0.0, 0.999999, 1.697703), (0.0, 0.0, 0.0, 1.0)],
        "head": (0.0, -0.020125, 1.697703),
        "tail": (0.0, -0.055125, 1.697703),
        "roll": 0.0,
        "connected": False,
        "type": "bone",
        "parent": "mFaceRoot",
        "deform": True,
    },
    "mFaceLipUpperLeft": {
        "matrix_local": [(-0.939123, 0.343582, 0.0, 0.0), (-0.343582, -0.939123, -0.0, -0.065125), (0.0, 0.0, 0.999999, 1.694703), (0.0, 0.0, 0.0, 1.0)],
        "head": (0.0, -0.065125, 1.694703),
        "tail": (0.015, -0.106125, 1.694703),
        "roll": 0.0,
        "connected": False,
        "type": "bone",
        "parent": "mFaceTeethUpper",
        "deform": True,
    },
    "mFaceLipUpperRight": {
        "matrix_local": [(-0.939123, -0.343582, -0.0, 0.0), (0.343582, -0.939123, -0.0, -0.065125), (-0.0, 0.0, 0.999999, 1.694703), (0.0, 0.0, 0.0, 1.0)],
        "head": (0.0, -0.065125, 1.694703),
        "tail": (-0.015, -0.106125, 1.694703),
        "roll": 0.0,
        "connected": False,
        "type": "bone",
        "parent": "mFaceTeethUpper",
        "deform": True,
    },
    "mFaceLipCornerLeft": {
        "matrix_local": [(-0.661622, 0.749838, 0.0, -0.019), (-0.749838, -0.661622, -0.0, -0.048125), (0.0, -0.0, 0.999999, 1.687703), (0.0, 0.0, 0.0, 1.0)],
        "head": (-0.019, -0.048125, 1.687703),
        "tail": (0.032, -0.093125, 1.687703),
        "roll": 0.0,
        "connected": False,
        "type": "bone",
        "parent": "mFaceTeethUpper",
        "deform": True,
    },
    "mFaceLipCornerRight": {
        "matrix_local": [(-0.661622, -0.749838, -0.0, 0.019), (0.749838, -0.661622, -0.0, -0.048125), (-0.0, -0.0, 0.999999, 1.687703), (0.0, 0.0, 0.0, 1.0)],
        "head": (0.019, -0.048125, 1.687703),
        "tail": (-0.032, -0.093125, 1.687703),
        "roll": 0.0,
        "connected": False,
        "type": "bone",
        "parent": "mFaceTeethUpper",
        "deform": True,
    },
    "mFaceLipUpperCenter": {
        "matrix_local": [(1.0, 0.0, -0.0, 0.0), (-0.0, -0.99892, -0.046461, -0.065125), (-0.0, 0.046461, -0.99892, 1.694703), (0.0, 0.0, 0.0, 1.0)],
        "head": (0.0, -0.065125, 1.694703),
        "tail": (0.0, -0.108125, 1.696703),
        "roll": 0.0,
        "connected": False,
        "type": "bone",
        "parent": "mFaceTeethUpper",
        "deform": True,
    },
    "mFaceEyecornerInnerLeft": {
        "matrix_local": [(-1.0, 0.0, 0.0, 0.017), (0.0, -1.0, -0.0, -0.075125), (0.0, -0.0, 0.999999, 1.759703), (0.0, 0.0, 0.0, 1.0)],
        "head": (0.017, -0.075125, 1.759703),
        "tail": (0.017, -0.091125, 1.759703),
        "roll": 0.0,
        "connected": False,
        "type": "bone",
        "parent": "mFaceRoot",
        "deform": True,
    },
    "mFaceEyecornerInnerRight": {
        "matrix_local": [(-1.0, 0.0, 0.0, -0.017), (0.0, -1.0, -0.0, -0.075125), (0.0, -0.0, 0.999999, 1.759703), (0.0, 0.0, 0.0, 1.0)],
        "head": (-0.017, -0.075125, 1.759703),
        "tail": (-0.017, -0.091125, 1.759703),
        "roll": 0.0,
        "connected": False,
        "type": "bone",
        "parent": "mFaceRoot",
        "deform": True,
    },
    "mFaceNoseBridge": {
        "matrix_local": [(1.0, -0.0, -0.0, 0.0), (-0.0, -0.882353, -0.470589, -0.091125), (-0.0, 0.470589, -0.882352, 1.747703), (0.0, 0.0, 0.0, 1.0)],
        "head": (0.0, -0.091125, 1.747703),
        "tail": (0.0, -0.106125, 1.755703),
        "roll": 0.0,
        "connected": False,
        "type": "bone",
        "parent": "mFaceRoot",
        "deform": True,
    },
    "Skull": {
        "matrix_local": [(1.0, -0.0, 0.0, 0.0), (-0.0, -0.0, -1.0, 0.024875), (-0.0, 0.999999, 0.0, 1.832703), (0.0, 0.0, 0.0, 1.0)],
        "head": (0.0, 0.024875, 1.832703),
        "tail": (0.0, 0.024875, 1.862703),
        "roll": 0.0,
        "connected": False,
        "type": "attachment",
        "parent": "mHead",
        "deform": True,
    },
    "Mouth": {
        "matrix_local": [(1.0, -0.0, 0.0, 0.0), (-0.0, 0.0, -1.0, -0.095125), (-0.0, 0.999999, 0.0, 1.683703), (0.0, 0.0, 0.0, 1.0)],
        "head": (0.0, -0.095125, 1.683703),
        "tail": (0.0, -0.095125, 1.713703),
        "roll": 0.0,
        "connected": False,
        "type": "attachment",
        "parent": "mHead",
        "deform": True,
    },
    "Chin": {
        "matrix_local": [(1.0, -0.0, 0.0, 0.0), (-0.0, 0.0, -1.0, -0.095125), (-0.0, 0.999999, 0.0, 1.642703), (0.0, 0.0, 0.0, 1.0)],
        "head": (0.0, -0.095125, 1.642703),
        "tail": (0.0, -0.095125, 1.672703),
        "roll": 0.0,
        "connected": False,
        "type": "attachment",
        "parent": "mHead",
        "deform": True,
    },
    "Left Ear": {
        "matrix_local": [(1.0, -0.0, 0.0, 0.08), (-0.0, 0.0, -1.0, 0.009875), (-0.0, 0.999999, 0.0, 1.699703), (0.0, 0.0, 0.0, 1.0)],
        "head": (0.08, 0.009875, 1.699703),
        "tail": (0.08, 0.009875, 1.729703),
        "roll": 0.0,
        "connected": False,
        "type": "attachment",
        "parent": "mHead",
        "deform": False,
    },
    "Right Ear": {
        "matrix_local": [(1.0, -0.0, 0.0, -0.08), (-0.0, 0.0, -1.0, 0.009875), (-0.0, 0.999999, 0.0, 1.699703), (0.0, 0.0, 0.0, 1.0)],
        "head": (-0.08, 0.009875, 1.699703),
        "tail": (-0.08, 0.009875, 1.729703),
        "roll": 0.0,
        "connected": False,
        "type": "attachment",
        "parent": "mHead",
        "deform": False,
    },
    "Nose": {
        "matrix_local": [(1.0, -0.0, 0.0, 0.0), (-0.0, 0.0, -1.0, -0.075125), (-0.0, 0.999999, 0.0, 1.732703), (0.0, 0.0, 0.0, 1.0)],
        "head": (0.0, -0.075125, 1.732703),
        "tail": (0.0, -0.075125, 1.762703),
        "roll": 0.0,
        "connected": False,
        "type": "attachment",
        "parent": "mHead",
        "deform": True,
    },
    "Neck": {
        "matrix_local": [(1.0, -0.0, 0.0, 0.0), (-0.0, 0.0, -1.0, 0.024875), (-0.0, 0.999999, 0.0, 1.607073), (0.0, 0.0, 0.0, 1.0)],
        "head": (0.0, 0.024875, 1.607073),
        "tail": (0.0, 0.024875, 1.637073),
        "roll": 0.0,
        "connected": False,
        "type": "attachment",
        "parent": "mNeck",
        "deform": True,
    },
    "mCollarLeft": {
        "matrix_local": [(0.0, 1.0, -0.0, 0.084665), (-1.0, 0.0, -0.0, 0.036295), (0.0, -0.0, 1.0, 1.521361), (0.0, 0.0, 0.0, 1.0)],
        "head": (0.084665, 0.036295, 1.521361),
        "tail": (0.163665, 0.036295, 1.521361),
        "roll": 0.0,
        "connected": False,
        "type": "bone",
        "parent": "mChest",
        "deform": True,
    },
    "L_CLAVICLE": {
        "matrix_local": [(0.0, 1.0, -0.0, 0.084665), (-1.0, 0.0, 0.0, 0.016295), (0.0, -0.0, 1.0, 1.541361), (0.0, 0.0, 0.0, 1.0)],
        "head": (0.084665, 0.016295, 1.541361),
        "tail": (0.184665, 0.016295, 1.541361),
        "roll": 0.0,
        "connected": False,
        "type": "collision",
        "parent": "mCollarLeft",
        "deform": True,
    },
    "mShoulderLeft": {
        "matrix_local": [(0.0, 1.0, -0.0, 0.163665), (-1.0, -0.0, 0.0, 0.036295), (0.0, 0.0, 1.0, 1.521361), (0.0, 0.0, 0.0, 1.0)],
        "head": (0.163665, 0.036295, 1.521361),
        "tail": (0.411665, 0.036295, 1.521361),
        "roll": 0.0,
        "connected": True,
        "type": "bone",
        "parent": "mCollarLeft",
        "deform": True,
    },
    "L_UPPER_ARM": {
        "matrix_local": [(0.012125, 0.993919, 0.109446, 0.283665), (-0.993919, -0.0, 0.110115, 0.036295), (0.109446, -0.110115, 0.987874, 1.531361), (0.0, 0.0, 0.0, 1.0)],
        "head": (0.283665, 0.036295, 1.531361),
        "tail": (0.412909, 0.036295, 1.517042),
        "roll": 0.0,
        "connected": False,
        "type": "collision",
        "parent": "mShoulderLeft",
        "deform": True,
    },
    "mElbowLeft": {
        "matrix_local": [(0.0, 1.0, -0.0, 0.411665), (-1.0, 0.0, -0.0, 0.036295), (0.0, 0.0, 1.0, 1.521361), (0.0, 0.0, 0.0, 1.0)],
        "head": (0.411665, 0.036295, 1.521361),
        "tail": (0.616511, 0.036295, 1.521361),
        "roll": 0.0,
        "connected": True,
        "type": "bone",
        "parent": "mShoulderLeft",
        "deform": True,
    },
    "L_LOWER_ARM": {
        "matrix_local": [(0.003884, 0.998056, 0.062198, 0.511665), (-0.998056, 0.0, 0.06232, 0.036295), (0.062198, -0.06232, 0.996116, 1.521361), (0.0, 0.0, 0.0, 1.0)],
        "head": (0.511665, 0.036295, 1.521361),
        "tail": (0.611476, 0.036295, 1.515129),
        "roll": 0.0,
        "connected": False,
        "type": "collision",
        "parent": "mElbowLeft",
        "deform": True,
    },
    "mWristLeft": {
        "matrix_local": [(0.0, 1.0, -0.0, 0.616511), (-1.0, -0.0, 0.0, 0.036295), (0.0, 0.0, 1.0, 1.521361), (0.0, 0.0, 0.0, 1.0)],
        "head": (0.616511, 0.036295, 1.521361),
        "tail": (0.676511, 0.036295, 1.521361),
        "roll": 0.0,
        "connected": True,
        "type": "bone",
        "parent": "mElbowLeft",
        "deform": True,
    },
    "L_HAND": {
        "matrix_local": [(-0.265058, 0.959506, 0.095356, 0.666511), (-0.959506, -0.272245, 0.072325, 0.026295), (0.095356, -0.072325, 0.992812, 1.521361), (0.0, 0.0, 0.0, 1.0)],
        "head": (0.666511, 0.026295, 1.521361),
        "tail": (0.713781, 0.012883, 1.517798),
        "roll": 0.0,
        "connected": False,
        "type": "collision",
        "parent": "mWristLeft",
        "deform": True,
    },
    "mHandMiddle1Left": {
        "matrix_local": [(0.046177, 0.988634, 0.143074, 0.717511), (-0.988634, 0.024716, 0.148296, 0.023295), (0.143074, -0.148296, 0.978538, 1.536361), (0.0, 0.0, 0.0, 1.0)],
        "head": (0.717511, 0.023295, 1.536361),
        "tail": (0.757511, 0.024295, 1.530361),
        "roll": 0.0,
        "connected": False,
        "type": "bone",
        "parent": "mWristLeft",
        "deform": True,
    },
    "mHandMiddle2Left": {
        "matrix_local": [(0.045578, 0.986733, 0.155824, 0.757511), (-0.986733, 0.020137, 0.161099, 0.024295), (0.155824, -0.161099, 0.974559, 1.530361), (0.0, 0.0, 0.0, 1.0)],
        "head": (0.757511, 0.024295, 1.530361),
        "tail": (0.806511, 0.025295, 1.522361),
        "roll": 0.0,
        "connected": True,
        "type": "bone",
        "parent": "mHandMiddle1Left",
        "deform": True,
    },
    "mHandMiddle3Left": {
        "matrix_local": [(0.089618, 0.982125, 0.165525, 0.806511), (-0.982125, 0.059523, 0.178569, 0.025295), (0.165525, -0.17857, 0.969904, 1.522361), (0.0, 0.0, 0.0, 1.0)],
        "head": (0.806511, 0.025295, 1.522361),
        "tail": (0.839511, 0.027295, 1.516361),
        "roll": 0.0,
        "connected": True,
        "type": "bone",
        "parent": "mHandMiddle2Left",
        "deform": True,
    },
    "mHandIndex1Left": {
        "matrix_local": [(-0.383799, 0.894151, 0.230635, 0.713511), (-0.894151, -0.422238, 0.149026, -0.001705), (0.230635, -0.149026, 0.96156, 1.536361), (0.0, 0.0, 0.0, 1.0)],
        "head": (0.713511, -0.001705, 1.536361),
        "tail": (0.749511, -0.018705, 1.530361),
        "roll": 0.0,
        "connected": False,
        "type": "bone",
        "parent": "mWristLeft",
        "deform": True,
    },
    "mHandIndex2Left": {
        "matrix_local": [(-0.347654, 0.902932, 0.252687, 0.749511), (-0.902932, -0.395033, 0.169301, -0.018705), (0.252687, -0.169301, 0.95262, 1.530361), (0.0, 0.0, 0.0, 1.0)],
        "head": (0.749511, -0.018705, 1.530361),
        "tail": (0.781511, -0.032705, 1.524361),
        "roll": 0.0,
        "connected": True,
        "type": "bone",
        "parent": "mHandIndex1Left",
        "deform": True,
    },
    "mHandIndex3Left": {
        "matrix_local": [(-0.363581, 0.905655, 0.21817, 0.781511), (-0.905655, -0.398488, 0.144903, -0.032705), (0.21817, -0.144903, 0.965093, 1.524361), (0.0, 0.0, 0.0, 1.0)],
        "head": (0.781511, -0.032705, 1.524361),
        "tail": (0.806511, -0.043705, 1.520361),
        "roll": 0.0,
        "connected": True,
        "type": "bone",
        "parent": "mHandIndex2Left",
        "deform": True,
    },
    "mHandRing1Left": {
        "matrix_local": [(0.346419, 0.927934, 0.137596, 0.715511), (-0.927934, 0.317451, 0.195355, 0.046295), (0.137596, -0.195355, 0.971032, 1.530361), (0.0, 0.0, 0.0, 1.0)],
        "head": (0.715511, 0.046295, 1.530361),
        "tail": (0.753511, 0.059295, 1.522361),
        "roll": 0.0,
        "connected": False,
        "type": "bone",
        "parent": "mWristLeft",
        "deform": True,
    },
    "mHandRing2Left": {
        "matrix_local": [(0.335865, 0.929982, 0.149429, 0.753511), (-0.929981, 0.302244, 0.209244, 0.059295), (0.149429, -0.209244, 0.966378, 1.522361), (0.0, 0.0, 0.0, 1.0)],
        "head": (0.753511, 0.059295, 1.522361),
        "tail": (0.793511, 0.072295, 1.513361),
        "roll": 0.0,
        "connected": True,
        "type": "bone",
        "parent": "mHandRing1Left",
        "deform": True,
    },
    "mHandRing3Left": {
