# Generated by Bento Buddy
rig_data = {
    "mPelvis": {
        "emat": [[1.0, 0.0, 0.0, 0.0], [0.0, 0.0, -0.9999999403953552, 0.0], [0.0, 0.9999999403953552, 1.1920928955078125e-07, 1.0670150518417358], [0.0, 0.0, 0.0, 1.0]],
        "roll": 0.0,
        "head": [0.0, 0.0, 1.0670150518417358],
        "tail": [0.0, 0.0, 1.151087999343872],
        "dmat": [[1.0, 0.0, 0.0], [0.0, 0.0, -0.9999999403953552], [0.0, 0.9999999403953552, 1.1920928955078125e-07]],
        "matrix_local": [[1.0, 0.0, 0.0, 0.0], [0.0, 0.0, -0.9999999403953552, 0.0], [0.0, 0.9999999403953552, 1.1920928955078125e-07, 1.0670150518417358], [0.0, 0.0, 0.0, 1.0]],
        "head_local": [0.0, 0.0, 1.0670150518417358],
        "tail_local": [0.0, 0.0, 1.151087999343872],
        "pmat": [[1.0, 0.0, 0.0, 0.0], [0.0, 0.0, -0.9999998807907104, 0.0], [0.0, 0.9999998807907104, 1.1920928244535389e-07, 1.0670150518417358], [0.0, 0.0, 0.0, 1.0]],
        "pmatc": [[1.0, 0.0, 0.0, 0.0], [0.0, 0.9999998807907104, 0.0, 0.0], [0.0, 7.105427357601002e-15, 0.9999998807907104, 1.1920928955078125e-07], [0.0, 0.0, 0.0, 1.0]],
    },
    "PELVIS": {
        "emat": [[1.0, 0.0, 0.0, 0.0], [0.0, -0.43091389536857605, -0.9023930430412292, 0.009999999776482582], [0.0, 0.9023930430412292, -0.430914044380188, 1.0470150709152222], [0.0, 0.0, 0.0, 1.0]],
        "roll": 0.0,
        "head": [0.0, 0.009999999776482582, 1.0470150709152222],
        "tail": [0.0, -0.03292948752641678, 1.1369153261184692],
        "dmat": [[1.0, 0.0, 0.0], [0.0, 0.9023930430412292, -0.43091389536857605], [0.0, 0.43091389536857605, 0.9023930430412292]],
        "matrix_local": [[1.0, 0.0, 0.0, 0.0], [0.0, -0.43091386556625366, -0.9023929834365845, 0.009999998845160007], [0.0, 0.9023930430412292, -0.4309137463569641, 1.0470150709152222], [0.0, 0.0, 0.0, 1.0]],
        "head_local": [0.0, 0.009999999776482582, 1.0470150709152222],
        "tail_local": [0.0, -0.03292948752641678, 1.1369153261184692],
        "pmat": [[1.0, 0.0, 0.0, 0.0], [0.0, -0.4309138059616089, -0.9023928642272949, 0.009999998845160007], [0.0, 0.9023929238319397, -0.43091368675231934, 1.0470150709152222], [0.0, 0.0, 0.0, 1.0]],
        "pmatc": [[1.0, 0.0, 0.0, 0.0], [0.0, 0.9999998807907104, 0.0, 0.0], [0.0, -2.9802322387695312e-08, 0.9999998807907104, 1.7881393432617188e-07], [0.0, 0.0, 0.0, 1.0]],
    },
    "BUTT": {
        "emat": [[1.0, 0.0, 0.0, 0.0], [0.0, 1.0, 0.0, 0.05999999865889549], [0.0, 0.0, 1.0, 0.9670150279998779], [0.0, 0.0, 0.0, 1.0]],
        "roll": 0.0,
        "head": [0.0, 0.05999999865889549, 0.9670150279998779],
        "tail": [0.0, 0.1599999964237213, 0.9670150279998779],
        "dmat": [[1.0, 0.0, 0.0], [0.0, 1.4901162614933128e-07, 1.0], [0.0, -1.0, 1.1920928955078125e-07]],
        "matrix_local": [[1.0, 0.0, 0.0, 0.0], [0.0, 0.9999999403953552, -1.1920928244535389e-07, 0.059999994933605194], [0.0, 2.9802322387695312e-08, 0.9999999403953552, 0.9670150279998779], [0.0, 0.0, 0.0, 1.0]],
        "head_local": [0.0, 0.05999999865889549, 0.9670150279998779],
        "tail_local": [0.0, 0.1599999964237213, 0.9670150279998779],
        "pmat": [[1.0, 0.0, 0.0, 0.0], [0.0, 0.9999998807907104, -1.1920927533992653e-07, 0.059999991208314896], [0.0, 2.980232949312267e-08, 0.9999998807907104, 0.9670150279998779], [0.0, 0.0, 0.0, 1.0]],
        "pmatc": [[1.0, 0.0, 0.0, 0.0], [0.0, 0.9999998807907104, 0.0, 0.0], [0.0, 7.105427357601002e-15, 0.9999998807907104, 5.7816500032004114e-08], [0.0, 0.0, 0.0, 1.0]],
    },
    "mSpine1": {
        "emat": [[1.0, 0.0, 0.0, 0.0], [0.0, 0.0, 0.9999999403953552, 0.0], [0.0, -0.9999999403953552, 1.1920928955078125e-07, 1.151087999343872], [0.0, 0.0, 0.0, 1.0]],
        "roll": 0.0,
        "head": [0.0, 0.0, 1.151087999343872],
        "tail": [0.0, 0.0, 1.0670150518417358],
        "dmat": [[1.0, 0.0, -8.74227694680485e-08], [0.0, -0.9999997615814209, 0.0], [-8.74227694680485e-08, 0.0, -1.0]],
        "matrix_local": [[1.0, 0.0, -8.74227694680485e-08, 0.0], [8.742276236262114e-08, 0.0, 0.9999999403953552, 0.0], [-1.0421606238847792e-14, -0.9999997019767761, -1.1920928955078125e-07, 1.151087999343872], [0.0, 0.0, 0.0, 1.0]],
        "head_local": [0.0, 0.0, 1.151087999343872],
        "tail_local": [0.0, 0.0, 1.0670150518417358],
        "pmat": [[1.0, 0.0, -8.742276236262114e-08, 0.0], [8.742276236262114e-08, 0.0, 0.9999998211860657, 0.0], [-1.0421605391814845e-14, -0.9999995827674866, -1.1920927533992653e-07, 1.151087999343872], [0.0, 0.0, 0.0, 1.0]],
        "pmatc": [[1.0, 7.105427357601002e-15, 0.0, 0.0], [1.4210854715202004e-14, 0.9999998211860657, 0.0, 0.0], [-8.470329472543003e-22, 7.105427357601002e-15, 0.9999998211860657, 2.384185791015625e-07], [0.0, 0.0, 0.0, 1.0]],
    },
    "mSpine2": {
        "emat": [[1.0, 0.0, 0.0, 0.0], [0.0, 0.0, -0.9999999403953552, 0.0], [0.0, 0.9999999403953552, 1.1920928955078125e-07, 1.0670150518417358], [0.0, 0.0, 0.0, 1.0]],
        "roll": 0.0,
        "head": [0.0, 0.0, 1.0670150518417358],
        "tail": [0.0, 0.0, 1.151087999343872],
        "dmat": [[1.0, 0.0, -1.5099580252808664e-07], [0.0, -1.0, 0.0], [-1.5099580252808664e-07, 0.0, -1.0]],
        "matrix_local": [[1.0, 0.0, -6.357303306003814e-08, 0.0], [-6.357302595461078e-08, 0.0, -0.9999999403953552, 0.0], [7.578496105675476e-15, 0.9999997019767761, 1.1920928955078125e-07, 1.0670150518417358], [0.0, 0.0, 0.0, 1.0]],
        "head_local": [0.0, 0.0, 1.0670150518417358],
        "tail_local": [0.0, 0.0, 1.151087999343872],
        "pmat": [[1.0, 0.0, -6.357303306003814e-08, 0.0], [-6.357301174375607e-08, 0.0, -0.9999997615814209, 0.0], [7.578495258642529e-15, 0.9999995231628418, 1.1920926823449918e-07, 1.0670150518417358], [0.0, 0.0, 0.0, 1.0]],
        "pmatc": [[1.0, 0.0, 0.0, 0.0], [0.0, 0.9999997615814209, 0.0, 0.0], [1.6940658945086007e-21, 7.105427357601002e-15, 0.9999997615814209, 2.384185791015625e-07], [0.0, 0.0, 0.0, 1.0]],
    },
    "mTorso": {
        "emat": [[1.0, 0.0, 0.0, 0.0], [0.0, 0.07480070739984512, -0.9971985220909119, 0.0], [0.0, 0.9971985220909119, 0.07480067014694214, 1.151087999343872], [0.0, 0.0, 0.0, 1.0]],
        "roll": 0.0,
        "head": [0.0, 0.0, 1.151087999343872],
        "tail": [0.0, 0.015367998741567135, 1.3559650182724],
        "dmat": [[1.0, -4.755306814985261e-09, 6.339493552331987e-08], [-5.384116193982148e-26, 0.9971985220909119, 0.07480069249868393], [-6.357303306003814e-08, -0.07480069249868393, 0.9971985220909119]],
        "matrix_local": [[1.0, 0.0, 0.0, 0.0], [0.0, 0.07480068504810333, -0.9971984624862671, 0.0], [0.0, 0.997198224067688, 0.07480078935623169, 1.151087999343872], [0.0, 0.0, 0.0, 1.0]],
        "head_local": [0.0, 0.0, 1.151087999343872],
        "tail_local": [0.0, 0.015367998741567135, 1.3559650182724],
        "pmat": [[1.0, 0.0, 0.0, 0.0], [7.105427357601002e-15, 0.07480067759752274, -0.9971982836723328, 0.0], [8.470329472543003e-22, 0.9971980452537537, 0.0748007744550705, 1.151087999343872], [0.0, 0.0, 0.0, 1.0]],
        "pmatc": [[1.0, 0.0, 0.0, 0.0], [7.105427357601002e-15, 0.9999998807907104, 0.0, 0.0], [8.470329472543003e-22, 7.450580596923828e-09, 0.9999998807907104, 2.384185791015625e-07], [0.0, 0.0, 0.0, 1.0]],
    },
    "BELLY": {
        "emat": [[1.0, 0.0, 0.0, 0.0], [0.0, -0.41607990860939026, -0.909328043460846, -0.02800000086426735], [0.0, 0.909328043460846, -0.4160797595977783, 1.1910879611968994], [0.0, 0.0, 0.0, 1.0]],
        "roll": 0.0,
        "head": [0.0, -0.02800000086426735, 1.1910879611968994],
        "tail": [0.0, -0.06880977749824524, 1.2802762985229492],
        "dmat": [[1.0, 0.0, 0.0], [0.0, 0.8756575584411621, -0.48293253779411316], [0.0, 0.48293253779411316, 0.8756575584411621]],
        "matrix_local": [[1.0, 0.0, 0.0, 0.0], [0.0, -0.4160797894001007, -0.909328043460846, -0.028000004589557648], [0.0, 0.9093279242515564, -0.4160796105861664, 1.1910878419876099], [0.0, 0.0, 0.0, 1.0]],
        "head_local": [0.0, -0.02800000086426735, 1.1910879611968994],
        "tail_local": [0.0, -0.06880977749824524, 1.2802762985229492],
        "pmat": [[1.0, 0.0, 0.0, 0.0], [7.105427357601002e-15, -0.41607972979545593, -0.9093279242515564, -0.02799997106194496], [8.470329472543003e-22, 0.9093277454376221, -0.4160795211791992, 1.1910878419876099], [0.0, 0.0, 0.0, 1.0]],
        "pmatc": [[1.0, 0.0, 0.0, 0.0], [7.105427357601002e-15, 0.9999998807907104, 2.9802322387695312e-08, 0.0], [8.470329472543003e-22, -2.9802322387695312e-08, 0.9999998211860657, 1.7881393432617188e-07], [0.0, 0.0, 0.0, 1.0]],
    },
    "LEFT_HANDLE": {
        "emat": [[0.0, 1.0, 0.0, 0.10000000149011612], [-1.0, 0.0, 0.0, 0.0], [0.0, 0.0, 1.0, 1.2090879678726196], [0.0, 0.0, 0.0, 1.0]],
        "roll": 0.0,
        "head": [0.10000000149011612, 0.0, 1.2090879678726196],
        "tail": [0.20000000298023224, 0.0, 1.2090879678726196],
        "dmat": [[0.0, 1.0, 0.0], [-0.07480084896087646, 0.0, 0.9971984624862671], [0.9971984624862671, 0.0, 0.07480084896087646]],
        "matrix_local": [[0.0, 1.0, 0.0, 0.10000000149011612], [-0.9999999403953552, 0.0, -1.6391277313232422e-07, 0.0], [-3.725290298461914e-08, 0.0, 0.9999997019767761, 1.2090879678726196], [0.0, 0.0, 0.0, 1.0]],
        "head_local": [0.10000000149011612, 0.0, 1.2090879678726196],
        "tail_local": [0.20000000298023224, 0.0, 1.2090879678726196],
        "pmat": [[0.0, 1.0, 0.0, 0.10000000149011612], [-0.9999997615814209, 7.105427357601002e-15, -1.564621925354004e-07, 4.656612873077393e-10], [-3.725290298461914e-08, 8.470329472543003e-22, 0.9999995231628418, 1.2090879678726196], [0.0, 0.0, 0.0, 1.0]],
        "pmatc": [[1.0, 0.0, 0.0, 0.0], [7.105427357601002e-15, 0.9999997615814209, 7.450552175214398e-09, -8.542727414351248e-09], [8.470329472543003e-22, 3.552713678800501e-15, 0.9999997615814209, 2.3841856489070778e-07], [0.0, 0.0, 0.0, 1.0]],
    },
    "RIGHT_HANDLE": {
        "emat": [[0.0, -1.0, 0.0, -0.10000000149011612], [1.0, 0.0, 0.0, 0.0], [0.0, 0.0, 1.0, 1.2090879678726196], [0.0, 0.0, 0.0, 1.0]],
        "roll": 0.0,
        "head": [-0.10000000149011612, 0.0, 1.2090879678726196],
        "tail": [-0.20000000298023224, 0.0, 1.2090879678726196],
        "dmat": [[0.0, -1.0, 0.0], [0.07480084896087646, 0.0, 0.9971984624862671], [-0.9971984624862671, 0.0, 0.07480084896087646]],
        "matrix_local": [[0.0, -1.0, 0.0, -0.10000000149011612], [0.9999999403953552, 0.0, -1.6391277313232422e-07, 0.0], [3.725290298461914e-08, 0.0, 0.9999997019767761, 1.2090879678726196], [0.0, 0.0, 0.0, 1.0]],
        "head_local": [-0.10000000149011612, 0.0, 1.2090879678726196],
        "tail_local": [-0.20000000298023224, 0.0, 1.2090879678726196],
        "pmat": [[0.0, -1.0, 0.0, -0.10000000149011612], [0.9999997615814209, -7.105427357601002e-15, -1.564621925354004e-07, 4.656612873077393e-10], [3.725290298461914e-08, -8.470329472543003e-22, 0.9999995231628418, 1.2090879678726196], [0.0, 0.0, 0.0, 1.0]],
        "pmatc": [[1.0, 0.0, 0.0, 0.0], [7.105427357601002e-15, 0.9999997615814209, 7.450552175214398e-09, -8.542727414351248e-09], [8.470329472543003e-22, 3.552713678800501e-15, 0.9999997615814209, 2.3841856489070778e-07], [0.0, 0.0, 0.0, 1.0]],
    },
    "LOWER_BACK": {
        "emat": [[1.0, 0.0, 0.0, 0.0], [0.0, 1.0, 0.0, 0.0], [0.0, 0.0, 1.0, 1.1740880012512207], [0.0, 0.0, 0.0, 1.0]],
        "roll": 0.0,
        "head": [0.0, 0.0, 1.1740880012512207],
        "tail": [0.0, 0.10000000149011612, 1.1740880012512207],
        "dmat": [[1.0, 0.0, 0.0], [0.0, 0.07480084896087646, 0.9971985220909119], [0.0, -0.9971985220909119, 0.07480078935623169]],
        "matrix_local": [[1.0, 0.0, 0.0, 0.0], [0.0, 1.0, -1.043081283569336e-07, -4.656612873077393e-10], [0.0, 3.725290298461914e-08, 0.9999997615814209, 1.1740880012512207], [0.0, 0.0, 0.0, 1.0]],
        "head_local": [0.0, 0.0, 1.1740880012512207],
        "tail_local": [0.0, 0.10000000149011612, 1.1740880012512207],
        "pmat": [[1.0, 0.0, 0.0, 0.0], [7.105427357601002e-15, 0.9999998211860657, -9.685754776000977e-08, -3.4924596548080444e-10], [8.470329472543003e-22, 3.725290298461914e-08, 0.9999995827674866, 1.1740880012512207], [0.0, 0.0, 0.0, 1.0]],
        "pmatc": [[1.0, 0.0, 0.0, 0.0], [7.105427357601002e-15, 0.9999998211860657, 7.450566386069113e-09, -8.631204195808095e-09], [8.470329472543003e-22, 7.105427357601002e-15, 0.9999998211860657, 2.384185791015625e-07], [0.0, 0.0, 0.0, 1.0]],
    },
    "mSpine3": {
        "emat": [[1.0, 0.0, 0.0, 0.0], [0.0, -0.07480069994926453, 0.9971985220909119, 0.015367998741567135], [0.0, -0.9971985220909119, -0.07480084896087646, 1.3559650182724], [0.0, 0.0, 0.0, 1.0]],
        "roll": 0.0,
        "head": [0.0, 0.015367998741567135, 1.3559650182724],
        "tail": [0.0, 9.313225746154785e-10, 1.151087999343872],
        "dmat": [[1.0, -7.925797401741631e-16, -8.742277657347586e-08], [7.925797401741631e-16, -1.0, 1.8132110923829714e-08], [-8.742277657347586e-08, -1.8132110923829714e-08, -1.0]],
        "matrix_local": [[1.0, -7.925797401741631e-16, -8.742277657347586e-08, 0.0], [8.717785959788671e-08, -0.07480067014694214, 0.9971984624862671, 0.01536799781024456], [-6.539291774743106e-09, -0.997198224067688, -0.0748007744550705, 1.3559650182724], [0.0, 0.0, 0.0, 1.0]],
        "head_local": [0.0, 0.015367998741567135, 1.3559650182724],
        "tail_local": [0.0, 9.313225746154785e-10, 1.151087999343872],
        "pmat": [[1.0, -7.925796872346039e-16, -8.74227694680485e-08, 0.0], [8.717785249245935e-08, -0.07480065524578094, 0.997198224067688, 0.015367995947599411], [-6.539290442475476e-09, -0.9971979856491089, -0.0748007521033287, 1.3559650182724], [0.0, 0.0, 0.0, 1.0]],
        "pmatc": [[1.0, 7.105427357601002e-15, -4.440892098500626e-16, 8.881784197001252e-16], [1.4210854715202004e-14, 0.9999998211860657, 0.0, 0.0], [-4.440892098500626e-16, 7.450580596923828e-09, 0.9999998211860657, 3.5762786865234375e-07], [0.0, 0.0, 0.0, 1.0]],
    },
    "mSpine4": {
        "emat": [[1.0, 0.0, 0.0, 0.0], [0.0, 0.07480069994926453, -0.9971985220909119, 9.313225746154785e-10], [0.0, 0.9971985220909119, 0.07480067014694214, 1.151087999343872], [0.0, 0.0, 0.0, 1.0]],
        "roll": 0.0,
        "head": [0.0, 9.313225746154785e-10, 1.151087999343872],
        "tail": [0.0, 0.015367998741567135, 1.3559650182724],
        "dmat": [[1.0, 6.844681605557685e-16, -1.5099580252808664e-07], [-6.844681605557685e-16, -1.0, -9.066055461914857e-09], [-1.5099580252808664e-07, 9.066055461914857e-09, -1.0]],
        "matrix_local": [[1.0, 6.844681605557685e-16, -6.357302595461078e-08, -1.6283761071688655e-16], [-6.339492841789252e-08, 0.07480067759752274, -0.9971984624862671, 1.862645149230957e-09], [4.755311699966569e-09, 0.997198224067688, 0.07480078190565109, 1.151087999343872], [0.0, 0.0, 0.0, 1.0]],
        "head_local": [0.0, 9.313225746154785e-10, 1.151087999343872],
        "tail_local": [0.0, 0.015367998741567135, 1.3559650182724],
        "pmat": [[1.0, 6.844681076162093e-16, -6.357303306003814e-08, -1.6283759748199675e-16], [-6.339489289075573e-08, 0.07480066269636154, -0.997198224067688, 2.7939677238464355e-09], [4.7553103676989394e-09, 0.9971979856491089, 0.0748007595539093, 1.151087999343872], [0.0, 0.0, 0.0, 1.0]],
        "pmatc": [[1.0, 7.105427357601002e-15, -4.440892098500626e-16, 1.3322676295501878e-15], [1.4210854715202004e-14, 0.9999998211860657, 0.0, 0.0], [4.440892098500626e-16, 7.450580596923828e-09, 0.9999998211860657, 3.5762786865234375e-07], [0.0, 0.0, 0.0, 1.0]],
    },
    "mChest": {
        "emat": [[1.0, 0.0, 0.0, 0.0], [0.0, 0.03783309459686279, -0.999284029006958, 0.015367998741567135], [0.0, 0.999284029006958, 0.03783315420150757, 1.3559650182724], [0.0, 0.0, 0.0, 1.0]],
        "roll": 0.0,
        "head": [0.0, 0.015367998741567135, 1.3559650182724],
        "tail": [0.0, 0.02487500011920929, 1.6070730686187744],
        "dmat": [[1.0, 2.353474526373134e-09, 6.352944126319926e-08], [4.440892098500626e-16, 0.9993144869804382, -0.03702002763748169], [-6.357301884918343e-08, 0.03702002763748169, 0.999314546585083]],
        "matrix_local": [[1.0, 0.0, -7.105427357601002e-15, -2.2211811150298522e-17], [-1.4210854715202004e-14, 0.037833087146282196, -0.999284029006958, 0.01536799967288971], [4.440892098500626e-16, 0.9992837309837341, 0.03783320263028145, 1.3559650182724], [0.0, 0.0, 0.0, 1.0]],
        "head_local": [0.0, 0.015367998741567135, 1.3559650182724],
        "tail_local": [0.0, 0.02487500011920929, 1.6070730686187744],
        "pmat": [[1.0, -2.220446049250313e-16, -1.4210854715202004e-14, -2.2211811150298522e-17], [7.105427357601002e-15, 0.0378330834209919, -0.9992837905883789, 0.015367996878921986], [8.881784197001252e-16, 0.999283492565155, 0.037833187729120255, 1.3559650182724], [0.0, 0.0, 0.0, 1.0]],
        "pmatc": [[1.0, 7.091940051981872e-15, -4.907060916186767e-16, 5.563912732167611e-16], [2.1316278684671217e-14, 0.9999997615814209, 3.725290298461914e-09, -3.725290298461914e-09], [4.440894745478586e-16, 7.450580596923828e-09, 0.9999997615814209, 4.76837158203125e-07], [0.0, 0.0, 0.0, 1.0]],
    },
    "CHEST": {
        "emat": [[1.0, 0.0, 0.0, 0.0], [0.0, 0.6726981401443481, -0.7399171590805054, -0.01263200119137764], [0.0, 0.7399171590805054, 0.6726980209350586, 1.4259650707244873], [0.0, 0.0, 0.0, 1.0]],
        "roll": 0.0,
        "head": [0.0, -0.01263200119137764, 1.4259650707244873],
        "tail": [0.0, 0.10830405354499817, 1.5589855909347534],
        "dmat": [[1.0, -4.577480396410118e-15, 5.434499862112547e-15], [-4.235164736271502e-22, 0.7648377418518066, 0.6442230343818665], [-7.105429051666896e-15, -0.6442230343818665, 0.7648376822471619]],
        "matrix_local": [[1.0, -4.235164736271502e-22, 1.2705494208814505e-21, -2.221179791540872e-17], [-7.110512943416317e-15, 0.6726979613304138, -0.7399171590805054, -0.012631996534764767], [1.752676603991658e-16, 0.7399169206619263, 0.6726978421211243, 1.4259650707244873], [0.0, 0.0, 0.0, 1.0]],
        "head_local": [0.0, -0.01263200119137764, 1.4259650707244873],
        "tail_local": [0.0, 0.10830405354499817, 1.5589855909347534],
        "pmat": [[1.0, 4.407651984551526e-15, -5.5775429745965905e-15, -2.5513521755894143e-16], [1.4205767435320794e-14, 0.6726978421211243, -0.7399168610572815, -0.012631948105990887], [6.193569496585672e-16, 0.7399165630340576, 0.6726978421211243, 1.4259650707244873], [0.0, 0.0, 0.0, 1.0]],
        "pmatc": [[1.0, 7.091940051981872e-15, -4.907054563439662e-16, 5.563901085464586e-16], [2.1316278684671217e-14, 0.9999997615814209, 8.940696716308594e-08, -1.7881393432617188e-07], [4.440875157841681e-16, -2.384185791015625e-07, 0.9999997615814209, 2.980232238769531e-07], [0.0, 0.0, 0.0, 1.0]],
    },
    "LEFT_PEC": {
        "emat": [[1.0, 0.0, 0.0, 0.0820000022649765], [0.0, -0.9888107776641846, 0.14917530119419098, -0.10363200306892395], [0.0, -0.14917530119419098, -0.988813042640686, 1.3979650735855103], [0.0, 0.0, 0.0, 1.0]],
        "roll": 0.0,
        "head": [0.0820000022649765, -0.10363200306892395, 1.3979650735855103],
        "tail": [0.0820000022649765, -0.18295902013778687, 1.3859975337982178],
        "dmat": [[1.0, -2.6469779601696886e-23, -1.3250126864778364e-15], [-1.3017707376798888e-15, -0.1864784210920334, -0.9824590682983398], [-2.4708626050787784e-16, 0.9824590682983398, -0.18647849559783936]],
        "matrix_local": [[1.0, -6.980791541610215e-15, -3.282252670610414e-21, 0.0820000022649765], [-1.4013195341795476e-14, -0.9888107180595398, 0.1491755247116089, -0.10363199561834335], [-8.660972236772713e-16, -0.1491752713918686, -0.9888104796409607, 1.3979650735855103], [0.0, 0.0, 0.0, 1.0]],
        "head_local": [0.0820000022649765, -0.10363200306892395, 1.3979650735855103],
        "tail_local": [0.0820000022649765, -0.18295902013778687, 1.3859975337982178],
        "pmat": [[1.0, -1.3920175877593904e-14, 1.543155751768696e-15, 0.0820000022649765], [7.303086731007529e-15, -0.9888104200363159, 0.1491754651069641, -0.10363198071718216], [-4.2200769618985345e-16, -0.149175226688385, -0.9888101816177368, 1.3979651927947998], [0.0, 0.0, 0.0, 1.0]],
        "pmatc": [[1.0, 7.091939628465398e-15, -4.907060916186767e-16, -7.450580596923828e-09], [2.131628037873711e-14, 0.9999997615814209, 1.4901161193847656e-08, -2.2351741790771484e-08], [4.44089315729181e-16, 0.0, 0.9999997615814209, 4.973262548446655e-07], [0.0, 0.0, 0.0, 1.0]],
    },
    "RIGHT_PEC": {
        "emat": [[1.0, 0.0, 0.0, -0.0820000022649765], [0.0, -0.9888107776641846, 0.14917530119419098, -0.10363200306892395], [0.0, -0.14917530119419098, -0.988813042640686, 1.3979650735855103], [0.0, 0.0, 0.0, 1.0]],
        "roll": 0.0,
        "head": [-0.0820000022649765, -0.10363200306892395, 1.3979650735855103],
        "tail": [-0.0820000022649765, -0.18295902013778687, 1.3859975337982178],
        "dmat": [[1.0, -2.6469779601696886e-23, -1.3250126864778364e-15], [-1.3017707376798888e-15, -0.1864784210920334, -0.9824590682983398], [-2.4708626050787784e-16, 0.9824590682983398, -0.18647849559783936]],
        "matrix_local": [[1.0, -6.980791541610215e-15, -3.282252670610414e-21, -0.0820000022649765], [-1.4013195341795476e-14, -0.9888107180595398, 0.1491755247116089, -0.10363199561834335], [-8.660972236772713e-16, -0.1491752713918686, -0.9888104796409607, 1.3979650735855103], [0.0, 0.0, 0.0, 1.0]],
        "head_local": [-0.0820000022649765, -0.10363200306892395, 1.3979650735855103],
        "tail_local": [-0.0820000022649765, -0.18295902013778687, 1.3859975337982178],
        "pmat": [[1.0, -1.3920175877593904e-14, 1.543155751768696e-15, -0.0820000022649765], [7.303086731007529e-15, -0.9888104200363159, 0.1491754651069641, -0.10363198071718216], [-4.2200769618985345e-16, -0.149175226688385, -0.9888101816177368, 1.3979651927947998], [0.0, 0.0, 0.0, 1.0]],
        "pmatc": [[1.0, 7.091939628465398e-15, -4.907060916186767e-16, 7.450580596923828e-09], [2.131628037873711e-14, 0.9999997615814209, 1.4901161193847656e-08, -2.2351741790771484e-08], [4.44089315729181e-16, 0.0, 0.9999997615814209, 4.973262548446655e-07], [0.0, 0.0, 0.0, 1.0]],
    },
    "UPPER_BACK": {
        "emat": [[1.0, 0.0, 0.0, 0.0], [0.0, 1.0, 0.0, 0.01536799967288971], [0.0, 0.0, 1.0, 1.3729649782180786], [0.0, 0.0, 0.0, 1.0]],
        "roll": 0.0,
        "head": [0.0, 0.01536799967288971, 1.3729649782180786],
        "tail": [0.0, 0.11536800116300583, 1.3729649782180786],
        "dmat": [[1.0, -7.100340501236266e-15, 2.688246199453306e-16], [-2.541098841762901e-21, 0.03783330321311951, 0.9992840886116028], [-7.105427357601002e-15, -0.9992840886116028, 0.03783327341079712]],
        "matrix_local": [[1.0, 0.0, 3.044024654195142e-21, -2.2211811150298522e-17], [-7.110514637482211e-15, 1.0, -1.862645149230957e-07, 0.015368001535534859], [1.7526559575635687e-16, 8.940696716308594e-08, 0.9999997019767761, 1.3729649782180786], [0.0, 0.0, 0.0, 1.0]],
        "head_local": [0.0, 0.01536799967288971, 1.3729649782180786],
        "tail_local": [0.0, 0.11536800116300583, 1.3729649782180786],
        "pmat": [[1.0, 7.091940051981872e-15, -4.907041857945453e-16, -3.055378535283045e-17], [1.42057657412549e-14, 0.9999997615814209, -1.7881393432617188e-07, 0.01536799967288971], [6.193549379553175e-16, 9.313225746154785e-08, 0.999999463558197, 1.3729649782180786], [0.0, 0.0, 0.0, 1.0]],
        "pmatc": [[1.0, 7.091940051981872e-15, -4.907060916186767e-16, 5.563913261563203e-16], [2.1316278684671217e-14, 0.9999997615814209, 7.450552175214398e-09, -9.313225746154785e-09], [4.440894216082994e-16, 3.725311614743987e-09, 0.9999998211860657, 2.369873044472115e-07], [0.0, 0.0, 0.0, 1.0]],
    },
    "mNeck": {
        "emat": [[1.0, 0.0, 0.0, 0.0], [0.0, 0.0, -1.0, 0.02487500011920929], [0.0, 1.0, 0.0, 1.6070730686187744], [0.0, 0.0, 0.0, 1.0]],
        "roll": 0.0,
        "head": [0.0, 0.02487500011920929, 1.6070730686187744],
        "tail": [0.0, 0.02487500011920929, 1.6827030181884766],
        "dmat": [[1.0, 2.6882027890147593e-16, 7.10034092475274e-15], [0.0, 0.9992840886116028, -0.037833090871572495], [-7.105427357601002e-15, 0.037833090871572495, 0.9992840886116028]],
        "matrix_local": [[1.0, 0.0, 4.235164736271502e-22, -2.2211811150298522e-17], [-7.110514637482211e-15, -3.725290298461914e-09, -1.0, 0.024875003844499588], [1.7526813685519863e-16, 0.9999997019767761, 1.2293457984924316e-07, 1.6070730686187744], [0.0, 0.0, 0.0, 1.0]],
        "head_local": [0.0, 0.02487500011920929, 1.6070730686187744],
        "tail_local": [0.0, 0.02487500011920929, 1.6827030181884766],
        "pmat": [[1.0, -4.907059327999991e-16, -7.091939204948924e-15, -7.800896835015268e-17], [1.42057657412549e-14, 3.725290298461914e-09, -0.9999997615814209, 0.02487500011920929], [6.193574790541593e-16, 0.999999463558197, 1.1920928955078125e-07, 1.6070730686187744], [0.0, 0.0, 0.0, 1.0]],
        "pmatc": [[1.0, 7.091939628465398e-15, -4.907060916186767e-16, 5.563913790958795e-16], [2.1316278684671217e-14, 0.9999997615814209, 7.450582373280668e-09, -1.1574751823673068e-08], [4.440894216082994e-16, 3.7252618767524837e-09, 0.9999998211860657, 2.384185791015625e-07], [0.0, 0.0, 0.0, 1.0]],
    },
    "NECK": {
        "emat": [[1.0, 0.0, 0.0, 0.0], [0.0, 0.0, -1.0, 0.02487500011920929], [0.0, 1.0, 0.0, 1.627073049545288], [0.0, 0.0, 0.0, 1.0]],
        "roll": 0.0,
        "head": [0.0, 0.02487500011920929, 1.627073049545288],
        "tail": [0.0, 0.02487500011920929, 1.7070730924606323],
        "dmat": [[1.0, 1.5777218104420236e-30, -4.235164736271502e-22], [0.0, 1.0, 3.725290298461914e-09], [4.235164736271502e-22, -3.725290298461914e-09, 1.0]],
        "matrix_local": [[1.0, 0.0, 0.0, -2.2211811150298522e-17], [-7.110514637482211e-15, 0.0, -1.0, 0.024875003844499588], [1.7526813685519863e-16, 0.9999997019767761, 1.2665987014770508e-07, 1.627073049545288], [0.0, 0.0, 0.0, 1.0]],
        "head_local": [0.0, 0.02487500011920929, 1.627073049545288],
        "tail_local": [0.0, 0.02487500011920929, 1.7070730924606323],
        "pmat": [[1.0, -4.907059327999991e-16, -7.091939628465398e-15, -8.782307588884523e-17], [1.42057657412549e-14, 7.4505797087454084e-09, -0.9999997615814209, 0.02487500011920929], [6.193574790541593e-16, 0.999999463558197, 1.2293457984924316e-07, 1.627073049545288], [0.0, 0.0, 0.0, 1.0]],
        "pmatc": [[1.0, 7.091939628465398e-15, -4.907060916186767e-16, 5.563913790958795e-16], [2.1316278684671217e-14, 0.9999997615814209, 7.450582373280668e-09, -1.2122641557255065e-08], [4.440893686687402e-16, 3.7252618767524837e-09, 0.9999998211860657, 2.384185791015625e-07], [0.0, 0.0, 0.0, 1.0]],
    },
    "mHead": {
        "emat": [[1.0, 0.0, 0.0, 0.0], [0.0, 0.0, -1.0, 0.02487500011920929], [0.0, 1.0, 0.0, 1.6827030181884766], [0.0, 0.0, 0.0, 1.0]],
        "roll": 0.0,
        "head": [0.0, 0.02487500011920929, 1.6827030181884766],
        "tail": [0.0, 0.02487500011920929, 1.7617030143737793],
        "dmat": [[1.0, 1.5777218104420236e-30, -4.235164736271502e-22], [0.0, 1.0, 3.725290298461914e-09], [4.235164736271502e-22, -3.725290298461914e-09, 1.0]],
        "matrix_local": [[1.0, 0.0, 0.0, -2.2211811150298522e-17], [-7.110514637482211e-15, 0.0, -1.0, 0.024875003844499588], [1.7526813685519863e-16, 0.9999997019767761, 1.2665987014770508e-07, 1.6827030181884766], [0.0, 0.0, 0.0, 1.0]],
        "head_local": [0.0, 0.02487500011920929, 1.6827030181884766],
        "tail_local": [0.0, 0.02487500011920929, 1.7617030143737793],
        "pmat": [[1.0, -4.907059327999991e-16, -7.091939628465398e-15, -1.1512104195472e-16], [1.42057657412549e-14, 7.4505797087454084e-09, -0.9999997615814209, 0.02487500011920929], [6.193574790541593e-16, 0.999999463558197, 1.2293457984924316e-07, 1.6827030181884766], [0.0, 0.0, 0.0, 1.0]],
        "pmatc": [[1.0, 7.091939628465398e-15, -4.907060916186767e-16, 5.563913790958795e-16], [2.1316278684671217e-14, 0.9999997615814209, 7.450582373280668e-09, -1.2537117122235486e-08], [4.440893686687402e-16, 3.7252618767524837e-09, 0.9999998211860657, 3.5762786865234375e-07], [0.0, 0.0, 0.0, 1.0]],
    },
    "HEAD": {
        "emat": [[1.0, 0.0, 0.0, 0.0], [0.0, 0.0, -1.0, 0.004875000566244125], [0.0, 1.0, 0.0, 1.752703070640564], [0.0, 0.0, 0.0, 1.0]],
        "roll": 0.0,
        "head": [0.0, 0.004875000566244125, 1.752703070640564],
        "tail": [0.0, 0.004875000566244125, 1.8527030944824219],
        "dmat": [[1.0, 0.0, 0.0], [0.0, 1.0, 0.0], [0.0, 0.0, 1.0]],
        "matrix_local": [[1.0, 0.0, 0.0, -2.2211811150298522e-17], [-7.110514637482211e-15, 0.0, -1.0, 0.004875004291534424], [1.7526813685519863e-16, 0.9999997019767761, 1.2665987014770508e-07, 1.752703070640564], [0.0, 0.0, 0.0, 1.0]],
        "head_local": [0.0, 0.004875000566244125, 1.752703070640564],
        "tail_local": [0.0, 0.004875000566244125, 1.8527030944824219],
        "pmat": [[1.0, -4.907059327999991e-16, -7.091939628465398e-15, -2.9130929481865323e-16], [1.42057657412549e-14, 7.4505797087454084e-09, -0.9999997615814209, 0.00487500661984086], [6.193574790541593e-16, 0.999999463558197, 1.2293457984924316e-07, 1.752703070640564], [0.0, 0.0, 0.0, 1.0]],
        "pmatc": [[1.0, 7.091939628465398e-15, -4.907060916186767e-16, 5.563913790958795e-16], [2.1316278684671217e-14, 0.9999997615814209, 7.450582373280668e-09, -1.0264690430972223e-08], [4.440893686687402e-16, 3.7252618767524837e-09, 0.9999998211860657, 3.5762786865234375e-07], [0.0, 0.0, 0.0, 1.0]],
    },
    "mSkull": {
        "emat": [[1.0, 0.0, 0.0, 0.0], [0.0, 0.0, -1.0, 0.02487500011920929], [0.0, 1.0, 0.0, 1.7617030143737793], [0.0, 0.0, 0.0, 1.0]],
        "roll": 0.0,
        "head": [0.0, 0.02487500011920929, 1.7617030143737793],
        "tail": [0.0, 0.02487500011920929, 1.7947030067443848],
        "dmat": [[1.0, 0.0, 0.0], [0.0, 1.0, 0.0], [0.0, 0.0, 1.0]],
        "matrix_local": [[1.0, 0.0, 0.0, -2.2211811150298522e-17], [-7.110514637482211e-15, 0.0, -1.0, 0.024875003844499588], [1.7526813685519863e-16, 0.9999997019767761, 1.2665987014770508e-07, 1.7617030143737793], [0.0, 0.0, 0.0, 1.0]],
        "head_local": [0.0, 0.02487500011920929, 1.7617030143737793],
        "tail_local": [0.0, 0.02487500011920929, 1.7947030067443848],
        "pmat": [[1.0, -4.907059327999991e-16, -7.091939628465398e-15, -1.5388682827479315e-16], [1.42057657412549e-14, 7.4505797087454084e-09, -0.9999997615814209, 0.02487500011920929], [6.193574790541593e-16, 0.999999463558197, 1.2293457984924316e-07, 1.7617030143737793], [0.0, 0.0, 0.0, 1.0]],
        "pmatc": [[1.0, 7.091939628465398e-15, -4.907060916186767e-16, 5.563913790958795e-16], [2.1316278684671217e-14, 0.9999997615814209, 7.450582373280668e-09, -1.3125712960970759e-08], [4.440893686687402e-16, 3.7252618767524837e-09, 0.9999998211860657, 3.5762786865234375e-07], [0.0, 0.0, 0.0, 1.0]],
    },
    "mEyeRight": {
        "emat": [[-1.0, 0.0, 0.0, -0.035999998450279236], [0.0, -1.0, 0.0, -0.07359100133180618], [0.0, 0.0, 1.0, 1.7617030143737793], [0.0, 0.0, 0.0, 1.0]],
        "roll": 0.0,
        "head": [-0.035999998450279236, -0.07359100133180618, 1.7617030143737793],
        "tail": [-0.035999998450279236, -0.09859099984169006, 1.7617030143737793],
        "dmat": [[-1.0, 0.0, 8.742277657347586e-08], [8.742277657347586e-08, -1.2665994120197865e-07, 1.0], [1.1072963563858035e-14, 1.0, 1.3411059285317606e-07]],
        "matrix_local": [[-1.0, 0.0, 8.742277657347586e-08, -0.035999998450279236], [-3.962448926375824e-15, -1.0, -1.3411059285317606e-07, -0.07359099388122559], [8.742274815176643e-08, -2.842170943040401e-14, 0.9999997019767761, 1.7617030143737793], [0.0, 0.0, 0.0, 1.0]],
        "head_local": [-0.035999998450279236, -0.07359100133180618, 1.7617030143737793],
        "tail_local": [-0.035999998450279236, -0.09859099984169006, 1.7617030143737793],
        "pmat": [[-1.0, -7.091939628465398e-15, 8.742277657347586e-08, -0.035999998450279236], [-2.4627376215267428e-14, -0.9999997615814209, -1.266599838345428e-07, -0.07359097898006439], [8.742272683548435e-08, -3.725290298461914e-09, 0.999999463558197, 1.7617030143737793], [0.0, 0.0, 0.0, 1.0]],
        "pmatc": [[1.0, 7.091939628465398e-15, 0.0, 0.0], [2.1316278684671217e-14, 0.9999997615814209, 7.450580596923828e-09, -7.450580596923828e-09], [0.0, 3.7252618767524837e-09, 0.9999998211860657, 3.5475477488944307e-07], [0.0, 0.0, 0.0, 1.0]],
    },
    "mEyeLeft": {
        "emat": [[-1.0, 0.0, 0.0, 0.035999998450279236], [0.0, -1.0, 0.0, -0.07358600199222565], [0.0, 0.0, 1.0, 1.7617030143737793], [0.0, 0.0, 0.0, 1.0]],
        "roll": 0.0,
        "head": [0.035999998450279236, -0.07358600199222565, 1.7617030143737793],
        "tail": [0.035999998450279236, -0.09858600050210953, 1.7617030143737793],
        "dmat": [[-1.0, 0.0, 8.742277657347586e-08], [8.742277657347586e-08, -1.266598985694145e-07, 1.0], [1.1072960175726246e-14, 1.0, 1.3411050758804777e-07]],
        "matrix_local": [[-1.0, 0.0, 8.742277657347586e-08, 0.035999998450279236], [-3.962445538244035e-15, -1.0, -1.3411050758804777e-07, -0.07358600199222565], [8.742274815176643e-08, 1.4210854715202004e-14, 0.9999997019767761, 1.7617030143737793], [0.0, 0.0, 0.0, 1.0]],
        "head_local": [0.035999998450279236, -0.07358600199222565, 1.7617030143737793],
        "tail_local": [0.035999998450279236, -0.09858600050210953, 1.7617030143737793],
        "pmat": [[-1.0, -7.091939628465398e-15, 8.742277657347586e-08, 0.035999998450279236], [-2.462737282713564e-14, -0.9999997615814209, -1.266598985694145e-07, -0.07358597964048386], [8.742272683548435e-08, -3.7252476658977685e-09, 0.999999463558197, 1.7617030143737793], [0.0, 0.0, 0.0, 1.0]],
        "pmatc": [[1.0, 7.091939628465398e-15, 0.0, 0.0], [2.1316278684671217e-14, 0.9999997615814209, 7.450580596923828e-09, 0.0], [0.0, 3.7252618767524837e-09, 0.9999998211860657, 3.610491887684475e-07], [0.0, 0.0, 0.0, 1.0]],
    },
    "mFaceRoot": {
        "emat": [[-1.0, 0.0, 0.0, 0.0], [0.0, -1.0, 0.0, -0.0001250002533197403], [0.0, 0.0, 1.0, 1.7277029752731323], [0.0, 0.0, 0.0, 1.0]],
        "roll": 0.0,
        "head": [0.0, 0.0, 0.0],
        "tail": [0.0, 1.0, 0.1289999783039093],
        "dmat": [[-1.0, 0.0, 8.742277657347586e-08], [8.742277657347586e-08, -1.86264500712241e-07, 1.0], [1.628375948350188e-14, 1.0, 1.3411042232291948e-07]],
        "matrix_local": [[-1.0, 0.0, 8.742277657347586e-08, -2.2211811150298522e-17], [-9.173244846019668e-15, -1.0, -1.3411042232291948e-07, -0.00012499652802944183], [8.742274815176643e-08, -5.960457372111705e-08, 0.9999997019767761, 1.7277029752731323], [0.0, 0.0, 0.0, 1.0]],
        "head_local": [0.0, -0.0001250002533197403, 1.7277029752731323],
        "tail_local": [0.0, -0.020124999806284904, 1.7277029752731323],
        "pmat": [[-1.0, -7.091939628465398e-15, 8.742277657347586e-08, -3.145012951424924e-16], [-2.983817213491127e-14, -0.9999997615814209, -1.2665981330428622e-07, -0.00012499433069024235], [8.742272683548435e-08, -6.332982138701482e-08, 0.999999463558197, 1.7277029752731323], [0.0, 0.0, 0.0, 1.0]],
        "pmatc": [[1.0, 7.091939204948924e-15, 0.0, 1.4210854715202004e-14], [2.1316278684671217e-14, 0.9999997615814209, 7.450580596923828e-09, -1.0710209608078003e-08], [0.0, 3.725258324038805e-09, 0.9999998211860657, 3.576357698875654e-07], [0.0, 0.0, 0.0, 1.0]],
    },
    "mFaceEyeAltRight": {
        "emat": [[-1.0, 0.0, 0.0, -0.035999998450279236], [0.0, -1.0, 0.0, -0.07359100133180618], [0.0, 0.0, 1.0, 1.7616329193115234], [0.0, 0.0, 0.0, 1.0]],
        "roll": 0.0,
        "head": [0.0, 0.0, 9.327042578545982e-41],
        "tail": [0.0, 0.0, -5.186475767079787e-34],
        "dmat": [[1.0, 0.0, 8.742280499518529e-08], [0.0, 1.0, 0.0], [-8.742280499518529e-08, 0.0, 1.0]],
        "matrix_local": [[-1.0, 0.0, -2.842170943040401e-14, -0.035999998450279236], [2.551064184387348e-15, -1.0, -1.3411042232291948e-07, -0.07359099388122559], [-2.842170943040401e-14, -5.960457372111705e-08, 0.9999997019767761, 1.7616329193115234], [0.0, 0.0, 0.0, 1.0]],
        "head_local": [-0.035999998450279236, -0.07359100133180618, 1.7616329193115234],
        "tail_local": [-0.035999998450279236, -0.09859099984169006, 1.7616329193115234],
        "pmat": [[-1.0, -7.091939628465398e-15, -2.842170943040401e-14, -0.035999998450279236], [-1.8765215347316816e-14, -0.9999997615814209, -1.2665981330428622e-07, -0.07359097898006439], [-2.842170943040401e-14, -6.332982138701482e-08, 0.999999463558197, 1.7616329193115234], [0.0, 0.0, 0.0, 1.0]],
        "pmatc": [[1.0, 7.091939628465398e-15, 0.0, 0.0], [2.1316278684671217e-14, 0.9999997615814209, 7.450580596923828e-09, -7.450580596923828e-09], [5.082197683525802e-21, 3.725258324038805e-09, 0.9999998211860657, 3.622883468779037e-07], [0.0, 0.0, 0.0, 1.0]],
    },
    "mFaceEyeAltLeft": {
        "emat": [[-1.0, 0.0, 0.0, 0.035999998450279236], [0.0, -1.0, 0.0, -0.07358600199222565], [0.0, 0.0, 1.0, 1.7616329193115234], [0.0, 0.0, 0.0, 1.0]],
        "roll": 0.0,
        "head": [1.0, 0.0, 0.0],
        "tail": [0.0, 0.0, 1.0],
        "dmat": [[1.0, 0.0, 8.742280499518529e-08], [0.0, 1.0, 0.0], [-8.742280499518529e-08, 0.0, 1.0]],
        "matrix_local": [[-1.0, 0.0, -2.842170943040401e-14, 0.035999998450279236], [2.551064184387348e-15, -1.0, -1.3411042232291948e-07, -0.07358599454164505], [-2.842170943040401e-14, -5.960457372111705e-08, 0.9999997019767761, 1.7616329193115234], [0.0, 0.0, 0.0, 1.0]],
        "head_local": [0.035999998450279236, -0.07358600199222565, 1.7616329193115234],
        "tail_local": [0.035999998450279236, -0.09858600050210953, 1.7616329193115234],
        "pmat": [[-1.0, -7.091939628465398e-15, -2.842170943040401e-14, 0.035999998450279236], [-1.8765215347316816e-14, -0.9999997615814209, -1.2665981330428622e-07, -0.07358597964048386], [-2.842170943040401e-14, -6.332982138701482e-08, 0.999999463558197, 1.7616329193115234], [0.0, 0.0, 0.0, 1.0]],
        "pmatc": [[1.0, 7.091939628465398e-15, 0.0, 0.0], [2.1316278684671217e-14, 0.9999997615814209, 7.450580596923828e-09, -7.450580596923828e-09], [5.082197683525802e-21, 3.725258324038805e-09, 0.9999998211860657, 3.6228803423909994e-07], [0.0, 0.0, 0.0, 1.0]],
    },
    "mFaceForeheadLeft": {
        "emat": [[0.9156243801116943, 0.13216373324394226, -0.3796902596950531, 0.03500000014901161], [-0.13216374814510345, -0.7929821610450745, -0.5947369337081909, -0.061125002801418304], [-0.3796902596950531, 0.5947369337081909, -0.708606481552124, 1.810702919960022], [0.0, 0.0, 0.0, 1.0]],
        "roll": -1.4901161193847656e-08,
        "head": [0.0, 0.0, 0.0],
        "tail": [0.0, 0.0, 0.0],
        "dmat": [[-0.9156244397163391, -0.13216374814510345, 0.3796902596950531], [0.1321638524532318, 0.7929821014404297, 0.5947370529174805], [-0.3796902596950531, 0.59473717212677, -0.708606481552124]],
        "matrix_local": [[0.9156243801116943, 0.13216379284858704, -0.3796903192996979, 0.03500000014901161], [-0.13216380774974823, -0.7929821610450745, -0.5947369337081909, -0.06112499535083771], [-0.3796902298927307, 0.5947369337081909, -0.7086062431335449, 1.810702919960022], [0.0, 0.0, 0.0, 1.0]],
        "head_local": [0.03500000014901161, -0.061125002801418304, 1.810702919960022],
        "tail_local": [0.039000000804662704, -0.08512499928474426, 1.8287029266357422],
        "pmat": [[0.9156243801116943, 0.13216379284858704, -0.3796903192996979, 0.034999944269657135], [-0.13216379284858704, -0.7929819822311401, -0.5947368144989014, -0.06112497299909592], [-0.37969014048576355, 0.5947368144989014, -0.7086061239242554, 1.810702919960022], [0.0, 0.0, 0.0, 1.0]],
        "pmatc": [[1.0, 0.0, -2.9802322387695312e-08, 2.9802322387695312e-08], [0.0, 0.9999997615814209, 0.0, -1.7881393432617188e-07], [2.9802322387695312e-08, 0.0, 0.9999998211860657, 2.980232238769531e-07], [0.0, 0.0, 0.0, 1.0]],
    },
    "mFaceForeheadRight": {
        "emat": [[0.9156243801116943, -0.13216373324394226, 0.3796902596950531, -0.03500000014901161], [0.13216374814510345, -0.7929821610450745, -0.5947369337081909, -0.061125002801418304], [0.3796902596950531, 0.5947369337081909, -0.708606481552124, 1.810702919960022], [0.0, 0.0, 0.0, 1.0]],
