default_reference = {}
default_reference["mTail3"] = {
   "type": "bone",
   "matrix_pose_edit": [(1.0, 0.0, 0.0, 0.0), (0.0, 0.9999998807907104, -1.2495796397615777e-07, 0.48100000619888306), (0.0, 0.0, 0.9999999403953552, 1.1140151023864746), (0.0, 0.0, 0.0, 1.0)],
   "matrix_pose": [(1.0, -1.2423525786336224e-21, -3.316180575312685e-15, -2.0066846807330155e-22), (1.2423526796078183e-21, 0.9999999403953552, -6.661338571267413e-15, 0.48100006580352783), (3.316180575312685e-15, 6.661338147750939e-15, 1.0, 1.1140151023864746), (0.0, 0.0, 0.0, 1.0)],
   "matrix_edit": [(1.0, 0.0, 0.0, 0.0), (0.0, 1.0, 0.0, 0.48100000619888306), (0.0, 0.0, 1.0, 1.1140151023864746), (0.0, 0.0, 0.0, 1.0)],
   "head_edit": [0.0, 0.48100000619888306, 1.1140151023864746],
   "tail_edit": [0.0, 0.6230000257492065, 1.1140151023864746],
   "roll_edit": 0.0,
   "parent": "mTail2",
   "connected": True
}
default_reference["mHandIndex3Left"] = {
   "type": "bone",
   "matrix_pose_edit": [(-0.3635815978050232, 0.9056546092033386, 0.21817049384117126, 0.8351567387580872), (-0.9056546092033386, -0.39848843216896057, 0.14490285515785217, -0.032914258539676666), (0.2181704193353653, -0.1449030339717865, 0.9650927782058716, 1.5243608951568604), (0.0, 0.0, 0.0, 1.0)],
   "matrix_pose": [(-0.36358141899108887, 0.905654788017273, 0.2181701809167862, 0.8351569175720215), (-0.9056545495986938, -0.39848828315734863, 0.14490319788455963, -0.032914258539676666), (0.21817047894001007, -0.14490270614624023, 0.9650933146476746, 1.5243608951568604), (0.0, 0.0, 0.0, 1.0)],
   "matrix_edit": [(-0.36358165740966797, 0.9056545495986938, 0.21817044913768768, 0.8351567387580872), (-0.9056545495986938, -0.3984883725643158, 0.14490298926830292, -0.03291426599025726), (0.21817044913768768, -0.14490298926830292, 0.9650931358337402, 1.5243608951568604), (0.0, 0.0, 0.0, 1.0)],
   "head_edit": [0.8351567387580872, -0.03291426599025726, 1.5243608951568604],
   "tail_edit": [0.8601567149162292, -0.04391426593065262, 1.5203609466552734],
   "roll_edit": 0.0,
   "parent": "mHandIndex2Left",
   "connected": True
}
default_reference["mAnkleLeft"] = {
   "type": "bone",
   "matrix_pose_edit": [(0.9999927878379822, 2.3283064365386963e-10, 3.480818122625351e-08, 0.0825750008225441), (2.598389983177185e-07, -0.8793669939041138, 0.4761446714401245, -0.003983002156019211), (2.0224106265231967e-06, -0.476144403219223, -0.8793666958808899, 0.06651520729064941), (0.0, 0.0, 0.0, 1.0)],
   "matrix_pose": [(1.0, 1.910487945622208e-08, -7.620626263360464e-08, 0.0825750082731247), (5.3085383200368597e-08, -0.8793671727180481, 0.47614428400993347, -0.003982743248343468), (-5.7916608398045355e-08, -0.47614428400993347, -0.8793671727180481, 0.06651502847671509), (0.0, 0.0, 0.0, 1.0)],
   "matrix_edit": [(1.0, 0.0, 0.0, 0.0825749933719635), (0.0, -0.8793670535087585, 0.4761444628238678, -0.003983002156019211), (0.0, -0.4761444628238678, -0.8793667554855347, 0.06651508808135986), (0.0, 0.0, 0.0, 1.0)],
   "head_edit": [0.0825749933719635, -0.003983002156019211, 0.06651508808135986],
   "tail_edit": [0.0825749933719635, -0.11593900620937347, 0.005895089358091354],
   "roll_edit": 0.0,
   "parent": "mKneeLeft",
   "connected": True
}
default_reference["mSkull"] = {
   "type": "bone",
   "matrix_pose_edit": [(1.0, -6.617442928271958e-24, 3.6734198463196485e-40, -1.0075356322427416e-16), (1.4175931546786709e-14, 9.313223525708736e-10, -0.9999999403953552, 0.02477993816137314), (-1.197939427302207e-15, 0.9999996423721313, 1.2014061212539673e-07, 1.748840570449829), (0.0, 0.0, 0.0, 1.0)],
   "matrix_pose": [(1.0, 0.0, 0.0, 0.0), (0.0, -4.371138828673793e-08, -1.0, 0.02477993071079254), (0.0, 1.0, -4.371138828673793e-08, 1.748840570449829), (0.0, 0.0, 0.0, 1.0)],
   "matrix_edit": [(1.0, 0.0, 0.0, 0.0), (0.0, 0.0, -1.0, 0.02477993071079254), (0.0, 1.0, 0.0, 1.748840570449829), (0.0, 0.0, 0.0, 1.0)],
   "head_edit": [0.0, 0.02477993071079254, 1.748840570449829],
   "tail_edit": [0.0, 0.02477993071079254, 1.7793655395507812],
   "roll_edit": 0.0,
   "parent": "mHead",
   "connected": False
}
default_reference["mFaceEyeLidLowerRight"] = {
   "type": "bone",
   "matrix_pose_edit": [(1.0, -2.4478280735706903e-08, 6.706991939608997e-08, -0.0359574556350708), (-4.2278646361637584e-08, -0.9600002765655518, 0.2799990177154541, -0.06587006896734238), (5.753321374868392e-08, -0.27999889850616455, -0.9599999785423279, 1.7557735443115234), (0.0, 0.0, 0.0, 1.0)],
   "matrix_pose": [(1.0, -2.4478282512063743e-08, 6.706990518523526e-08, -0.0359574556350708), (-4.227864991435126e-08, -0.9600004553794861, 0.2799988389015198, -0.06587006896734238), (5.753324217039335e-08, -0.27999886870384216, -0.9600003361701965, 1.7557735443115234), (0.0, 0.0, 0.0, 1.0)],
   "matrix_edit": [(1.0, 0.0, 0.0, -0.0359574556350708), (0.0, -0.9600003361701965, 0.2799988389015198, -0.06587006896734238), (0.0, -0.2799988389015198, -0.9600002765655518, 1.7557735443115234), (0.0, 0.0, 0.0, 1.0)],
   "head_edit": [-0.0359574556350708, -0.06587006896734238, 1.7557735443115234],
   "tail_edit": [-0.0359574556350708, -0.08807007223367691, 1.7492985725402832],
   "roll_edit": 0.0,
   "parent": "mFaceRoot",
   "connected": False
}
default_reference["mWing1Right"] = {
   "type": "bone",
   "matrix_pose_edit": [(0.7223313450813293, -0.6827293634414673, 0.11008181422948837, -0.0949999988079071), (0.6827293634414673, 0.6786895394325256, -0.27066805958747864, 0.12822800874710083), (0.11008157581090927, 0.27066802978515625, 0.9563578367233276, 1.536965012550354), (0.0, 0.0, 0.0, 1.0)],
   "matrix_pose": [(0.7223313450813293, -0.6827293634414673, 0.11008157581090927, -0.0949999988079071), (0.6827293038368225, 0.6786895394325256, -0.2706679105758667, 0.12822799384593964), (0.1100817322731018, 0.2706678807735443, 0.9563580751419067, 1.536965012550354), (0.0, 0.0, 0.0, 1.0)],
   "matrix_edit": [(0.7223314046859741, -0.6827293634414673, 0.11008168756961823, -0.0949999988079071), (0.6827293634414673, 0.6786895394325256, -0.2706679701805115, 0.12822799384593964), (0.11008168756961823, 0.2706679701805115, 0.9563581347465515, 1.536965012550354), (0.0, 0.0, 0.0, 1.0)],
   "head_edit": [-0.0949999988079071, 0.12822799384593964, 1.536965012550354],
   "tail_edit": [-0.2639999985694885, 0.29622799158096313, 1.6039650440216064],
   "roll_edit": 0.0,
   "parent": "mWingsRoot",
   "connected": False
}
default_reference["HEAD"] = {
   "type": "collision",
   "matrix_pose_edit": [(1.0, -6.617442533841506e-24, 0.0, -1.0075356322427416e-16), (1.4175931546786709e-14, -9.313221305262687e-10, -0.9999999403953552, 0.006279937922954559), (-1.197939427302207e-15, 0.9999996423721313, 1.1827796697616577e-07, 1.747452974319458), (0.0, 0.0, 0.0, 1.0)],
   "matrix_pose": [(1.0, -6.617442533841506e-24, 0.0, 8.836989918376893e-16), (-2.892576094689889e-31, -4.371138828673793e-08, -1.0, 0.006279870867729187), (6.617442533841506e-24, 1.0, -4.371138828673793e-08, 1.747453212738037), (0.0, 0.0, 0.0, 1.0)],
   "matrix_edit": [(1.0, 0.0, 0.0, 0.0), (0.0, 0.0, -1.0, 0.006279930472373962), (0.0, 1.0, 0.0, 1.747452974319458), (0.0, 0.0, 0.0, 1.0)],
   "head_edit": [0.0, 0.006279930472373962, 1.747452974319458],
   "tail_edit": [0.0, 0.006279930472373962, 1.847452998161316],
   "roll_edit": 0.0,
   "parent": "mHead",
   "connected": False
}
default_reference["mHandThumb2Right"] = {
   "type": "bone",
   "matrix_pose_edit": [(-0.4563733637332916, -0.8028286695480347, 0.38365253806114197, -0.7290780544281006), (0.5859988331794739, -0.5956467986106873, -0.5493721961975098, -0.022914262488484383), (0.6695731282234192, -0.025898903608322144, 0.7422938942909241, 1.5243608951568604), (0.0, 0.0, 0.0, 1.0)],
   "matrix_pose": [(-0.4563731849193573, -0.802828848361969, 0.3836524784564972, -0.7290780544281006), (0.5859989523887634, -0.5956467390060425, -0.5493723750114441, -0.022914264351129532), (0.6695733666419983, -0.0258988868445158, 0.7422941327095032, 1.5243608951568604), (0.0, 0.0, 0.0, 1.0)],
   "matrix_edit": [(-0.45637327432632446, -0.8028287887573242, 0.38365256786346436, -0.7290780544281006), (0.5859989523887634, -0.595646858215332, -0.5493723750114441, -0.02291426807641983), (0.6695733666419983, -0.025898922234773636, 0.7422941327095032, 1.5243608951568604), (0.0, 0.0, 0.0, 1.0)],
   "head_edit": [-0.7290780544281006, -0.02291426807641983, 1.5243608951568604],
   "tail_edit": [-0.7600780725479126, -0.04591426998376846, 1.5233608484268188],
   "roll_edit": -0.7853981852531433,
   "parent": "mHandThumb1Right",
   "connected": True
}
default_reference["mFaceEar2Right"] = {
   "type": "bone",
   "matrix_pose_edit": [(1.0000001192092896, 1.4901161193847656e-08, 1.4901161193847656e-08, -0.0936799943447113), (-2.5331974029541016e-07, -2.9802322387695312e-08, -1.0, 0.020654939115047455), (0.0, 0.9999996423721313, 1.7881393432617188e-07, 1.7525235414505005), (0.0, 0.0, 0.0, 1.0)],
   "matrix_pose": [(1.0, 7.450579886381092e-08, 1.4901157641133977e-08, -0.0936800017952919), (1.4901161193847656e-08, -4.371138473402425e-08, -1.0, 0.020654937252402306), (-7.450580596923828e-08, 0.9999999403953552, -4.371138828673793e-08, 1.7525235414505005), (0.0, 0.0, 0.0, 1.0)],
   "matrix_edit": [(1.0, 0.0, 0.0, -0.0936799943447113), (0.0, 0.0, -1.0, 0.02065492980182171), (0.0, 1.0, 0.0, 1.7525235414505005), (0.0, 0.0, 0.0, 1.0)],
   "head_edit": [-0.0936799943447113, 0.02065492980182171, 1.7525235414505005],
   "tail_edit": [-0.0936799943447113, 0.02065492980182171, 1.785523533821106],
   "roll_edit": 0.0,
   "parent": "mFaceEar1Right",
   "connected": True
}
default_reference["CHEST"] = {
   "type": "collision",
   "matrix_pose_edit": [(1.0, 0.0, 8.470329472543003e-22, -1.0075358969405376e-16), (1.4175932393819656e-14, 0.6726979613304138, -0.7399170994758606, -0.0123519916087389), (-1.1979403802142726e-15, 0.7399168014526367, 0.672697901725769, 1.4259650707244873), (0.0, 0.0, 0.0, 1.0)],
   "matrix_pose": [(1.0, -8.649746297364515e-15, 1.1294867561313822e-14, 1.1931225626894085e-15), (1.4175933240852603e-14, 0.672697901725769, -0.7399172186851501, -0.012352037243545055), (-1.1979379449945492e-15, 0.7399171590805054, 0.6726979613304138, 1.4259651899337769), (0.0, 0.0, 0.0, 1.0)],
   "matrix_edit": [(1.0, 0.0, 0.0, 0.0), (0.0, 0.6726981401443481, -0.7399170398712158, -0.012352000921964645), (0.0, 0.7399170398712158, 0.6726981401443481, 1.4259650707244873), (0.0, 0.0, 0.0, 1.0)],
   "head_edit": [0.0, -0.012352000921964645, 1.4259650707244873],
   "tail_edit": [0.0, 0.10858406126499176, 1.5589855909347534],
   "roll_edit": 0.0,
   "parent": "mChest",
   "connected": False
}
default_reference["mEyeRight"] = {
   "type": "bone",
   "matrix_pose_edit": [(-1.0, 0.0, 8.742277657347586e-08, -0.03607499599456787), (-2.4597542020799237e-14, -0.9999999403953552, -1.1827805934672142e-07, -0.06630111485719681), (8.742274815176643e-08, -7.105427357601002e-15, 0.9999996423721313, 1.7557780742645264), (0.0, 0.0, 0.0, 1.0)],
   "matrix_pose": [(-0.9998373985290527, 0.018032677471637726, 8.737497836364128e-08, -0.03607499599456787), (-0.018032677471637726, -0.9998373985290527, 1.5754613169605136e-09, -0.0663011223077774), (8.738918211292912e-08, -3.9968028886505635e-13, 1.0, 1.7557780742645264), (0.0, 0.0, 0.0, 1.0)],
   "matrix_edit": [(-1.0, 0.0, 0.0, -0.03607499599456787), (0.0, -1.0, 0.0, -0.0663011223077774), (0.0, 0.0, 1.0, 1.7557780742645264), (0.0, 0.0, 0.0, 1.0)],
   "head_edit": [-0.03607499599456787, -0.0663011223077774, 1.7557780742645264],
   "tail_edit": [-0.03607499599456787, -0.08942612260580063, 1.7557780742645264],
   "roll_edit": 0.0,
   "parent": "mHead",
   "connected": False
}
default_reference["mFaceCheekUpperLeft"] = {
   "type": "bone",
   "matrix_pose_edit": [(-0.8262274265289307, 0.5633367300033569, 3.0102555115263385e-08, 0.03216399997472763), (-0.5633366703987122, -0.8262273669242859, -4.415043974859145e-08, -0.06309506297111511), (4.6282472965231136e-08, 1.444482222723309e-08, 0.9999996423721313, 1.7198395729064941), (0.0, 0.0, 0.0, 1.0)],
   "matrix_pose": [(-0.8262273669242859, 0.5633367896080017, -2.5509438117410355e-08, 0.03216399997472763), (-0.5633367896080017, -0.8262273669242859, -1.4740217935127475e-08, -0.06309507042169571), (-2.938030263521796e-08, 2.191633541315241e-09, 1.0, 1.7198395729064941), (0.0, 0.0, 0.0, 1.0)],
   "matrix_edit": [(-0.8262273073196411, 0.5633367896080017, 0.0, 0.03216399997472763), (-0.5633367896080017, -0.8262273669242859, -0.0, -0.06309507042169571), (-0.0, 0.0, 1.0, 1.7198395729064941), (0.0, 0.0, 0.0, 1.0)],
   "head_edit": [0.03216399997472763, -0.06309507042169571, 1.7198395729064941],
   "tail_edit": [0.046039000153541565, -0.08344507217407227, 1.7198395729064941],
   "roll_edit": 0.0,
   "parent": "mFaceRoot",
   "connected": False
}
default_reference["mSpine3"] = {
   "type": "bone",
   "matrix_pose_edit": [(1.0, 3.9628987008708157e-16, 8.742278367890322e-08, 0.0), (-8.717786670331407e-08, -0.07480067759752274, 0.9971984624862671, 0.01536799967288971), (6.5392922188323155e-09, -0.9971981644630432, -0.07480078190565109, 1.3559650182724), (0.0, 0.0, 0.0, 1.0)],
   "matrix_pose": [(1.0, 2.3775687551418545e-15, -8.742278367890322e-08, -4.0892045481962327e-16), (8.717786670331407e-08, -0.07480069994926453, 0.9971985220909119, 0.01536796148866415), (-6.539282892958909e-09, -0.9971985220909119, -0.07480069994926453, 1.3559651374816895), (0.0, 0.0, 0.0, 1.0)],
   "matrix_edit": [(1.0, 0.0, 0.0, 0.0), (0.0, -0.07480070739984512, 0.9971985220909119, 0.01536799967288971), (0.0, -0.9971985220909119, -0.07480084896087646, 1.3559650182724), (0.0, 0.0, 0.0, 1.0)],
   "head_edit": [0.0, 0.01536799967288971, 1.3559650182724],
   "tail_edit": [0.0, 0.0, 1.151087999343872],
   "roll_edit": 0.0,
   "parent": "mTorso",
   "connected": True
}
default_reference["mElbowLeft"] = {
   "type": "bone",
   "matrix_pose_edit": [(-1.4175932393819656e-14, 1.0, -1.197938156752786e-15, 0.4284383952617645), (-0.9999999403953552, 0.0, -6.776263578034403e-21, 0.036085739731788635), (1.1920926112907182e-07, 0.0, 0.9999997019767761, 1.521360993385315), (0.0, 0.0, 0.0, 1.0)],
   "matrix_pose": [(7.549790126404332e-08, 1.0, -1.1874362115804615e-07, 0.4284383952617645), (-1.0, 7.549789415861596e-08, -7.4505820180093e-08, 0.036085762083530426), (-7.450581307466564e-08, 1.1874362826347351e-07, 1.0, 1.521360993385315), (0.0, 0.0, 0.0, 1.0)],
   "matrix_edit": [(0.0, 1.0, 0.0, 0.4284383952617645), (-1.0, 0.0, 0.0, 0.03608573228120804), (0.0, 0.0, 1.0, 1.521360993385315), (0.0, 0.0, 0.0, 1.0)],
   "head_edit": [0.4284383952617645, 0.03608573228120804, 1.521360993385315],
   "tail_edit": [0.670156717300415, 0.03608573228120804, 1.521360993385315],
   "roll_edit": 0.0,
   "parent": "mShoulderLeft",
   "connected": True
}
default_reference["mFaceCheekLowerLeft"] = {
   "type": "bone",
   "matrix_pose_edit": [(-0.39760738611221313, 0.9175556302070618, 2.0866707473032875e-08, 0.03216399997472763), (-0.917555570602417, -0.39760729670524597, -9.042224746735883e-09, -0.04459506645798683), (7.538432100773207e-08, 9.924903565661225e-09, 0.9999996423721313, 1.695386290550232), (0.0, 0.0, 0.0, 1.0)],
   "matrix_pose": [(-0.39760738611221313, 0.917555570602417, -3.9419763453452106e-08, 0.03216400370001793), (-0.917555570602417, -0.39760738611221313, -3.50721620634431e-08, -0.04459507018327713), (-4.785424678743766e-08, 2.222487083258784e-08, 1.0, 1.695386290550232), (0.0, 0.0, 0.0, 1.0)],
   "matrix_edit": [(-0.39760732650756836, 0.9175556302070618, 0.0, 0.03216399997472763), (-0.9175556302070618, -0.39760738611221313, -0.0, -0.04459507018327713), (-0.0, 0.0, 1.0, 1.695386290550232), (0.0, 0.0, 0.0, 1.0)],
   "head_edit": [0.03216399997472763, -0.04459507018327713, 1.695386290550232],
   "tail_edit": [0.0599140003323555, -0.05662006884813309, 1.695386290550232],
   "roll_edit": 0.0,
   "parent": "mFaceRoot",
   "connected": False
}
default_reference["UPPER_BACK"] = {
   "type": "collision",
   "matrix_pose_edit": [(1.0, -8.470329472543003e-22, 3.758708703440958e-21, -1.0075356322427416e-16), (1.417593408788555e-14, 1.0, -8.195638656616211e-08, 0.015368008054792881), (-1.1979421801592855e-15, -7.450580596923828e-09, 0.9999997615814209, 1.3729649782180786), (0.0, 0.0, 0.0, 1.0)],
   "matrix_pose": [(1.0, -1.417593408788555e-14, 1.1979431330713512e-15, 7.366748245015505e-16), (1.4175934934918498e-14, 1.0, -1.6391277313232422e-07, 0.015367968939244747), (-1.1979396390604437e-15, 1.9371509552001953e-07, 1.0, 1.3729650974273682), (0.0, 0.0, 0.0, 1.0)],
   "matrix_edit": [(1.0, 0.0, 0.0, 0.0), (0.0, 1.0, 0.0, 0.01536799967288971), (0.0, 0.0, 1.0, 1.3729649782180786), (0.0, 0.0, 0.0, 1.0)],
   "head_edit": [0.0, 0.01536799967288971, 1.3729649782180786],
   "tail_edit": [0.0, 0.11536800116300583, 1.3729649782180786],
   "roll_edit": 0.0,
   "parent": "mChest",
   "connected": False
}
default_reference["mChest"] = {
   "type": "bone",
   "matrix_pose_edit": [(1.0, -6.661338147750939e-16, -1.4210854715202004e-14, 6.663549962534457e-17), (0.0, 0.037455298006534576, -0.9992982745170593, 0.015368005260825157), (0.0, 0.9992980360984802, 0.03745540603995323, 1.3559650182724), (0.0, 0.0, 0.0, 1.0)],
   "matrix_pose": [(1.0, 0.0, 0.0, 8.836989918376893e-16), (0.0, 0.03745521605014801, -0.9992983341217041, 0.015367967076599598), (0.0, 0.9992983341217041, 0.03745521605014801, 1.3559651374816895), (0.0, 0.0, 0.0, 1.0)],
   "matrix_edit": [(1.0, 0.0, 0.0, 0.0), (0.0, 0.037455298006534576, -0.9992982745170593, 0.01536799967288971), (0.0, 0.9992982745170593, 0.03745537996292114, 1.3559650182724), (0.0, 0.0, 0.0, 1.0)],
   "head_edit": [0.0, 0.01536799967288971, 1.3559650182724],
   "tail_edit": [0.0, 0.02477993071079254, 1.6070730686187744],
   "roll_edit": 0.0,
   "parent": "mSpine4",
   "connected": True
}
default_reference["mFaceNoseRight"] = {
   "type": "bone",
   "matrix_pose_edit": [(-0.9662349224090576, -0.2576626241207123, -1.86251227773937e-08, -0.014189999550580978), (0.2576625943183899, -0.9662349224090576, -6.984497957773783e-08, -0.07789506763219833), (-2.1168787611713924e-08, 7.098037713149097e-09, 0.9999996423721313, 1.7207435369491577), (0.0, 0.0, 0.0, 1.0)],
   "matrix_pose": [(-0.9662349224090576, -0.25766265392303467, 5.804163816236496e-09, -0.01418999768793583), (0.25766265392303467, -0.9662349224090576, -3.0389109895168076e-08, -0.07789506763219833), (1.3438324231174192e-08, -2.7867503860079523e-08, 1.0, 1.7207436561584473), (0.0, 0.0, 0.0, 1.0)],
   "matrix_edit": [(-0.9662370681762695, -0.2576626241207123, 0.0, -0.014189999550580978), (0.2576626241207123, -0.9662349820137024, 0.0, -0.07789507508277893), (0.0, 0.0, 1.0, 1.7207435369491577), (0.0, 0.0, 0.0, 1.0)],
   "head_edit": [-0.014189999550580978, -0.07789507508277893, 1.7207435369491577],
   "tail_edit": [-0.017889998853206635, -0.09177007526159286, 1.7207435369491577],
   "roll_edit": 0.0,
   "parent": "mFaceRoot",
   "connected": False
}
default_reference["mHindLimb4Right"] = {
   "type": "bone",
   "matrix_pose_edit": [(-0.9971100687980652, -0.07597031444311142, -2.403819507890148e-07, -0.07999999076128006), (0.07597030699253082, -0.9971100091934204, -2.086162567138672e-07, 0.3199999928474426), (-2.3096799850463867e-07, -8.940696716308594e-08, 0.9999998807907104, 0.0060150884091854095), (0.0, 0.0, 0.0, 1.0)],
   "matrix_pose": [(-0.9971099495887756, -0.07597024738788605, -2.1010056627801532e-07, -0.07999998331069946), (0.07597024738788605, -0.9971100091934204, 1.3556244482515467e-07, 0.32000017166137695), (-2.197920991875435e-07, 1.1920928955078125e-07, 0.9999999403953552, 0.0060150399804115295), (0.0, 0.0, 0.0, 1.0)],
   "matrix_edit": [(-0.9971024990081787, -0.07597031444311142, 0.0, -0.07999999076128006), (0.07597031444311142, -0.9971100687980652, 0.0, 0.3199999928474426), (0.0, 0.0, 1.0, 0.006015051156282425), (0.0, 0.0, 0.0, 1.0)],
   "head_edit": [-0.07999999076128006, 0.3199999928474426, 0.006015051156282425],
   "tail_edit": [-0.08799999207258224, 0.2150000035762787, 0.006015051156282425],
   "roll_edit": 0.0,
   "parent": "mHindLimb3Right",
   "connected": True
}
default_reference["mShoulderLeft"] = {
   "type": "bone",
   "matrix_pose_edit": [(-1.4175932393819656e-14, 1.0, -1.197938156752786e-15, 0.15067839622497559), (-0.9999999403953552, 0.0, 2.842170943040401e-14, 0.036085739731788635), (1.1920928955078125e-07, 0.0, 0.9999997019767761, 1.521360993385315), (0.0, 0.0, 0.0, 1.0)],
   "matrix_pose": [(7.549790126404332e-08, 1.0, -1.187436140526188e-07, 0.15067839622497559), (-1.0, 7.549789415861596e-08, -7.450581307466564e-08, 0.036085739731788635), (-7.450580596923828e-08, 1.1874362115804615e-07, 1.0, 1.521360993385315), (0.0, 0.0, 0.0, 1.0)],
   "matrix_edit": [(0.0, 1.0, 0.0, 0.15067839622497559), (-1.0, 0.0, 0.0, 0.03608573228120804), (0.0, 0.0, 1.0, 1.521360993385315), (0.0, 0.0, 0.0, 1.0)],
   "head_edit": [0.15067839622497559, 0.03608573228120804, 1.521360993385315],
   "tail_edit": [0.4284383952617645, 0.03608573228120804, 1.521360993385315],
   "roll_edit": 0.0,
   "parent": "mCollarLeft",
   "connected": True
}
default_reference["mTorso"] = {
   "type": "bone",
   "matrix_pose_edit": [(1.0, 0.0, -7.105427357601002e-15, 0.0), (-7.105427357601002e-15, 0.07480068504810333, -0.9971984624862671, 0.0), (8.470329472543003e-22, 0.9971981644630432, 0.07480078935623169, 1.151087999343872), (0.0, 0.0, 0.0, 1.0)],
   "matrix_pose": [(1.0, 0.0, 0.0, -4.0892045481962327e-16), (0.0, 0.07480060309171677, -0.9971985220909119, -2.1047119602712883e-08), (0.0, 0.9971984624862671, 0.07480061054229736, 1.151087999343872), (0.0, 0.0, 0.0, 1.0)],
   "matrix_edit": [(1.0, 0.0, 0.0, 0.0), (0.0, 0.07480070739984512, -0.9971985220909119, 0.0), (0.0, 0.9971985220909119, 0.07480067014694214, 1.151087999343872), (0.0, 0.0, 0.0, 1.0)],
   "head_edit": [0.0, 0.0, 1.151087999343872],
   "tail_edit": [0.0, 0.01536799967288971, 1.3559650182724],
   "roll_edit": 0.0,
   "parent": "mSpine2",
   "connected": True
}
default_reference["mCollarRight"] = {
   "type": "bone",
   "matrix_pose_edit": [(1.4175932393819656e-14, -1.0, -1.1979403802142726e-15, -0.07200000435113907), (0.9999999403953552, 0.0, -1.564621925354004e-07, 0.036085739731788635), (3.725290298461914e-08, 0.0, 0.9999997019767761, 1.521360993385315), (0.0, 0.0, 0.0, 1.0)],
   "matrix_pose": [(-4.371138828673793e-08, -1.0, 2.3981556296348572e-08, -0.07199999690055847), (1.0, -4.371138828673793e-08, 3.725291186640334e-09, 0.03608573228120804), (-3.725290298461914e-09, 2.3981556296348572e-08, 1.0, 1.521360993385315), (0.0, 0.0, 0.0, 1.0)],
   "matrix_edit": [(0.0, -1.0, 0.0, -0.07200000435113907), (1.0, 0.0, 0.0, 0.03608573228120804), (0.0, 0.0, 1.0, 1.521360993385315), (0.0, 0.0, 0.0, 1.0)],
   "head_edit": [-0.07200000435113907, 0.03608573228120804, 1.521360993385315],
   "tail_edit": [-0.15141800045967102, 0.03608573228120804, 1.521360993385315],
   "roll_edit": 0.0,
   "parent": "mChest",
   "connected": False
}
default_reference["LOWER_BACK"] = {
   "type": "collision",
   "matrix_pose_edit": [(1.0, 0.0, 3.0704944337968387e-21, 0.0), (-1.9905274260476058e-17, 1.0, -1.043081283569336e-07, 1.862645149230957e-09), (-5.314933220673722e-16, 3.725290298461914e-08, 0.9999997019767761, 1.1740880012512207), (0.0, 0.0, 0.0, 1.0)],
   "matrix_pose": [(1.0, -7.085521659824052e-15, 5.314946455563523e-16, -3.966961812039676e-16), (7.0855225068569994e-15, 1.0000001192092896, -1.7881393432617188e-07, -2.1279950246366752e-08), (-5.314928985508986e-16, 2.4586915969848633e-07, 1.0000001192092896, 1.1740880012512207), (0.0, 0.0, 0.0, 1.0)],
   "matrix_edit": [(1.0, 0.0, 0.0, 0.0), (0.0, 1.0, 0.0, 0.0), (0.0, 0.0, 1.0, 1.1740880012512207), (0.0, 0.0, 0.0, 1.0)],
   "head_edit": [0.0, 0.0, 1.1740880012512207],
   "tail_edit": [0.0, 0.10000000149011612, 1.1740880012512207],
   "roll_edit": 0.0,
   "parent": "mTorso",
   "connected": False
}
default_reference["mHandMiddle3Right"] = {
   "type": "bone",
   "matrix_pose_edit": [(0.08961846679449081, -0.9821252822875977, -0.1655251681804657, -0.8610780835151672), (0.9821251630783081, 0.05952276289463043, 0.178569495677948, 0.02508573979139328), (-0.1655251830816269, -0.178569495677948, 0.9699040651321411, 1.522360920906067), (0.0, 0.0, 0.0, 1.0)],
   "matrix_pose": [(0.08961835503578186, -0.9821252226829529, -0.16552506387233734, -0.8610780835151672), (0.9821252226829529, 0.059522680938243866, 0.1785694658756256, 0.025085724890232086), (-0.16552507877349854, -0.17856945097446442, 0.9699043035507202, 1.522360920906067), (0.0, 0.0, 0.0, 1.0)],
   "matrix_edit": [(0.0896185040473938, -0.9821252226829529, -0.16552510857582092, -0.8610780835151672), (0.9821252226829529, 0.05952276289463043, 0.1785695105791092, 0.025085732340812683), (-0.16552510857582092, -0.1785695105791092, 0.9699043035507202, 1.522360920906067), (0.0, 0.0, 0.0, 1.0)],
   "head_edit": [-0.8610780835151672, 0.025085732340812683, 1.522360920906067],
   "tail_edit": [-0.8940780758857727, 0.02708573266863823, 1.516360878944397],
   "roll_edit": 0.0,
   "parent": "mHandMiddle2Right",
   "connected": True
}
default_reference["mTail4"] = {
   "type": "bone",
   "matrix_pose_edit": [(1.0, 0.0, 0.0, 0.0), (0.0, 0.9999998211860657, -1.2495796397615777e-07, 0.6230000257492065), (0.0, 0.0, 0.9999999403953552, 1.1140151023864746), (0.0, 0.0, 0.0, 1.0)],
   "matrix_pose": [(1.0, -1.2423525786336224e-21, -3.316180575312685e-15, -3.770825808893544e-22), (1.2423526796078183e-21, 0.9999999403953552, -6.6613389947838865e-15, 0.6230000853538513), (3.316180575312685e-15, 6.661338571267413e-15, 1.0, 1.1140151023864746), (0.0, 0.0, 0.0, 1.0)],
   "matrix_edit": [(1.0, 0.0, 0.0, 0.0), (0.0, 1.0, 0.0, 0.6230000257492065), (0.0, 0.0, 1.0, 1.1140151023864746), (0.0, 0.0, 0.0, 1.0)],
   "head_edit": [0.0, 0.6230000257492065, 1.1140151023864746],
   "tail_edit": [0.0, 0.7350000143051147, 1.1140151023864746],
   "roll_edit": 0.0,
   "parent": "mTail3",
   "connected": True
}
default_reference["mWing3Left"] = {
   "type": "bone",
   "matrix_pose_edit": [(0.7029836773872375, 0.7112059593200684, 1.992915699133846e-08, 0.44699999690055847), (-0.7112058997154236, 0.7029839158058167, 1.969875285112721e-08, 0.4772280156612396), (5.528763935558345e-08, -1.7763568394002505e-15, 0.9999997615814209, 1.6039650440216064), (0.0, 0.0, 0.0, 1.0)],
   "matrix_pose": [(0.7029837369918823, 0.7112058997154236, 6.22144469275554e-08, 0.44699999690055847), (-0.7112058997154236, 0.7029837369918823, -6.294887811009175e-08, 0.47722795605659485), (-8.850535948567995e-08, 4.76063676327354e-12, 1.0, 1.6039650440216064), (0.0, 0.0, 0.0, 1.0)],
   "matrix_edit": [(0.7029838562011719, 0.7112058401107788, 0.0, 0.44699999690055847), (-0.7112058401107788, 0.7029837965965271, 0.0, 0.47722798585891724), (0.0, 0.0, 1.0, 1.6039650440216064), (0.0, 0.0, 0.0, 1.0)],
   "head_edit": [0.44699999690055847, 0.47722798585891724, 1.6039650440216064],
   "tail_edit": [0.6200000047683716, 0.6482279896736145, 1.6039650440216064],
   "roll_edit": 0.0,
   "parent": "mWing2Left",
   "connected": True
}
default_reference["mFaceLipLowerCenter"] = {
   "type": "bone",
   "matrix_pose_edit": [(1.0, -4.440892098500626e-16, 6.357304727089286e-08, -9.92928760825578e-16), (3.1747640072410377e-09, -0.9987524151802063, -0.049938227981328964, -0.05847007781267166), (6.349369385816317e-08, 0.049937862902879715, -0.9987520575523376, 1.6743876934051514), (0.0, 0.0, 0.0, 1.0)],
   "matrix_pose": [(1.0, -8.306697953726523e-15, 6.357302595461078e-08, -1.149248034790825e-14), (3.174691620699832e-09, -0.9987523555755615, -0.049937836825847626, -0.058470215648412704), (6.349371517444524e-08, 0.049937840551137924, -0.9987522959709167, 1.6743876934051514), (0.0, 0.0, 0.0, 1.0)],
   "matrix_edit": [(1.0, 0.0, 0.0, 0.0), (0.0, -0.9987523555755615, -0.049937859177589417, -0.058470070362091064), (0.0, 0.049937859177589417, -0.9987986087799072, 1.6743876934051514), (0.0, 0.0, 0.0, 1.0)],
   "head_edit": [0.0, -0.058470070362091064, 1.6743876934051514],
   "tail_edit": [0.0, -0.09547007083892822, 1.67623770236969],
   "roll_edit": 0.0,
   "parent": "mFaceTeethLower",
   "connected": False
}
default_reference["mFaceEyeAltLeft"] = {
   "type": "bone",
   "matrix_pose_edit": [(-1.0, 7.0416271419479134e-15, -2.1316282072803006e-14, 0.0359574556350708), (-2.4456705852659265e-14, -0.9999998807907104, -8.469994128290637e-08, -0.06629649549722672), (-2.1316282072803006e-14, -2.542172694575129e-09, 0.9999996423721313, 1.7557780742645264), (0.0, 0.0, 0.0, 1.0)],
   "matrix_pose": [(-0.9998384714126587, -0.017973080277442932, -2.550929190103801e-10, 0.0359574556350708), (0.01797308214008808, -0.9998384118080139, 8.913450706693471e-12, -0.06629649549722672), (-2.552119071630443e-10, 4.327204827098141e-12, 1.0, 1.7557780742645264), (0.0, 0.0, 0.0, 1.0)],
   "matrix_edit": [(-1.0, 0.0, 0.0, 0.0359574556350708), (0.0, -1.0, 0.0, -0.06629649549722672), (0.0, 0.0, 1.0, 1.7557780742645264), (0.0, 0.0, 0.0, 1.0)],
   "head_edit": [0.0359574556350708, -0.06629649549722672, 1.7557780742645264],
   "tail_edit": [0.0359574556350708, -0.08942149579524994, 1.7557780742645264],
   "roll_edit": 0.0,
   "parent": "mFaceRoot",
   "connected": False
}
default_reference["mFaceEyeAltRight"] = {
   "type": "bone",
   "matrix_pose_edit": [(-1.0, 7.0416271419479134e-15, -2.1316282072803006e-14, -0.0359574556350708), (-2.4456705852659265e-14, -0.9999998807907104, -8.469994128290637e-08, -0.0663011223077774), (-2.1316282072803006e-14, -2.542172694575129e-09, 0.9999996423721313, 1.7557780742645264), (0.0, 0.0, 0.0, 1.0)],
   "matrix_pose": [(-0.9998384714126587, 0.017973080277442932, -4.685740129239946e-10, -0.0359574556350708), (-0.01797308214008808, -0.9998384118080139, -1.648549005639488e-11, -0.0663011223077774), (-4.687946142389876e-10, -8.061106469836599e-12, 1.0, 1.7557780742645264), (0.0, 0.0, 0.0, 1.0)],
   "matrix_edit": [(-1.0, 0.0, 0.0, -0.0359574556350708), (0.0, -1.0, 0.0, -0.0663011223077774), (0.0, 0.0, 1.0, 1.7557780742645264), (0.0, 0.0, 0.0, 1.0)],
   "head_edit": [-0.0359574556350708, -0.0663011223077774, 1.7557780742645264],
   "tail_edit": [-0.0359574556350708, -0.08942612260580063, 1.7557780742645264],
   "roll_edit": 0.0,
   "parent": "mFaceRoot",
   "connected": False
}
default_reference["L_UPPER_ARM"] = {
   "type": "collision",
   "matrix_pose_edit": [(0.01212542224675417, 0.9939189553260803, 0.10944587737321854, 0.28507840633392334), (-0.9939187169075012, -3.1296711201073395e-15, 0.11011547595262527, 0.036085739731788635), (0.10944594442844391, -0.11011548340320587, 0.9878742098808289, 1.5313609838485718), (0.0, 0.0, 0.0, 1.0)],
   "matrix_pose": [(0.012125484645366669, 0.9939189553260803, 0.10944575071334839, 0.28507840633392334), (-0.993918776512146, 8.32430373520765e-08, 0.1101154163479805, 0.03608575090765953), (0.10944578051567078, -0.11011539399623871, 0.9878745079040527, 1.5313609838485718), (0.0, 0.0, 0.0, 1.0)],
   "matrix_edit": [(0.012125253677368164, 0.9939188957214355, 0.10944586247205734, 0.28507840633392334), (-0.9939188957214355, 0.0, 0.11011548340320587, 0.03608573228120804), (0.10944586247205734, -0.11011548340320587, 0.9878745675086975, 1.5313609838485718), (0.0, 0.0, 0.0, 1.0)],
   "head_edit": [0.28507840633392334, 0.03608573228120804, 1.5313609838485718],
   "tail_edit": [0.41432225704193115, 0.03608573228120804, 1.5170421600341797],
   "roll_edit": 0.0,
   "parent": "mShoulderLeft",
   "connected": False
}
default_reference["mHandThumb1Left"] = {
   "type": "bone",
   "matrix_pose_edit": [(-0.5009702444076538, 0.7523685693740845, -0.4277501702308655, 0.6961567401885986), (-0.5486307740211487, -0.6583224534988403, -0.515379011631012, 0.005085738375782967), (-0.6693524718284607, -0.023512668907642365, 0.7425724267959595, 1.5253609418869019), (0.0, 0.0, 0.0, 1.0)],
   "matrix_pose": [(-0.5009700655937195, 0.752368688583374, -0.4277501404285431, 0.696156919002533), (-0.5486310124397278, -0.658322274684906, -0.5153791308403015, 0.005085727199912071), (-0.6693527102470398, -0.023512521758675575, 0.7425726652145386, 1.5253609418869019), (0.0, 0.0, 0.0, 1.0)],
   "matrix_edit": [(-0.5009700655937195, 0.7523686289787292, -0.4277501702308655, 0.6961567401885986), (-0.548630952835083, -0.6583225131034851, -0.515379011631012, 0.005085732787847519), (-0.6693524718284607, -0.0235125832259655, 0.7425726652145386, 1.5253609418869019), (0.0, 0.0, 0.0, 1.0)],
   "head_edit": [0.6961567401885986, 0.005085732787847519, 1.5253609418869019],
   "tail_edit": [0.7281567454338074, -0.02291426807641983, 1.5243608951568604],
   "roll_edit": 0.7853981852531433,
   "parent": "mWristLeft",
   "connected": False
}
default_reference["mFaceLipLowerRight"] = {
   "type": "bone",
   "matrix_pose_edit": [(-0.7365689277648926, -0.4433944821357727, 0.5107518434524536, -9.92928760825578e-16), (0.44339457154273987, -0.8867888450622559, -0.13040900230407715, -0.05847007781267166), (0.5107517838478088, 0.13040907680988312, 0.8497797250747681, 1.6743876934051514), (0.0, 0.0, 0.0, 1.0)],
   "matrix_pose": [(-0.736568808555603, -0.4433946907520294, 0.5107517838478088, -1.8597907705509252e-14), (0.44339463114738464, -0.8867887854576111, -0.130409374833107, -0.05847020074725151), (0.5107518434524536, 0.1304091215133667, 0.8497799038887024, 1.6743876934051514), (0.0, 0.0, 0.0, 1.0)],
   "matrix_edit": [(-0.7365679740905762, -0.4433944821357727, 0.5107511281967163, 0.0), (0.4433944821357727, -0.8867889642715454, -0.13040907680988312, -0.058470070362091064), (0.5107511281967163, 0.13040907680988312, 0.8497803211212158, 1.6743876934051514), (0.0, 0.0, 0.0, 1.0)],
   "head_edit": [0.0, -0.058470070362091064, 1.6743876934051514],
   "tail_edit": [-0.01572500169277191, -0.08992007374763489, 1.679012656211853],
   "roll_edit": 0.0,
   "parent": "mFaceTeethLower",
   "connected": False
}
default_reference["mFaceEar1Left"] = {
   "type": "bone",
   "matrix_pose_edit": [(0.8378121852874756, 0.4973211884498596, -0.22526080906391144, 0.07567999511957169), (-0.49732112884521484, 0.5249502062797546, -0.6907235383987427, 0.001654937514103949), (-0.2252606600522995, 0.6907232403755188, 0.6871379017829895, 1.7275235652923584), (0.0, 0.0, 0.0, 1.0)],
   "matrix_pose": [(0.837812066078186, 0.49732136726379395, -0.22526080906391144, 0.07567999511957169), (-0.49732136726379395, 0.5249502658843994, -0.6907233595848083, 0.0016549304127693176), (-0.22526074945926666, 0.6907232999801636, 0.6871382594108582, 1.7275235652923584), (0.0, 0.0, 0.0, 1.0)],
   "matrix_edit": [(0.8378121256828308, 0.4973212480545044, -0.22526071965694427, 0.07567999511957169), (-0.4973212480545044, 0.5249502062797546, -0.6907233595848083, 0.0016549304127693176), (-0.22526071965694427, 0.6907233595848083, 0.6871381402015686, 1.7275235652923584), (0.0, 0.0, 0.0, 1.0)],
   "head_edit": [0.07567999511957169, 0.0016549304127693176, 1.7275235652923584],
   "tail_edit": [0.0936799943447113, 0.02065492980182171, 1.7525235414505005],
   "roll_edit": 0.0,
   "parent": "mFaceRoot",
   "connected": False
}
default_reference["mHandRing1Left"] = {
   "type": "bone",
   "matrix_pose_edit": [(0.3464188873767853, 0.9279338121414185, 0.13759635388851166, 0.7691566944122314), (-0.9279338121414185, 0.3174511790275574, 0.19535495340824127, 0.04608573764562607), (0.13759642839431763, -0.19535492360591888, 0.9710319638252258, 1.5303609371185303), (0.0, 0.0, 0.0, 1.0)],
   "matrix_pose": [(0.3464188277721405, 0.9279338121414185, 0.13759618997573853, 0.7691568732261658), (-0.9279338717460632, 0.317451149225235, 0.19535477459430695, 0.04608573019504547), (0.1375962495803833, -0.19535471498966217, 0.9710323214530945, 1.5303609371185303), (0.0, 0.0, 0.0, 1.0)],
   "matrix_edit": [(0.34641891717910767, 0.9279338121414185, 0.13759635388851166, 0.7691566944122314), (-0.9279338121414185, 0.317451149225235, 0.19535495340824127, 0.04608573019504547), (0.13759635388851166, -0.19535495340824127, 0.9710322618484497, 1.5303609371185303), (0.0, 0.0, 0.0, 1.0)],
   "head_edit": [0.7691566944122314, 0.04608573019504547, 1.5303609371185303],
   "tail_edit": [0.8071566820144653, 0.05908573046326637, 1.522360920906067],
   "roll_edit": 0.0,
   "parent": "mWristLeft",
   "connected": False
}
default_reference["mNeck"] = {
   "type": "bone",
   "matrix_pose_edit": [(1.0, 0.0, 0.0, -1.0075356322427416e-16), (1.4175931546786709e-14, 0.0, -0.9999999403953552, 0.02477993816137314), (-1.197939427302207e-15, 0.9999997019767761, 1.1920928955078125e-07, 1.6070730686187744), (0.0, 0.0, 0.0, 1.0)],
   "matrix_pose": [(1.0, 0.0, 0.0, 8.836989918376893e-16), (0.0, -4.371138828673793e-08, -1.0, 0.024779880419373512), (0.0, 1.0, -4.371138828673793e-08, 1.6070733070373535), (0.0, 0.0, 0.0, 1.0)],
   "matrix_edit": [(1.0, 0.0, 0.0, 0.0), (0.0, 0.0, -1.0, 0.02477993071079254), (0.0, 1.0, 0.0, 1.6070730686187744), (0.0, 0.0, 0.0, 1.0)],
   "head_edit": [0.0, 0.02477993071079254, 1.6070730686187744],
   "tail_edit": [0.0, 0.02477993071079254, 1.6827030181884766],
   "roll_edit": 0.0,
   "parent": "mChest",
   "connected": True
}
default_reference["mWing4Left"] = {
   "type": "bone",
   "matrix_pose_edit": [(0.7417763471603394, 0.670647382736206, 1.668286842004818e-08, 0.6200000047683716), (-0.6706472635269165, 0.7417766451835632, 1.845226549335166e-08, 0.6482280492782593), (5.6772634593471594e-08, -1.3322676295501878e-15, 0.9999997615814209, 1.6039650440216064), (0.0, 0.0, 0.0, 1.0)],
   "matrix_pose": [(0.7417764067649841, 0.6706473231315613, 6.22401543637352e-08, 0.6200000047683716), (-0.6706472635269165, 0.7417764663696289, -5.515134660072363e-08, 0.6482279300689697), (-8.315537769476578e-08, -8.312196486670587e-10, 1.0, 1.6039650440216064), (0.0, 0.0, 0.0, 1.0)],
   "matrix_edit": [(0.7417764663696289, 0.6706472039222717, 0.0, 0.6200000047683716), (-0.6706472039222717, 0.7417764663696289, 0.0, 0.6482279896736145), (0.0, 0.0, 1.0, 1.6039650440216064), (0.0, 0.0, 0.0, 1.0)],
   "head_edit": [0.6200000047683716, 0.6482279896736145, 1.6039650440216064],
   "tail_edit": [0.7519999742507935, 0.7942279577255249, 1.6039650440216064],
   "roll_edit": 0.0,
   "parent": "mWing3Left",
   "connected": True
}
default_reference["mHindLimb4Left"] = {
   "type": "bone",
   "matrix_pose_edit": [(-0.9971100687980652, 0.07597031444311142, 2.403819507890148e-07, 0.07999999076128006), (-0.07597030699253082, -0.9971100091934204, -2.086162567138672e-07, 0.3199999928474426), (2.3096799850463867e-07, -8.940696716308594e-08, 0.9999998807907104, 0.0060150884091854095), (0.0, 0.0, 0.0, 1.0)],
   "matrix_pose": [(-0.9971099495887756, 0.07597024738788605, 2.1010056627801532e-07, 0.07999998331069946), (-0.07597024738788605, -0.9971100091934204, 1.3556244482515467e-07, 0.32000017166137695), (2.197920991875435e-07, 1.1920928955078125e-07, 0.9999999403953552, 0.0060150399804115295), (0.0, 0.0, 0.0, 1.0)],
   "matrix_edit": [(-0.9971024990081787, 0.07597031444311142, 0.0, 0.07999999076128006), (-0.07597031444311142, -0.9971100687980652, -0.0, 0.3199999928474426), (-0.0, 0.0, 1.0, 0.006015051156282425), (0.0, 0.0, 0.0, 1.0)],
   "head_edit": [0.07999999076128006, 0.3199999928474426, 0.006015051156282425],
   "tail_edit": [0.08799999207258224, 0.2150000035762787, 0.006015051156282425],
   "roll_edit": 0.0,
   "parent": "mHindLimb3Left",
   "connected": True
}
default_reference["R_LOWER_LEG"] = {
   "type": "collision",
   "matrix_pose_edit": [(0.9999911189079285, 1.7763568394002505e-15, -2.7284841053187847e-12, -0.08017100393772125), (-2.900802087424381e-07, 0.06651897728443146, 0.9977851510047913, -0.012839997187256813), (-2.6120583243027795e-06, -0.9977848529815674, 0.06651879101991653, 0.3350072503089905), (0.0, 0.0, 0.0, 1.0)],
   "matrix_pose": [(1.0, 3.527341974063347e-08, 2.84638986158825e-07, -0.08017098158597946), (-2.863549184439762e-07, 0.06651891022920609, 0.9977851510047913, -0.012840036302804947), (1.6261417101759434e-08, -0.997785210609436, 0.06651890277862549, 0.3350071609020233), (0.0, 0.0, 0.0, 1.0)],
   "matrix_edit": [(1.0, 0.0, 0.0, -0.08017099648714066), (0.0, 0.06651900708675385, 0.9977851510047913, -0.012839999049901962), (0.0, -0.9977851510047913, 0.06651902198791504, 0.3350071310997009), (0.0, 0.0, 0.0, 1.0)],
