neutral_reference = {}
neutral_reference["mFaceEyeLidUpperLeft"] = {
   "type": "bone",
   "matrix_pose_edit": [(1.0, -1.5918738327513893e-08, -6.503454130779573e-08, 0.035999998450279236), (-2.7494696297480914e-08, -0.9832814931869507, -0.18208910524845123, -0.07312498986721039), (-6.104863814471173e-08, 0.18208901584148407, -0.983281672000885, 1.7617030143737793), (0.0, 0.0, 0.0, 1.0)],
   "matrix_pose": [(1.0, 1.591874543294125e-08, 6.503455551865045e-08, 0.035999998450279236), (2.749470695562195e-08, -0.9832814931869507, -0.18208907544612885, -0.07312499731779099), (6.104868077727588e-08, 0.1820889711380005, -0.9832820296287537, 1.7617030143737793), (0.0, 0.0, 0.0, 1.0)],
   "matrix_edit": [(1.0, 0.0, 0.0, 0.035999998450279236), (0.0, -0.9832820296287537, -0.18208907544612885, -0.07312499731779099), (0.0, 0.18208907544612885, -0.9832808971405029, 1.7617030143737793), (0.0, 0.0, 0.0, 1.0)],
   "head_edit": [0.035999998450279236, -0.07312499731779099, 1.7617030143737793],
   "tail_edit": [0.035999998450279236, -0.10012499988079071, 1.7667030096054077],
   "roll_edit": 0.0,
   "parent": "mFaceRoot",
   "connected": False
}
neutral_reference["mFaceEyeLidUpperRight"] = {
   "type": "bone",
   "matrix_pose_edit": [(1.0, -1.5918738327513893e-08, -6.503454130779573e-08, -0.035999998450279236), (-2.7494696297480914e-08, -0.9832814931869507, -0.18208910524845123, -0.07312498986721039), (-6.104863814471173e-08, 0.18208901584148407, -0.983281672000885, 1.7617030143737793), (0.0, 0.0, 0.0, 1.0)],
   "matrix_pose": [(1.0, 1.5918724116659178e-08, 6.503455551865045e-08, -0.035999998450279236), (2.7494685639339878e-08, -0.9832814931869507, -0.18208907544612885, -0.07312499731779099), (6.104868077727588e-08, 0.1820889711380005, -0.9832820296287537, 1.7617030143737793), (0.0, 0.0, 0.0, 1.0)],
   "matrix_edit": [(1.0, 0.0, 0.0, -0.035999998450279236), (0.0, -0.9832820296287537, -0.18208907544612885, -0.07312499731779099), (0.0, 0.18208907544612885, -0.9832808971405029, 1.7617030143737793), (0.0, 0.0, 0.0, 1.0)],
   "head_edit": [-0.035999998450279236, -0.07312499731779099, 1.7617030143737793],
   "tail_edit": [-0.035999998450279236, -0.10012499988079071, 1.7667030096054077],
   "roll_edit": 0.0,
   "parent": "mFaceRoot",
   "connected": False
}
neutral_reference["LEFT_PEC"] = {
   "type": "collision",
   "matrix_pose_edit": [(1.0, 7.105010617390953e-15, 1.6940658945086007e-21, 0.0820000022649765), (1.411082351226306e-14, -0.988810658454895, 0.14917564392089844, -0.10363197326660156), (-2.251189374768704e-16, -0.14917543530464172, -0.9888103604316711, 1.3979650735855103), (0.0, 0.0, 0.0, 1.0)],
   "matrix_pose": [(1.0, 0.0, 6.705628441771683e-16, 0.0820000022649765), (-1.0003163307286238e-16, -0.9888107180595398, 0.14917567372322083, -0.10363201797008514), (6.630597733908305e-16, -0.14917564392089844, -0.9888107776641846, 1.3979651927947998), (0.0, 0.0, 0.0, 1.0)],
   "matrix_edit": [(1.0, 0.0, 0.0, 0.0820000022649765), (0.0, -0.9888107776641846, 0.14917530119419098, -0.10363200306892395), (0.0, -0.14917530119419098, -0.988813042640686, 1.3979650735855103), (0.0, 0.0, 0.0, 1.0)],
   "head_edit": [0.0820000022649765, -0.10363200306892395, 1.3979650735855103],
   "tail_edit": [0.0820000022649765, -0.18295902013778687, 1.3859975337982178],
   "roll_edit": 0.0,
   "parent": "mChest",
   "connected": False
}
neutral_reference["mElbowRight"] = {
   "type": "bone",
   "matrix_pose_edit": [(7.085312019169607e-15, -1.0, -1.2850135672470018e-15, -0.412418007850647), (1.0, 2.2569496916774023e-36, -1.6940658945086007e-20, 0.036295004189014435), (-1.3038511781360285e-07, 6.310887241768095e-30, 0.9999996423721313, 1.521360993385315), (0.0, 0.0, 0.0, 1.0)],
   "matrix_pose": [(-4.371138828673793e-08, -1.0, 8.801000461744479e-08, -0.412418007850647), (1.0, -4.3711395392165286e-08, -6.705524668859653e-08, 0.036295000463724136), (6.705525379402388e-08, 8.801000461744479e-08, 1.0, 1.521360993385315), (0.0, 0.0, 0.0, 1.0)],
   "matrix_edit": [(0.0, -1.0, 0.0, -0.412418007850647), (1.0, 0.0, 0.0, 0.036295000463724136), (0.0, 0.0, 1.0, 1.521360993385315), (0.0, 0.0, 0.0, 1.0)],
   "head_edit": [-0.412418007850647, 0.036295000463724136, 1.521360993385315],
   "tail_edit": [-0.6174179911613464, 0.036295000463724136, 1.521360993385315],
   "roll_edit": 0.0,
   "parent": "mShoulderRight",
   "connected": True
}
neutral_reference["mFaceCheekUpperRight"] = {
   "type": "bone",
   "matrix_pose_edit": [(-0.8262273669242859, -0.5633367896080017, -3.105364498878771e-08, -0.03400000184774399), (0.5633367896080017, -0.8262273073196411, -4.5545391458290396e-08, -0.07012499123811722), (-4.407043974197222e-08, 9.512191923022328e-09, 0.9999996423721313, 1.722702980041504), (0.0, 0.0, 0.0, 1.0)],
   "matrix_pose": [(-0.8262273669242859, -0.5633367300033569, 1.789165082755062e-08, -0.03400000184774399), (0.5633367896080017, -0.8262273073196411, -1.4737027598243913e-08, -0.07012499868869781), (2.308448188159673e-08, -2.097110041177075e-09, 1.0, 1.722702980041504), (0.0, 0.0, 0.0, 1.0)],
   "matrix_edit": [(-0.8262267112731934, -0.5633367896080017, 0.0, -0.03400000184774399), (0.5633367896080017, -0.8262273073196411, 0.0, -0.07012499868869781), (0.0, 0.0, 1.0, 1.722702980041504), (0.0, 0.0, 0.0, 1.0)],
   "head_edit": [-0.03400000184774399, -0.07012499868869781, 1.722702980041504],
   "tail_edit": [-0.049000002443790436, -0.09212499856948853, 1.722702980041504],
   "roll_edit": 0.0,
   "parent": "mFaceRoot",
   "connected": False
}
neutral_reference["mTail1"] = {
   "type": "bone",
   "matrix_pose_edit": [(1.0, 0.0, 0.0, 0.0), (0.0, 0.9999999403953552, -1.1920928244535389e-07, 0.11600000411272049), (0.0, -5.7486815308038786e-09, 0.9999999403953552, 1.1140151023864746), (0.0, 0.0, 0.0, 1.0)],
   "matrix_pose": [(1.0, 4.084689581709466e-23, 7.105428204633949e-15, 0.0), (0.0, 1.0, -5.748688636231236e-09, 0.11600001156330109), (-7.105428204633949e-15, 5.748688636231236e-09, 1.0, 1.1140151023864746), (0.0, 0.0, 0.0, 1.0)],
   "matrix_edit": [(1.0, 0.0, 0.0, 0.0), (0.0, 1.0, 0.0, 0.11599999666213989), (0.0, 0.0, 1.0, 1.1140151023864746), (0.0, 0.0, 0.0, 1.0)],
   "head_edit": [0.0, 0.11599999666213989, 1.1140151023864746],
   "tail_edit": [0.0, 0.31299999356269836, 1.1140151023864746],
   "roll_edit": 0.0,
   "parent": "mPelvis",
   "connected": False
}
neutral_reference["mFaceLipCornerRight"] = {
   "type": "bone",
   "matrix_pose_edit": [(-0.6616216897964478, -0.7498378753662109, -4.0131229894768694e-08, 0.01899999938905239), (0.7498378753662109, -0.6616216897964478, -3.5409886578463556e-08, -0.04812499135732651), (-5.866066388193758e-08, -1.7604495639034212e-09, 0.9999996423721313, 1.687703013420105), (0.0, 0.0, 0.0, 1.0)],
   "matrix_pose": [(-0.6616219282150269, -0.7498376369476318, 1.997968398730998e-15, 0.01899999938905239), (0.7498376369476318, -0.6616219282150269, 1.7629144265273247e-15, -0.048124998807907104), (0.0, 2.6645346238256653e-15, 1.0, 1.687703013420105), (0.0, 0.0, 0.0, 1.0)],
   "matrix_edit": [(-0.6616219282150269, -0.7498378753662109, 0.0, 0.01899999938905239), (0.7498378753662109, -0.6616216897964478, 0.0, -0.048124998807907104), (0.0, 0.0, 1.0, 1.687703013420105), (0.0, 0.0, 0.0, 1.0)],
   "head_edit": [0.01899999938905239, -0.048124998807907104, 1.687703013420105],
   "tail_edit": [-0.03199999779462814, -0.09312500059604645, 1.687703013420105],
   "roll_edit": 0.0,
   "parent": "mFaceTeethUpper",
   "connected": False
}
neutral_reference["mSpine4"] = {
   "type": "bone",
   "matrix_pose_edit": [(1.0, -7.195481359454237e-17, 6.357301884918343e-08, 8.141880535844328e-17), (6.339492131246516e-08, 0.07480070739984512, -0.9971984624862671, 1.862645149230957e-09), (-4.755314364501828e-09, 0.9971981644630432, 0.07480081170797348, 1.151087999343872), (0.0, 0.0, 0.0, 1.0)],
   "matrix_pose": [(1.0, 3.9139999123422985e-15, -6.357301884918343e-08, 7.955735781262335e-17), (-6.339492131246516e-08, 0.07480072975158691, -0.9971985220909119, -4.0978193283081055e-08), (4.755304594539211e-09, 0.9971985220909119, 0.07480072975158691, 1.151087999343872), (0.0, 0.0, 0.0, 1.0)],
   "matrix_edit": [(1.0, 0.0, 0.0, 0.0), (0.0, 0.07480070739984512, -0.9971985220909119, 0.0), (0.0, 0.9971985220909119, 0.07480067014694214, 1.151087999343872), (0.0, 0.0, 0.0, 1.0)],
   "head_edit": [0.0, 0.0, 1.151087999343872],
   "tail_edit": [0.0, 0.01536799967288971, 1.3559650182724],
   "roll_edit": 0.0,
   "parent": "mSpine3",
   "connected": True
}
neutral_reference["mFaceForeheadRight"] = {
   "type": "bone",
   "matrix_pose_edit": [(0.9156243801116943, -0.13216379284858704, 0.3796903192996979, -0.03500000014901161), (0.13216380774974823, -0.7929821610450745, -0.5947369337081909, -0.06112499535083771), (0.3796902000904083, 0.5947368741035461, -0.7086062431335449, 1.810702919960022), (0.0, 0.0, 0.0, 1.0)],
   "matrix_pose": [(0.9156245589256287, -0.1321636587381363, 0.37969017028808594, -0.03500000014901161), (0.13216374814510345, -0.7929821610450745, -0.5947369337081909, -0.061125002801418304), (0.3796902000904083, 0.5947369933128357, -0.7086066007614136, 1.810702919960022), (0.0, 0.0, 0.0, 1.0)],
   "matrix_edit": [(0.9156243801116943, -0.13216373324394226, 0.3796902596950531, -0.03500000014901161), (0.13216373324394226, -0.7929821610450745, -0.5947369337081909, -0.061125002801418304), (0.3796902596950531, 0.5947369337081909, -0.708606481552124, 1.810702919960022), (0.0, 0.0, 0.0, 1.0)],
   "head_edit": [-0.03500000014901161, -0.061125002801418304, 1.810702919960022],
   "tail_edit": [-0.039000000804662704, -0.08512499928474426, 1.8287029266357422],
   "roll_edit": 0.0,
   "parent": "mFaceRoot",
   "connected": False
}
neutral_reference["mShoulderRight"] = {
   "type": "bone",
   "matrix_pose_edit": [(7.085312019169607e-15, -1.0, -1.2850135672470018e-15, -0.16441801190376282), (1.0, 9.92616861281378e-23, 4.263256414560601e-14, 0.036295004189014435), (-1.30385160446167e-07, -5.293955920339377e-23, 0.9999996423721313, 1.521360993385315), (0.0, 0.0, 0.0, 1.0)],
   "matrix_pose": [(-4.371138828673793e-08, -1.0, 8.801001172287215e-08, -0.16441801190376282), (1.0, -4.3711395392165286e-08, -6.705524668859653e-08, 0.03629501163959503), (6.705525379402388e-08, 8.801001172287215e-08, 1.0, 1.521360993385315), (0.0, 0.0, 0.0, 1.0)],
   "matrix_edit": [(0.0, -1.0, 0.0, -0.16441801190376282), (1.0, 0.0, 0.0, 0.036295000463724136), (0.0, 0.0, 1.0, 1.521360993385315), (0.0, 0.0, 0.0, 1.0)],
   "head_edit": [-0.16441801190376282, 0.036295000463724136, 1.521360993385315],
   "tail_edit": [-0.412418007850647, 0.036295000463724136, 1.521360993385315],
   "roll_edit": 0.0,
   "parent": "mCollarRight",
   "connected": True
}
neutral_reference["mKneeRight"] = {
   "type": "bone",
   "matrix_pose_edit": [(0.9999911189079285, -1.3969838619232178e-09, -3.0547380447387695e-07, -0.08017100393772125), (1.4901161193847656e-08, 0.061504170298576355, 0.998106837272644, -0.032839998602867126), (-2.594664692878723e-06, -0.9981064796447754, 0.06150399148464203, 0.5350072383880615), (0.0, 0.0, 0.0, 1.0)],
   "matrix_pose": [(1.0, 3.24456230771375e-08, -2.0661104827013332e-08, -0.08017098903656006), (1.862645149230957e-08, 0.06150410324335098, 0.998106837272644, -0.032840024679899216), (3.3654941944405437e-08, -0.998106837272644, 0.06150410324335098, 0.5350072383880615), (0.0, 0.0, 0.0, 1.0)],
   "matrix_edit": [(1.0, 0.0, 0.0, -0.08017099648714066), (0.0, 0.061504192650318146, 0.998106837272644, -0.032839998602867126), (0.0, -0.998106837272644, 0.061504244804382324, 0.535007119178772), (0.0, 0.0, 0.0, 1.0)],
   "head_edit": [-0.08017099648714066, -0.032839998602867126, 0.535007119178772],
   "tail_edit": [-0.08017099648714066, -0.0039709992706775665, 0.06651312112808228],
   "roll_edit": 0.0,
   "parent": "mHipRight",
   "connected": True
}
neutral_reference["mFaceTongueTip"] = {
   "type": "bone",
   "matrix_pose_edit": [(-1.0, 7.105427357601002e-15, -8.742276236262114e-08, -6.401206918110855e-16), (-5.3290705182007514e-14, -0.9999998211860657, 3.2782554626464844e-07, -0.08112501353025436), (-8.742273394091171e-08, 0.0, 0.9999997019767761, 1.685702919960022), (0.0, 0.0, 0.0, 1.0)],
   "matrix_pose": [(-1.0, -8.742274815176643e-08, 8.742279078433057e-08, 1.7507244365702092e-14), (8.742277657347586e-08, -0.9999997019767761, -7.642743554724715e-15, -0.08112500607967377), (8.742279078433057e-08, 0.0, 1.0, 1.6857030391693115), (0.0, 0.0, 0.0, 1.0)],
   "matrix_edit": [(-1.0, 0.0, 0.0, 0.0), (0.0, -1.0, 0.0, -0.08112499862909317), (0.0, 0.0, 1.0, 1.685702919960022), (0.0, 0.0, 0.0, 1.0)],
   "head_edit": [0.0, -0.08112499862909317, 1.685702919960022],
   "tail_edit": [0.0, -0.0911249965429306, 1.685702919960022],
   "roll_edit": 0.0,
   "parent": "mFaceTongueBase",
   "connected": True
}
neutral_reference["mFootLeft"] = {
   "type": "bone",
   "matrix_pose_edit": [(-0.9663329720497131, 0.07596687227487564, -0.2457948476076126, 0.0825750008225441), (-0.07596756517887115, -0.9970649480819702, -0.009496629238128662, -0.11593900620937347), (-0.24579846858978271, 0.009495794773101807, 0.9692740440368652, 0.005895208567380905), (0.0, 0.0, 0.0, 1.0)],
   "matrix_pose": [(-0.9663399457931519, 0.07596702873706818, -0.24579662084579468, 0.0825750082731247), (-0.07596700638532639, -0.9970649480819702, -0.009496164508163929, -0.11593877524137497), (-0.24579663574695587, 0.009495910257101059, 0.9692748188972473, 0.005895044654607773), (0.0, 0.0, 0.0, 1.0)],
   "matrix_edit": [(-0.9663025140762329, 0.07596687227487564, -0.2457878142595291, 0.0825749933719635), (-0.07596687227487564, -0.9970650672912598, -0.009495859034359455, -0.11593900620937347), (-0.2457878142595291, 0.009495859034359455, 0.9692765474319458, 0.005895089358091354), (0.0, 0.0, 0.0, 1.0)],
   "head_edit": [0.0825749933719635, -0.11593900620937347, 0.005895089358091354],
   "tail_edit": [0.09057499468326569, -0.2209390103816986, 0.0068950895220041275],
   "roll_edit": 0.0,
   "parent": "mAnkleLeft",
   "connected": True
}
neutral_reference["mFaceEyebrowOuterRight"] = {
   "type": "bone",
   "matrix_pose_edit": [(-0.8705629706382751, -0.4920569956302643, -9.233069420133688e-09, -0.050999999046325684), (0.4920569956302643, -0.8705629110336304, -1.6335455654825637e-08, -0.06412499397993088), (-3.8494160747859496e-08, 4.934086916819069e-08, 0.9999996423721313, 1.775702953338623), (0.0, 0.0, 0.0, 1.0)],
   "matrix_pose": [(-0.8705629110336304, -0.49205711483955383, 2.116684605368846e-08, -0.050999999046325684), (0.4920571446418762, -0.8705628514289856, -3.5291862765518545e-09, -0.06412500143051147), (2.0163632541425613e-08, 7.342918717512248e-09, 1.0, 1.775702953338623), (0.0, 0.0, 0.0, 1.0)],
   "matrix_edit": [(-0.8705630302429199, -0.4920571446418762, 0.0, -0.050999999046325684), (0.4920571446418762, -0.8705629110336304, 0.0, -0.06412500143051147), (0.0, 0.0, 1.0, 1.775702953338623), (0.0, 0.0, 0.0, 1.0)],
   "head_edit": [-0.050999999046325684, -0.06412500143051147, 1.775702953338623],
   "tail_edit": [-0.06399999558925629, -0.08712500333786011, 1.775702953338623],
   "roll_edit": 0.0,
   "parent": "mFaceRoot",
   "connected": False
}
neutral_reference["mCollarRight"] = {
   "type": "bone",
   "matrix_pose_edit": [(-7.125542696032397e-15, -1.0, -3.9683588870070537e-16, -0.08500000089406967), (1.0, -1.4210854715202004e-14, -1.1175870895385742e-07, 0.036295004189014435), (-1.862645149230957e-08, 8.881784197001252e-16, 0.9999996423721313, 1.521360993385315), (0.0, 0.0, 0.0, 1.0)],
   "matrix_pose": [(7.549790836947068e-08, -1.0, 1.6484415255035856e-07, -0.08499999344348907), (1.0000001192092896, 7.549790126404332e-08, 1.490115231206346e-08, 0.036295004189014435), (-1.4901164746561335e-08, 1.6484413833950384e-07, 1.0000001192092896, 1.521360993385315), (0.0, 0.0, 0.0, 1.0)],
   "matrix_edit": [(0.0, -1.0, 0.0, -0.08500000089406967), (1.0, 0.0, 0.0, 0.036295000463724136), (0.0, 0.0, 1.0, 1.521360993385315), (0.0, 0.0, 0.0, 1.0)],
   "head_edit": [-0.08500000089406967, 0.036295000463724136, 1.521360993385315],
   "tail_edit": [-0.16441801190376282, 0.036295000463724136, 1.521360993385315],
   "roll_edit": 0.0,
   "parent": "mChest",
   "connected": False
}
neutral_reference["R_UPPER_ARM"] = {
   "type": "collision",
   "matrix_pose_edit": [(0.012125429697334766, -0.9939188957214355, -0.10944591462612152, -0.2844180166721344), (0.993918776512146, -4.694508162468667e-15, 0.11011550575494766, 0.036295004189014435), (-0.1094459667801857, -0.11011551320552826, 0.9878741502761841, 1.5313609838485718), (0.0, 0.0, 0.0, 1.0)],
   "matrix_pose": [(0.012125376611948013, -0.9939188957214355, -0.10944583266973495, -0.2844180166721344), (0.993918776512146, -3.6061756247818266e-08, 0.1101154312491417, 0.036295004189014435), (-0.10944581031799316, -0.11011546105146408, 0.9878745079040527, 1.5313609838485718), (0.0, 0.0, 0.0, 1.0)],
   "matrix_edit": [(0.012125372886657715, -0.9939188361167908, -0.10944587737321854, -0.2844180166721344), (0.9939188361167908, 0.0, 0.11011550575494766, 0.036295000463724136), (-0.10944587737321854, -0.11011550575494766, 0.9878745675086975, 1.5313609838485718), (0.0, 0.0, 0.0, 1.0)],
   "head_edit": [-0.2844180166721344, 0.036295000463724136, 1.5313609838485718],
   "tail_edit": [-0.4136618375778198, 0.036295000463724136, 1.5170421600341797],
   "roll_edit": 0.0,
   "parent": "mShoulderRight",
   "connected": False
}
neutral_reference["mHandIndex2Left"] = {
   "type": "bone",
   "matrix_pose_edit": [(-0.34765368700027466, 0.9029319286346436, 0.25268685817718506, 0.7495110034942627), (-0.9029321074485779, -0.39503273367881775, 0.16930076479911804, -0.01870499551296234), (0.2526867091655731, -0.16930092871189117, 0.9526204466819763, 1.5303609371185303), (0.0, 0.0, 0.0, 1.0)],
   "matrix_pose": [(-0.34765371680259705, 0.9029321074485779, 0.2526867091655731, 0.7495110034942627), (-0.9029322266578674, -0.39503273367881775, 0.16930076479911804, -0.018704991787672043), (0.25268664956092834, -0.16930091381072998, 0.9526209235191345, 1.5303609371185303), (0.0, 0.0, 0.0, 1.0)],
   "matrix_edit": [(-0.34765374660491943, 0.9029321074485779, 0.2526867985725403, 0.7495110034942627), (-0.9029321074485779, -0.3950327932834625, 0.16930092871189117, -0.01870499923825264), (0.2526867985725403, -0.16930092871189117, 0.9526209235191345, 1.5303609371185303), (0.0, 0.0, 0.0, 1.0)],
   "head_edit": [0.7495110034942627, -0.01870499923825264, 1.5303609371185303],
   "tail_edit": [0.7815110087394714, -0.032705001533031464, 1.5243608951568604],
   "roll_edit": 0.0,
   "parent": "mHandIndex1Left",
   "connected": True
}
neutral_reference["mNeck"] = {
   "type": "bone",
   "matrix_pose_edit": [(1.0, -1.0587911840678754e-22, -4.235164736271502e-22, -1.0075597197421792e-16), (7.085312866202554e-15, 3.725290298461914e-09, -1.0, 0.024875007569789886), (-1.2850139907634754e-15, 0.9999996423721313, 1.341104507446289e-07, 1.6070730686187744), (0.0, 0.0, 0.0, 1.0)],
   "matrix_pose": [(1.0, 0.0, 0.0, 8.836989918376893e-16), (0.0, -4.371139183945161e-08, -1.0, 0.024874966591596603), (0.0, 1.0000001192092896, -4.371138828673793e-08, 1.6070733070373535), (0.0, 0.0, 0.0, 1.0)],
   "matrix_edit": [(1.0, 0.0, 0.0, 0.0), (0.0, 0.0, -1.0, 0.02487500011920929), (0.0, 1.0, 0.0, 1.6070730686187744), (0.0, 0.0, 0.0, 1.0)],
   "head_edit": [0.0, 0.02487500011920929, 1.6070730686187744],
   "tail_edit": [0.0, 0.02487500011920929, 1.6827030181884766],
   "roll_edit": 0.0,
   "parent": "mChest",
   "connected": True
}
neutral_reference["mFaceNoseRight"] = {
   "type": "bone",
   "matrix_pose_edit": [(-0.9662349224090576, -0.25766265392303467, -2.3734976650757744e-08, -0.014999999664723873), (0.25766265392303467, -0.9662349820137024, -8.900565973135599e-08, -0.08612499386072159), (-2.015736555449621e-08, -1.6526342960787588e-08, 0.9999996423721313, 1.7237030267715454), (0.0, 0.0, 0.0, 1.0)],
   "matrix_pose": [(-0.9662348628044128, -0.25766265392303467, 1.3533012932498423e-08, -0.01499999687075615), (0.2576626241207123, -0.9662349224090576, 9.769828501760003e-09, -0.08612499386072159), (1.055874943034496e-08, 1.2926901327148244e-08, 1.0, 1.7237029075622559), (0.0, 0.0, 0.0, 1.0)],
   "matrix_edit": [(-0.9662375450134277, -0.25766265392303467, 0.0, -0.014999999664723873), (0.25766265392303467, -0.9662349820137024, 0.0, -0.08612500131130219), (0.0, 0.0, 1.0, 1.7237030267715454), (0.0, 0.0, 0.0, 1.0)],
   "head_edit": [-0.014999999664723873, -0.08612500131130219, 1.7237030267715454],
   "tail_edit": [-0.01899999938905239, -0.10112500190734863, 1.7237030267715454],
   "roll_edit": 0.0,
   "parent": "mFaceRoot",
   "connected": False
}
neutral_reference["mFaceChin"] = {
   "type": "bone",
   "matrix_pose_edit": [(1.0, -1.7763568394002505e-15, 3.552713678800501e-14, -1.2851154758984683e-16), (-1.4210854715202004e-14, -0.7592566013336182, 0.6507917046546936, -0.07312501966953278), (2.1316282072803006e-14, -0.6507917642593384, -0.7592560052871704, 1.6587029695510864), (0.0, 0.0, 0.0, 1.0)],
   "matrix_pose": [(1.0, 5.009491763465282e-15, -3.236905575933029e-14, 7.13318293321663e-15), (2.4868995751603507e-14, -0.7592564821243286, 0.6507914662361145, -0.07312501221895218), (-2.1316282072803006e-14, -0.6507914662361145, -0.7592564821243286, 1.6587029695510864), (0.0, 0.0, 0.0, 1.0)],
   "matrix_edit": [(1.0, 0.0, 0.0, 0.0), (0.0, -0.7592564821243286, 0.650791585445404, -0.07312500476837158), (0.0, -0.650791585445404, -0.7592568397521973, 1.6587029695510864), (0.0, 0.0, 0.0, 1.0)],
   "head_edit": [0.0, -0.07312500476837158, 1.6587029695510864],
   "tail_edit": [0.0, -0.09412500262260437, 1.6407029628753662],
   "roll_edit": 0.0,
   "parent": "mFaceJaw",
   "connected": False
}
neutral_reference["mFaceLipLowerCenter"] = {
   "type": "bone",
   "matrix_pose_edit": [(1.0, 1.7763568394002505e-15, -6.357303306003814e-08, -4.604681800720006e-16), (-3.1746467676896373e-09, -0.9987528324127197, -0.049937356263399124, -0.06512501835823059), (-6.349369385816317e-08, 0.04993699491024017, -0.9987521171569824, 1.6737029552459717), (0.0, 0.0, 0.0, 1.0)],
   "matrix_pose": [(1.0, -1.9230739572930096e-15, 6.357303306003814e-08, 3.0269721869010183e-15), (3.1746376638608353e-09, -0.9987525939941406, -0.04993688315153122, -0.06512501835823059), (6.34937222798726e-08, 0.04993689805269241, -0.9987522959709167, 1.6737031936645508), (0.0, 0.0, 0.0, 1.0)],
   "matrix_edit": [(1.0, 0.0, 0.0, 0.0), (0.0, -0.9987523555755615, -0.04993697628378868, -0.0651250034570694), (0.0, 0.04993697628378868, -0.9987277984619141, 1.6737029552459717), (0.0, 0.0, 0.0, 1.0)],
   "head_edit": [0.0, -0.0651250034570694, 1.6737029552459717],
   "tail_edit": [0.0, -0.10512500256299973, 1.6757029294967651],
   "roll_edit": 0.0,
   "parent": "mFaceTeethLower",
   "connected": False
}
neutral_reference["UPPER_BACK"] = {
   "type": "collision",
   "matrix_pose_edit": [(1.0, 0.0, -2.329340604949326e-21, -1.0075597197421792e-16), (7.085312866202554e-15, 1.0, -1.862645149230957e-07, 0.015368007123470306), (-1.2850124025766993e-15, 8.940696716308594e-08, 0.9999996423721313, 1.3729649782180786), (0.0, 0.0, 0.0, 1.0)],
   "matrix_pose": [(1.0, 7.125542696032397e-15, 3.968330299645084e-16, 7.230537406163133e-16), (-7.125542696032397e-15, 1.0000001192092896, -1.9371509552001953e-07, 0.015367968007922173), (-3.968350946073173e-16, 2.3096799850463867e-07, 1.0000001192092896, 1.3729650974273682), (0.0, 0.0, 0.0, 1.0)],
   "matrix_edit": [(1.0, 0.0, 0.0, 0.0), (0.0, 1.0, 0.0, 0.01536799967288971), (0.0, 0.0, 1.0, 1.3729649782180786), (0.0, 0.0, 0.0, 1.0)],
   "head_edit": [0.0, 0.01536799967288971, 1.3729649782180786],
   "tail_edit": [0.0, 0.11536800116300583, 1.3729649782180786],
   "roll_edit": 0.0,
   "parent": "mChest",
   "connected": False
}
neutral_reference["mShoulderLeft"] = {
   "type": "bone",
   "matrix_pose_edit": [(-7.085312019169607e-15, 1.0, -1.2850135672470018e-15, 0.16366499662399292), (-1.0, -9.92616861281378e-23, 4.263256414560601e-14, 0.036295004189014435), (1.30385160446167e-07, 5.293955920339377e-23, 0.9999996423721313, 1.521360993385315), (0.0, 0.0, 0.0, 1.0)],
   "matrix_pose": [(-4.371138828673793e-08, 1.0, -5.960463766996327e-08, 0.16366499662399292), (-1.0, -4.3711395392165286e-08, -8.195640077701682e-08, 0.036295000463724136), (-8.195640077701682e-08, 5.960463411724959e-08, 1.0, 1.521360993385315), (0.0, 0.0, 0.0, 1.0)],
   "matrix_edit": [(0.0, 1.0, 0.0, 0.16366499662399292), (-1.0, 0.0, 0.0, 0.036295000463724136), (0.0, 0.0, 1.0, 1.521360993385315), (0.0, 0.0, 0.0, 1.0)],
   "head_edit": [0.16366499662399292, 0.036295000463724136, 1.521360993385315],
   "tail_edit": [0.4116649925708771, 0.036295000463724136, 1.521360993385315],
   "roll_edit": 0.0,
   "parent": "mCollarLeft",
   "connected": True
}
neutral_reference["mHandMiddle2Right"] = {
   "type": "bone",
   "matrix_pose_edit": [(0.04557812213897705, -0.9867328405380249, -0.15582428872585297, -0.7584180235862732), (0.9867327213287354, 0.020137395709753036, 0.1610994040966034, 0.024295004084706306), (-0.15582427382469177, -0.16109947860240936, 0.9745588898658752, 1.5303609371185303), (0.0, 0.0, 0.0, 1.0)],
   "matrix_pose": [(0.04557812958955765, -0.9867327213287354, -0.15582416951656342, -0.7584182024002075), (0.9867326617240906, 0.020137427374720573, 0.161099374294281, 0.024295009672641754), (-0.15582410991191864, -0.1610994189977646, 0.9745593070983887, 1.5303609371185303), (0.0, 0.0, 0.0, 1.0)],
   "matrix_edit": [(0.04557812213897705, -0.9867327213287354, -0.155824214220047, -0.7584180235862732), (0.9867327213287354, 0.020137395709753036, 0.16109946370124817, 0.024295000359416008), (-0.155824214220047, -0.16109946370124817, 0.9745592474937439, 1.5303609371185303), (0.0, 0.0, 0.0, 1.0)],
   "head_edit": [-0.7584180235862732, 0.024295000359416008, 1.5303609371185303],
   "tail_edit": [-0.8074180483818054, 0.02529500052332878, 1.522360920906067],
   "roll_edit": 0.0,
   "parent": "mHandMiddle1Right",
   "connected": True
}
neutral_reference["mFaceNoseBase"] = {
   "type": "bone",
   "matrix_pose_edit": [(-1.0, -3.7010943694016675e-15, 2.842170943040401e-14, -1.0075597859166282e-16), (1.1752344973928186e-15, -1.0, -1.064321963895054e-09, -0.09412498772144318), (2.842170943040401e-14, 7.716678851465986e-08, 0.9999996423721313, 1.7117029428482056), (0.0, 0.0, 0.0, 1.0)],
   "matrix_pose": [(-1.0, -8.742277657347586e-08, -3.582427594590182e-15, 1.1102230246251565e-16), (8.742277657347586e-08, -1.0, -4.0978193283081055e-08, -0.09412499517202377), (0.0, -4.0978193283081055e-08, 1.0, 1.7117029428482056), (0.0, 0.0, 0.0, 1.0)],
   "matrix_edit": [(-1.0, 0.0, 0.0, 0.0), (0.0, -1.0, 0.0, -0.09412499517202377), (0.0, 0.0, 1.0, 1.7117029428482056), (0.0, 0.0, 0.0, 1.0)],
   "head_edit": [0.0, -0.09412499517202377, 1.7117029428482056],
   "tail_edit": [0.0, -0.1081249937415123, 1.7117029428482056],
   "roll_edit": 0.0,
   "parent": "mFaceRoot",
   "connected": False
}
neutral_reference["mFaceCheekUpperLeft"] = {
   "type": "bone",
   "matrix_pose_edit": [(-0.8262273669242859, 0.5633367896080017, 4.4529343767862883e-08, 0.03400000184774399), (-0.5633367896080017, -0.8262273073196411, -6.53094858193981e-08, -0.07012499123811722), (4.4070581850519375e-08, -1.4408797710530052e-08, 0.9999996423721313, 1.722702980041504), (0.0, 0.0, 0.0, 1.0)],
   "matrix_pose": [(-0.8262273669242859, 0.5633367300033569, -2.1515516479553298e-08, 0.03400000184774399), (-0.5633367896080017, -0.8262273073196411, -9.422189251040436e-09, -0.07012499868869781), (-2.308457425215238e-08, 4.335610981343052e-09, 1.0, 1.722702980041504), (0.0, 0.0, 0.0, 1.0)],
   "matrix_edit": [(-0.8262267112731934, 0.5633367896080017, 0.0, 0.03400000184774399), (-0.5633367896080017, -0.8262273073196411, -0.0, -0.07012499868869781), (-0.0, 0.0, 1.0, 1.722702980041504), (0.0, 0.0, 0.0, 1.0)],
   "head_edit": [0.03400000184774399, -0.07012499868869781, 1.722702980041504],
   "tail_edit": [0.049000002443790436, -0.09212499856948853, 1.722702980041504],
   "roll_edit": 0.0,
   "parent": "mFaceRoot",
   "connected": False
}
neutral_reference["mToeRight"] = {
   "type": "bone",
   "matrix_pose_edit": [(-0.9999911785125732, -1.4901228695407553e-08, -2.1600499167107046e-12, -0.08017100393772125), (3.427266221933678e-07, -0.9999999403953552, -1.0686005680327071e-07, -0.22492700815200806), (2.5906431346811587e-06, 8.526512829121202e-14, 0.9999995231628418, 0.0058762324042618275), (0.0, 0.0, 0.0, 1.0)],
   "matrix_pose": [(-1.0, 1.5099580252808664e-07, -4.888806515168653e-08, -0.08017101883888245), (-1.5099580252808664e-07, -1.0, -2.648934760429711e-08, -0.22492706775665283), (-4.888806870440021e-08, -2.648934049886975e-08, 1.0, 0.00587595347315073), (0.0, 0.0, 0.0, 1.0)],
   "matrix_edit": [(-1.0, 0.0, 0.0, -0.08017099648714066), (0.0, -1.0, 0.0, -0.22492699325084686), (0.0, 0.0, 1.0, 0.005876120179891586), (0.0, 0.0, 0.0, 1.0)],
   "head_edit": [-0.08017099648714066, -0.22492699325084686, 0.005876120179891586],
   "tail_edit": [-0.08017099648714066, -0.24492698907852173, 0.005876120179891586],
   "roll_edit": 0.0,
   "parent": "mFootRight",
   "connected": False
}
neutral_reference["mWing4FanLeft"] = {
   "type": "bone",
   "matrix_pose_edit": [(0.9168707132339478, 0.3374900221824646, 0.2131863832473755, 0.6300000548362732), (-0.33748993277549744, 0.3701505661010742, 0.8654994368553162, 0.6483680605888367), (0.21318629384040833, -0.865498960018158, 0.45327940583229065, 1.6039650440216064), (0.0, 0.0, 0.0, 1.0)],
   "matrix_pose": [(0.9168708324432373, 0.3374899625778198, 0.2131863385438919, 0.6300000548362732), (-0.3374899625778198, 0.3701503872871399, 0.8654994964599609, 0.6483680605888367), (0.2131863832473755, -0.8654993176460266, 0.45327967405319214, 1.6039650440216064), (0.0, 0.0, 0.0, 1.0)],
   "matrix_edit": [(0.9168707728385925, 0.3374900817871094, 0.2131863534450531, 0.6299999952316284), (-0.3374900817871094, 0.3701506555080414, 0.8654992580413818, 0.6483680009841919), (0.2131863534450531, -0.8654992580413818, 0.45327991247177124, 1.6039650440216064), (0.0, 0.0, 0.0, 1.0)],
   "head_edit": [0.6299999952316284, 0.6483680009841919, 1.6039650440216064],
   "tail_edit": [0.6919999718666077, 0.7163680195808411, 1.4449650049209595],
   "roll_edit": 0.0,
   "parent": "mWing3Left",
   "connected": True
}
neutral_reference["mElbowLeft"] = {
   "type": "bone",
   "matrix_pose_edit": [(-7.085312019169607e-15, 1.0, -1.2850135672470018e-15, 0.4116649925708771), (-1.0, -2.256949512311199e-36, -1.6940658945086007e-20, 0.036295004189014435), (1.3038511781360285e-07, 0.0, 0.9999996423721313, 1.521360993385315), (0.0, 0.0, 0.0, 1.0)],
   "matrix_pose": [(-4.371138828673793e-08, 1.0, -5.960463766996327e-08, 0.4116649925708771), (-1.0, -4.3711395392165286e-08, -8.195637946073475e-08, 0.03629498928785324), (-8.195637946073475e-08, 5.960463411724959e-08, 1.0, 1.521360993385315), (0.0, 0.0, 0.0, 1.0)],
   "matrix_edit": [(0.0, 1.0, 0.0, 0.4116649925708771), (-1.0, 0.0, 0.0, 0.036295000463724136), (0.0, 0.0, 1.0, 1.521360993385315), (0.0, 0.0, 0.0, 1.0)],
   "head_edit": [0.4116649925708771, 0.036295000463724136, 1.521360993385315],
   "tail_edit": [0.6165109872817993, 0.036295000463724136, 1.521360993385315],
   "roll_edit": 0.0,
   "parent": "mShoulderLeft",
   "connected": True
}
neutral_reference["mHindLimb1Right"] = {
   "type": "bone",
   "matrix_pose_edit": [(0.9912639260292053, 0.09327711910009384, 0.09324786067008972, -0.1289999932050705), (-0.09327711910009384, -0.004055534489452839, 0.9956318736076355, 0.40400001406669617), (0.09324785321950912, -0.9956318736076355, 0.004680335056036711, 1.026015043258667), (0.0, 0.0, 0.0, 1.0)],
   "matrix_pose": [(0.9912638068199158, 0.09327711164951324, 0.09324782341718674, -0.1289999783039093), (-0.09327708929777145, -0.004055453464388847, 0.9956319332122803, 0.40400007367134094), (0.09324782341718674, -0.9956319332122803, 0.0046805934980511665, 1.026015043258667), (0.0, 0.0, 0.0, 1.0)],
   "matrix_edit": [(0.9912639260292053, 0.09327713400125504, 0.09324786067008972, -0.1289999932050705), (-0.09327713400125504, -0.0040555354207754135, 0.9956319332122803, 0.4039999842643738), (0.09324786067008972, -0.9956319332122803, 0.004680454730987549, 1.026015043258667), (0.0, 0.0, 0.0, 1.0)],
   "head_edit": [-0.1289999932050705, 0.4039999842643738, 1.026015043258667],
   "tail_edit": [-0.08299998939037323, 0.40199998021125793, 0.5350150465965271],
   "roll_edit": 0.0,
   "parent": "mHindLimbsRoot",
   "connected": False
}
neutral_reference["mHandRing1Left"] = {
   "type": "bone",
   "matrix_pose_edit": [(0.3464188575744629, 0.9279338121414185, 0.13759636878967285, 0.7155109643936157), (-0.9279338717460632, 0.3174511790275574, 0.19535495340824127, 0.046295005828142166), (0.13759642839431763, -0.1953549087047577, 0.971031904220581, 1.5303609371185303), (0.0, 0.0, 0.0, 1.0)],
   "matrix_pose": [(0.3464188277721405, 0.9279337525367737, 0.13759642839431763, 0.7155109643936157), (-0.9279338717460632, 0.3174510896205902, 0.1953548640012741, 0.046295005828142166), (0.1375962644815445, -0.19535499811172485, 0.9710322022438049, 1.5303609371185303), (0.0, 0.0, 0.0, 1.0)],
   "matrix_edit": [(0.34641891717910767, 0.9279338121414185, 0.13759635388851166, 0.7155109643936157), (-0.9279338121414185, 0.317451149225235, 0.19535495340824127, 0.04629500210285187), (0.13759635388851166, -0.19535495340824127, 0.9710322618484497, 1.5303609371185303), (0.0, 0.0, 0.0, 1.0)],
   "head_edit": [0.7155109643936157, 0.04629500210285187, 1.5303609371185303],
   "tail_edit": [0.7535109519958496, 0.05929500237107277, 1.522360920906067],
   "roll_edit": 0.0,
   "parent": "mWristLeft",
   "connected": False
}
neutral_reference["mHandIndex1Right"] = {
   "type": "bone",
   "matrix_pose_edit": [(-0.3837985396385193, -0.8941510915756226, -0.23063471913337708, -0.7144179940223694), (0.8941511511802673, -0.42223790287971497, 0.14902609586715698, -0.0017049945890903473), (-0.23063459992408752, -0.14902620017528534, 0.9615601897239685, 1.5363609790802002), (0.0, 0.0, 0.0, 1.0)],
   "matrix_pose": [(-0.38379836082458496, -0.8941511511802673, -0.230634868144989, -0.7144181728363037), (0.8941511511802673, -0.4222377836704254, 0.14902621507644653, -0.0017049983143806458), (-0.23063473403453827, -0.14902642369270325, 0.9615604877471924, 1.5363609790802002), (0.0, 0.0, 0.0, 1.0)],
   "matrix_edit": [(-0.38379836082458496, -0.8941511511802673, -0.23063457012176514, -0.7144179940223694), (0.8941511511802673, -0.42223790287971497, 0.14902617037296295, -0.0017049983143806458), (-0.23063457012176514, -0.14902617037296295, 0.9615606665611267, 1.5363609790802002), (0.0, 0.0, 0.0, 1.0)],
   "head_edit": [-0.7144179940223694, -0.0017049983143806458, 1.5363609790802002],
   "tail_edit": [-0.7504180073738098, -0.01870499923825264, 1.5303609371185303],
   "roll_edit": 0.0,
   "parent": "mWristRight",
   "connected": False
}
neutral_reference["mFaceForeheadLeft"] = {
   "type": "bone",
   "matrix_pose_edit": [(0.9156244993209839, 0.13216370344161987, -0.3796902000904083, 0.03500000014901161), (-0.13216380774974823, -0.7929821610450745, -0.5947369337081909, -0.06112499535083771), (-0.3796900510787964, 0.5947368741035461, -0.7086063027381897, 1.810702919960022), (0.0, 0.0, 0.0, 1.0)],
   "matrix_pose": [(0.9156243801116943, 0.13216376304626465, -0.37969034910202026, 0.03500000014901161), (-0.13216374814510345, -0.7929821610450745, -0.5947369337081909, -0.061125002801418304), (-0.37969034910202026, 0.5947369337081909, -0.7086065411567688, 1.810702919960022), (0.0, 0.0, 0.0, 1.0)],
   "matrix_edit": [(0.9156243801116943, 0.13216373324394226, -0.3796902596950531, 0.03500000014901161), (-0.13216373324394226, -0.7929821610450745, -0.5947369337081909, -0.061125002801418304), (-0.3796902596950531, 0.5947369337081909, -0.708606481552124, 1.810702919960022), (0.0, 0.0, 0.0, 1.0)],
   "head_edit": [0.03500000014901161, -0.061125002801418304, 1.810702919960022],
   "tail_edit": [0.039000000804662704, -0.08512499928474426, 1.8287029266357422],
   "roll_edit": 0.0,
   "parent": "mFaceRoot",
   "connected": False
}
neutral_reference["mHandIndex2Right"] = {
   "type": "bone",
   "matrix_pose_edit": [(-0.34765368700027466, -0.9029319286346436, -0.25268685817718506, -0.7504180073738098), (0.9029321074485779, -0.39503273367881775, 0.16930076479911804, -0.01870499551296234), (-0.2526867091655731, -0.16930092871189117, 0.9526204466819763, 1.5303609371185303), (0.0, 0.0, 0.0, 1.0)],
   "matrix_pose": [(-0.34765368700027466, -0.9029321074485779, -0.2526867389678955, -0.7504181861877441), (0.9029322266578674, -0.39503273367881775, 0.1693008691072464, -0.018704993650317192), (-0.2526867389678955, -0.1693008989095688, 0.9526209235191345, 1.5303609371185303), (0.0, 0.0, 0.0, 1.0)],
   "matrix_edit": [(-0.34765374660491943, -0.9029321074485779, -0.2526867985725403, -0.7504180073738098), (0.9029321074485779, -0.3950327932834625, 0.16930092871189117, -0.01870499923825264), (-0.2526867985725403, -0.16930092871189117, 0.9526209235191345, 1.5303609371185303), (0.0, 0.0, 0.0, 1.0)],
   "head_edit": [-0.7504180073738098, -0.01870499923825264, 1.5303609371185303],
   "tail_edit": [-0.7824180126190186, -0.032705001533031464, 1.5243608951568604],
   "roll_edit": 0.0,
   "parent": "mHandIndex1Right",
   "connected": True
}
neutral_reference["mHandPinky3Right"] = {
   "type": "bone",
   "matrix_pose_edit": [(0.6414567232131958, -0.7619047164916992, -0.08963479846715927, -0.7554179430007935), (0.7619047164916992, 0.6190483570098877, 0.19047397375106812, 0.10629500448703766), (-0.08963482081890106, -0.1904740184545517, 0.9775911569595337, 1.514361023902893), (0.0, 0.0, 0.0, 1.0)],
   "matrix_pose": [(0.641456663608551, -0.7619047164916992, -0.08963484317064285, -0.7554181218147278), (0.7619047164916992, 0.6190483570098877, 0.190473735332489, 0.10629501938819885), (-0.08963453769683838, -0.19047389924526215, 0.9775915145874023, 1.514361023902893), (0.0, 0.0, 0.0, 1.0)],
   "matrix_edit": [(0.6414568424224854, -0.7619046568870544, -0.08963478356599808, -0.7554179430007935), (0.7619046568870544, 0.6190484166145325, 0.1904740333557129, 0.10629500448703766), (-0.08963478356599808, -0.1904740333557129, 0.9775915741920471, 1.514361023902893), (0.0, 0.0, 0.0, 1.0)],
   "head_edit": [-0.7554179430007935, 0.10629500448703766, 1.514361023902893],
   "tail_edit": [-0.7714179158210754, 0.11929500102996826, 1.5103610754013062],
   "roll_edit": 0.0,
   "parent": "mHandPinky2Right",
   "connected": True
}
neutral_reference["mHandMiddle1Right"] = {
   "type": "bone",
   "matrix_pose_edit": [(0.04617714136838913, -0.9886342287063599, -0.14307443797588348, -0.7184180021286011), (0.9886341691017151, 0.0247158445417881, 0.1482960432767868, 0.023295003920793533), (-0.14307443797588348, -0.14829608798027039, 0.9785383343696594, 1.5363609790802002), (0.0, 0.0, 0.0, 1.0)],
   "matrix_pose": [(0.04617713391780853, -0.9886342287063599, -0.14307433366775513, -0.7184181809425354), (0.9886341094970703, 0.0247158445417881, 0.148296058177948, 0.02329500950872898), (-0.14307436347007751, -0.14829608798027039, 0.9785386323928833, 1.5363609790802002), (0.0, 0.0, 0.0, 1.0)],
   "matrix_edit": [(0.04617708921432495, -0.9886341691017151, -0.14307436347007751, -0.7184180021286011), (0.9886341691017151, 0.0247158445417881, 0.14829608798027039, 0.023295000195503235), (-0.14307436347007751, -0.14829608798027039, 0.9785386919975281, 1.5363609790802002), (0.0, 0.0, 0.0, 1.0)],
   "head_edit": [-0.7184180021286011, 0.023295000195503235, 1.5363609790802002],
   "tail_edit": [-0.7584180235862732, 0.024295000359416008, 1.5303609371185303],
   "roll_edit": 0.0,
   "parent": "mWristRight",
   "connected": False
}
neutral_reference["mFaceEyecornerInnerLeft"] = {
   "type": "bone",
   "matrix_pose_edit": [(-1.0, -2.0354703166025612e-14, 2.842170943040401e-14, 0.017000000923871994), (1.78288475291815e-14, -1.0, 9.872023554180487e-08, -0.07512499392032623), (2.842170943040401e-14, 1.7695130338779563e-07, 0.9999996423721313, 1.7597029209136963), (0.0, 0.0, 0.0, 1.0)],
