# Generated by Bento Buddy
female_neutral = {
    "mPelvis": {
        "matrix_local": [(1.0, 0.0, 0.0, 0.0), (0.0, 0.0, -1.0, 0.0), (0.0, 1.0, 0.0, 1.067), (0.0, 0.0, 0.0, 1.0)],
        "head": (0.0, 0.0, 1.067),
        "tail": (0.0, 0.0, 1.151),
        "roll": 0.0,
        "connected": False,
        "type": "bone",
        "parent": "",
        "deform": True,
    },
    "PELVIS": {
        "matrix_local": [(1.0, -0.0, 0.0, 0.0), (0.0, -0.301131, -0.953583, 0.01), (0.0, 0.953583, -0.301131, 1.047), (0.0, 0.0, 0.0, 1.0)],
        "head": (0.0, 0.01, 1.047),
        "tail": (-0.0, -0.02, 1.142),
        "roll": 0.0,
        "connected": False,
        "type": "collision",
        "parent": "mPelvis",
        "deform": True,
    },
    "BUTT": {
        "matrix_local": [(1.0, 0.0, 0.0, 0.0), (-0.0, 1.0, 0.0, 0.06), (0.0, 0.0, 1.0, 0.967), (0.0, 0.0, 0.0, 1.0)],
        "head": (0.0, 0.06, 0.967),
        "tail": (0.0, 0.16, 0.967),
        "roll": 0.0,
        "connected": False,
        "type": "collision",
        "parent": "mPelvis",
        "deform": True,
    },
    "mSpine1": {
        "matrix_local": [(1.0, 0.0, -0.0, 0.0), (0.0, 0.0, 1.0, 0.0), (0.0, -1.0, 0.0, 1.151), (0.0, 0.0, 0.0, 1.0)],
        "head": (0.0, 0.0, 1.151),
        "tail": (0.0, 0.0, 1.067),
        "roll": 0.0,
        "connected": True,
        "type": "bone",
        "parent": "mPelvis",
        "deform": True,
    },
    "mSpine2": {
        "matrix_local": [(1.0, 0.0, -0.0, 0.0), (-0.0, 0.0, -1.0, 0.0), (0.0, 1.0, 0.0, 1.067), (0.0, 0.0, 0.0, 1.0)],
        "head": (0.0, 0.0, 1.067),
        "tail": (0.0, 0.0, 1.151),
        "roll": 0.0,
        "connected": True,
        "type": "bone",
        "parent": "mSpine1",
        "deform": True,
    },
    "mTorso": {
        "matrix_local": [(1.0, 0.0, -0.0, 0.0), (-0.0, 0.072976, -0.997334, 0.0), (-0.0, 0.997334, 0.072976, 1.151), (0.0, 0.0, 0.0, 1.0)],
        "head": (0.0, 0.0, 1.151),
        "tail": (0.0, 0.015, 1.356),
        "roll": 0.0,
        "connected": True,
        "type": "bone",
        "parent": "mSpine2",
        "deform": True,
    },
    "BELLY": {
        "matrix_local": [(1.0, -0.0, 0.0, -0.0), (0.0, -0.285477, -0.958386, -0.028), (0.0, 0.958386, -0.285477, 1.191), (0.0, 0.0, 0.0, 1.0)],
        "head": (-0.0, -0.028, 1.191),
        "tail": (-0.0, -0.056, 1.285),
        "roll": 0.0,
        "connected": False,
        "type": "collision",
        "parent": "mTorso",
        "deform": True,
    },
    "LEFT_HANDLE": {
        "matrix_local": [(-0.0, 1.0, -0.0, 0.1), (-1.0, -0.0, -0.0, -0.0), (-0.0, 0.0, 1.0, 1.209), (0.0, 0.0, 0.0, 1.0)],
        "head": (0.1, -0.0, 1.209),
        "tail": (0.2, -0.0, 1.209),
        "roll": 0.0,
        "connected": False,
        "type": "collision",
        "parent": "mTorso",
        "deform": True,
    },
    "RIGHT_HANDLE": {
        "matrix_local": [(0.0, -1.0, -0.0, -0.1), (1.0, 0.0, 0.0, 0.0), (-0.0, -0.0, 1.0, 1.209), (0.0, 0.0, 0.0, 1.0)],
        "head": (-0.1, 0.0, 1.209),
        "tail": (-0.2, 0.0, 1.209),
        "roll": 0.0,
        "connected": False,
        "type": "collision",
        "parent": "mTorso",
        "deform": True,
    },
    "LOWER_BACK": {
        "matrix_local": [(1.0, 0.0, -0.0, -0.0), (-0.0, 1.0, 0.0, -0.0), (0.0, -0.0, 1.0, 1.174), (0.0, 0.0, 0.0, 1.0)],
        "head": (0.0, 0.0, 1.174),
        "tail": (0.0, 0.1, 1.174),
        "roll": 0.0,
        "connected": False,
        "type": "collision",
        "parent": "mTorso",
        "deform": True,
    },
    "mSpine3": {
        "matrix_local": [(1.0, -0.0, 0.0, 0.0), (-0.0, -0.072976, 0.997334, 0.015), (-0.0, -0.997334, -0.072976, 1.356), (0.0, 0.0, 0.0, 1.0)],
        "head": (0.0, 0.015, 1.356),
        "tail": (0.0, 0.0, 1.151),
        "roll": 0.0,
        "connected": True,
        "type": "bone",
        "parent": "mTorso",
        "deform": True,
    },
    "mSpine4": {
        "matrix_local": [(1.0, 0.0, 0.0, -0.0), (0.0, 0.072976, -0.997334, -0.0), (-0.0, 0.997334, 0.072976, 1.151), (0.0, 0.0, 0.0, 1.0)],
        "head": (0.0, 0.0, 1.151),
        "tail": (0.0, 0.015, 1.356),
        "roll": 0.0,
        "connected": True,
        "type": "bone",
        "parent": "mSpine3",
        "deform": True,
    },
    "mChest": {
        "matrix_local": [(1.0, 0.0, -0.0, 0.0), (-0.0, 0.039968, -0.999201, 0.015), (-0.0, 0.999201, 0.039968, 1.356), (0.0, 0.0, 0.0, 1.0)],
        "head": (0.0, 0.015, 1.356),
        "tail": (0.0, 0.025, 1.606),
        "roll": 0.0,
        "connected": True,
        "type": "bone",
        "parent": "mSpine4",
        "deform": True,
    },
    "CHEST": {
        "matrix_local": [(1.0, 0.0, -0.0, -0.0), (-0.0, 0.533993, -0.845489, -0.013), (-0.0, 0.845489, 0.533993, 1.426), (0.0, 0.0, 0.0, 1.0)],
        "head": (-0.0, -0.013, 1.426),
        "tail": (0.0, 0.083, 1.578),
        "roll": 0.0,
        "connected": False,
        "type": "collision",
        "parent": "mChest",
        "deform": True,
    },
    "LEFT_PEC": {
        "matrix_local": [(1.0, -0.0, -5e-06, 0.082), (0.0, -0.997199, 0.07479, -0.104), (-5e-06, -0.07479, -0.997199, 1.398), (0.0, 0.0, 0.0, 1.0)],
        "head": (0.082, -0.104, 1.398),
        "tail": (0.082, -0.184, 1.392),
        "roll": 0.0,
        "connected": False,
        "type": "collision",
        "parent": "mChest",
        "deform": True,
    },
    "RIGHT_PEC": {
        "matrix_local": [(1.0, -0.0, -5e-06, -0.082), (0.0, -0.997199, 0.07479, -0.104), (-5e-06, -0.07479, -0.997199, 1.398), (0.0, 0.0, 0.0, 1.0)],
        "head": (-0.082, -0.104, 1.398),
        "tail": (-0.082, -0.184, 1.392),
        "roll": 0.0,
        "connected": False,
        "type": "collision",
        "parent": "mChest",
        "deform": True,
    },
    "UPPER_BACK": {
        "matrix_local": [(1.0, 0.0, 0.0, 0.0), (-0.0, 1.0, 0.0, 0.015), (-0.0, 0.0, 1.0, 1.373), (0.0, 0.0, 0.0, 1.0)],
        "head": (0.0, 0.015, 1.373),
        "tail": (0.0, 0.115, 1.373),
        "roll": 0.0,
        "connected": False,
        "type": "collision",
        "parent": "mChest",
        "deform": True,
    },
    "mNeck": {
        "matrix_local": [(1.0, -0.0, 0.0, 0.0), (0.0, 0.0, -1.0, 0.025), (-0.0, 1.0, -0.0, 1.606), (0.0, 0.0, 0.0, 1.0)],
        "head": (0.0, 0.025, 1.606),
        "tail": (0.0, 0.025, 1.684),
        "roll": 0.0,
        "connected": True,
        "type": "bone",
        "parent": "mChest",
        "deform": True,
    },
    "NECK": {
        "matrix_local": [(1.0, 0.0, -0.0, 0.0), (0.0, 0.0, -1.0, 0.025), (-0.0, 1.0, -0.0, 1.627), (0.0, 0.0, 0.0, 1.0)],
        "head": (0.0, 0.025, 1.627),
        "tail": (0.0, 0.025, 1.707),
        "roll": 0.0,
        "connected": False,
        "type": "collision",
        "parent": "mNeck",
        "deform": True,
    },
    "mHead": {
        "matrix_local": [(1.0, 0.0, -0.0, 0.0), (0.0, 0.0, -1.0, 0.025), (-0.0, 1.0, -0.0, 1.684), (0.0, 0.0, 0.0, 1.0)],
        "head": (0.0, 0.025, 1.684),
        "tail": (0.0, 0.025, 1.762),
        "roll": 0.0,
        "connected": True,
        "type": "bone",
        "parent": "mNeck",
        "deform": True,
    },
    "HEAD": {
        "matrix_local": [(1.0, 0.0, 0.0, 0.0), (0.0, 0.0, -1.0, 0.005), (-0.0, 1.0, -0.0, 1.753), (0.0, 0.0, 0.0, 1.0)],
        "head": (0.0, 0.005, 1.753),
        "tail": (0.0, 0.005, 1.853),
        "roll": 0.0,
        "connected": False,
        "type": "collision",
        "parent": "mHead",
        "deform": True,
    },
    "mSkull": {
        "matrix_local": [(1.0, 0.0, 0.0, 0.0), (0.0, 0.0, -1.0, 0.025), (-0.0, 1.0, -0.0, 1.762), (0.0, 0.0, 0.0, 1.0)],
        "head": (0.0, 0.025, 1.762),
        "tail": (0.0, 0.025, 1.795),
        "roll": 0.0,
        "connected": False,
        "type": "bone",
        "parent": "mHead",
        "deform": True,
    },
    "mEyeRight": {
        "matrix_local": [(-1.0, -0.0, 0.0, -0.036), (0.0, -1.0, 0.0, -0.073), (0.0, 0.0, 1.0, 1.762), (0.0, 0.0, 0.0, 1.0)],
        "head": (-0.036, -0.073, 1.762),
        "tail": (-0.036, -0.098, 1.762),
        "roll": 0.0,
        "connected": False,
        "type": "bone",
        "parent": "mHead",
        "deform": True,
    },
    "Right Eyeball": {
        "matrix_local": [(1.0, 0.0, 0.0, -0.036), (0.0, 0.0, -1.0, -0.073), (-0.0, 1.0, 0.0, 1.762), (0.0, 0.0, 0.0, 1.0)],
        "head": (-0.036, -0.073, 1.762),
        "tail": (-0.036, -0.073, 1.792),
        "roll": 0.0,
        "connected": False,
        "type": "attachment",
        "parent": "mEyeRight",
        "deform": False,
    },
    "mEyeLeft": {
        "matrix_local": [(-1.0, -0.0, 0.0, 0.036), (0.0, -1.0, 0.0, -0.073), (0.0, 0.0, 1.0, 1.762), (0.0, 0.0, 0.0, 1.0)],
        "head": (0.036, -0.073, 1.762),
        "tail": (0.036, -0.098, 1.762),
        "roll": 0.0,
        "connected": False,
        "type": "bone",
        "parent": "mHead",
        "deform": True,
    },
    "Left Eyeball": {
        "matrix_local": [(1.0, 0.0, 0.0, 0.036), (0.0, 0.0, -1.0, -0.073), (-0.0, 1.0, 0.0, 1.762), (0.0, 0.0, 0.0, 1.0)],
        "head": (0.036, -0.073, 1.762),
        "tail": (0.036, -0.073, 1.792),
        "roll": 0.0,
        "connected": False,
        "type": "attachment",
        "parent": "mEyeLeft",
        "deform": False,
    },
    "mFaceRoot": {
        "matrix_local": [(-1.0, -0.0, -0.0, -0.0), (0.0, -1.0, 0.0, 0.0), (-0.0, -0.0, 1.0, 1.728), (0.0, 0.0, 0.0, 1.0)],
        "head": (-0.0, -0.0, 1.728),
        "tail": (-0.0, -0.02, 1.728),
        "roll": 0.0,
        "connected": False,
        "type": "bone",
        "parent": "mHead",
        "deform": True,
    },
    "mFaceEyeAltRight": {
        "matrix_local": [(-1.0, -0.0, 0.0, -0.036), (0.0, -1.0, 0.0, -0.073), (0.0, -0.0, 1.0, 1.762), (0.0, 0.0, 0.0, 1.0)],
        "head": (-0.036, -0.073, 1.762),
        "tail": (-0.036, -0.098, 1.762),
        "roll": 0.0,
        "connected": False,
        "type": "bone",
        "parent": "mFaceRoot",
        "deform": True,
    },
    "Alt Right Eye": {
        "matrix_local": [(1.0, 0.0, -0.0, -0.036), (-0.0, 0.0, -1.0, -0.073), (0.0, 1.0, -0.0, 1.762), (0.0, 0.0, 0.0, 1.0)],
        "head": (-0.036, -0.073, 1.762),
        "tail": (-0.036, -0.073, 1.792),
        "roll": 0.0,
        "connected": False,
        "type": "attachment",
        "parent": "mFaceEyeAltRight",
        "deform": False,
    },
    "mFaceEyeAltLeft": {
        "matrix_local": [(-1.0, -0.0, 0.0, 0.036), (0.0, -1.0, 0.0, -0.073), (0.0, -0.0, 1.0, 1.762), (0.0, 0.0, 0.0, 1.0)],
        "head": (0.036, -0.073, 1.762),
        "tail": (0.036, -0.098, 1.762),
        "roll": 0.0,
        "connected": False,
        "type": "bone",
        "parent": "mFaceRoot",
        "deform": True,
    },
    "Alt Left Eye": {
        "matrix_local": [(1.0, 0.0, -0.0, 0.036), (-0.0, 0.0, -1.0, -0.073), (0.0, 1.0, -0.0, 1.762), (0.0, 0.0, 0.0, 1.0)],
        "head": (0.036, -0.073, 1.762),
        "tail": (0.036, -0.073, 1.792),
        "roll": 0.0,
        "connected": False,
        "type": "attachment",
        "parent": "mFaceEyeAltLeft",
        "deform": False,
    },
    "mFaceForeheadLeft": {
        "matrix_local": [(0.915624, 0.132164, -0.37969, 0.035), (-0.132164, -0.792982, -0.594737, -0.061), (-0.37969, 0.594737, -0.708607, 1.811), (0.0, 0.0, 0.0, 1.0)],
        "head": (0.035, -0.061, 1.811),
        "tail": (0.039, -0.085, 1.829),
        "roll": 0.0,
        "connected": False,
        "type": "bone",
        "parent": "mFaceRoot",
        "deform": True,
    },
    "mFaceForeheadRight": {
        "matrix_local": [(0.915624, -0.132164, 0.379691, -0.035), (0.132164, -0.792982, -0.594737, -0.061), (0.379691, 0.594737, -0.708606, 1.811), (0.0, 0.0, 0.0, 1.0)],
        "head": (-0.035, -0.061, 1.811),
        "tail": (-0.039, -0.085, 1.829),
        "roll": 0.0,
        "connected": False,
        "type": "bone",
        "parent": "mFaceRoot",
        "deform": True,
    },
    "mFaceEyebrowOuterLeft": {
        "matrix_local": [(-0.870563, 0.492057, -0.0, 0.051), (-0.492057, -0.870563, 0.0, -0.064), (-0.0, -0.0, 1.0, 1.776), (0.0, 0.0, 0.0, 1.0)],
        "head": (0.051, -0.064, 1.776),
        "tail": (0.064, -0.087, 1.776),
        "roll": 0.0,
        "connected": False,
        "type": "bone",
        "parent": "mFaceRoot",
        "deform": True,
    },
    "mFaceEyebrowCenterLeft": {
        "matrix_local": [(-1.0, -0.0, -0.0, 0.043), (0.0, -1.0, 0.0, -0.07), (0.0, -0.0, 1.0, 1.784), (0.0, 0.0, 0.0, 1.0)],
        "head": (0.043, -0.07, 1.784),
        "tail": (0.043, -0.097, 1.784),
        "roll": 0.0,
        "connected": False,
        "type": "bone",
        "parent": "mFaceRoot",
        "deform": True,
    },
    "mFaceEyebrowInnerLeft": {
        "matrix_local": [(-1.0, -0.0, -0.0, 0.022), (0.0, -1.0, 0.0, -0.075), (0.0, -0.0, 1.0, 1.779), (0.0, 0.0, 0.0, 1.0)],
        "head": (0.022, -0.075, 1.779),
        "tail": (0.022, -0.101, 1.779),
        "roll": 0.0,
        "connected": False,
        "type": "bone",
        "parent": "mFaceRoot",
        "deform": True,
    },
    "mFaceEyebrowOuterRight": {
        "matrix_local": [(-0.870563, -0.492057, -0.0, -0.051), (0.492057, -0.870563, -0.0, -0.064), (0.0, -0.0, 1.0, 1.776), (0.0, 0.0, 0.0, 1.0)],
        "head": (-0.051, -0.064, 1.776),
        "tail": (-0.064, -0.087, 1.776),
        "roll": 0.0,
        "connected": False,
        "type": "bone",
        "parent": "mFaceRoot",
        "deform": True,
    },
    "mFaceEyebrowCenterRight": {
        "matrix_local": [(-1.0, -0.0, -0.0, -0.043), (0.0, -1.0, 0.0, -0.07), (0.0, -0.0, 1.0, 1.784), (0.0, 0.0, 0.0, 1.0)],
        "head": (-0.043, -0.07, 1.784),
        "tail": (-0.043, -0.097, 1.784),
        "roll": 0.0,
        "connected": False,
        "type": "bone",
        "parent": "mFaceRoot",
        "deform": True,
    },
    "mFaceEyebrowInnerRight": {
        "matrix_local": [(-1.0, -0.0, 0.0, -0.022), (0.0, -1.0, 0.0, -0.075), (0.0, -0.0, 1.0, 1.779), (0.0, 0.0, 0.0, 1.0)],
        "head": (-0.022, -0.075, 1.779),
        "tail": (-0.022, -0.101, 1.779),
        "roll": 0.0,
        "connected": False,
        "type": "bone",
        "parent": "mFaceRoot",
        "deform": True,
    },
    "mFaceEyeLidUpperLeft": {
        "matrix_local": [(1.0, -0.0, 2e-06, 0.036), (0.0, -0.983282, -0.182089, -0.073), (2e-06, 0.182089, -0.983282, 1.762), (0.0, 0.0, 0.0, 1.0)],
        "head": (0.036, -0.073, 1.762),
        "tail": (0.036, -0.1, 1.767),
        "roll": 0.0,
        "connected": False,
        "type": "bone",
        "parent": "mFaceRoot",
        "deform": True,
    },
    "mFaceEyeLidLowerLeft": {
        "matrix_local": [(1.0, -0.0, -1e-06, 0.036), (0.0, -0.960001, 0.279999, -0.073), (-1e-06, -0.279999, -0.96, 1.762), (0.0, 0.0, 0.0, 1.0)],
        "head": (0.036, -0.073, 1.762),
        "tail": (0.036, -0.097, 1.755),
        "roll": 0.0,
        "connected": False,
        "type": "bone",
        "parent": "mFaceRoot",
        "deform": True,
    },
    "mFaceEyeLidUpperRight": {
        "matrix_local": [(1.0, -0.0, 2e-06, -0.036), (0.0, -0.983282, -0.182089, -0.073), (2e-06, 0.182089, -0.983282, 1.762), (0.0, 0.0, 0.0, 1.0)],
        "head": (-0.036, -0.073, 1.762),
        "tail": (-0.036, -0.1, 1.767),
        "roll": 0.0,
        "connected": False,
        "type": "bone",
        "parent": "mFaceRoot",
        "deform": True,
    },
    "mFaceEyeLidLowerRight": {
        "matrix_local": [(1.0, -0.0, -1e-06, -0.036), (0.0, -0.960001, 0.279999, -0.073), (-1e-06, -0.279999, -0.96, 1.762), (0.0, 0.0, 0.0, 1.0)],
        "head": (-0.036, -0.073, 1.762),
        "tail": (-0.036, -0.097, 1.755),
        "roll": 0.0,
        "connected": False,
        "type": "bone",
        "parent": "mFaceRoot",
        "deform": True,
    },
    "mFaceEar1Left": {
        "matrix_local": [(0.837812, 0.497321, -0.225261, 0.08), (-0.497321, 0.52495, -0.690723, -0.0), (-0.225261, 0.690723, 0.687138, 1.73), (0.0, 0.0, 0.0, 1.0)],
        "head": (0.08, -0.0, 1.73),
        "tail": (0.098, 0.019, 1.755),
        "roll": 0.0,
        "connected": False,
        "type": "bone",
        "parent": "mFaceRoot",
        "deform": True,
    },
    "mFaceEar2Left": {
        "matrix_local": [(1.0, 0.0, 0.0, 0.098), (-0.0, 0.0, -1.0, 0.019), (-0.0, 1.0, 0.0, 1.755), (0.0, 0.0, 0.0, 1.0)],
        "head": (0.098, 0.019, 1.755),
        "tail": (0.098, 0.019, 1.788),
        "roll": 0.0,
        "connected": True,
        "type": "bone",
        "parent": "mFaceEar1Left",
        "deform": True,
    },
    "Alt Left Ear": {
        "matrix_local": [(1.0, 0.0, 0.0, 0.08), (-0.0, 0.0, -1.0, -0.0), (-0.0, 1.0, 0.0, 1.73), (0.0, 0.0, 0.0, 1.0)],
        "head": (0.08, -0.0, 1.73),
        "tail": (0.08, -0.0, 1.76),
        "roll": 0.0,
        "connected": False,
        "type": "attachment",
        "parent": "mFaceEar1Left",
        "deform": False,
    },
    "mFaceEar1Right": {
        "matrix_local": [(0.837812, -0.497322, 0.225261, -0.08), (0.497321, 0.52495, -0.690724, 0.0), (0.225261, 0.690724, 0.687138, 1.73), (0.0, 0.0, 0.0, 1.0)],
        "head": (-0.08, 0.0, 1.73),
        "tail": (-0.098, 0.019, 1.755),
        "roll": 0.0,
        "connected": False,
        "type": "bone",
        "parent": "mFaceRoot",
        "deform": True,
    },
    "mFaceEar2Right": {
        "matrix_local": [(1.0, 0.0, 0.0, -0.098), (-0.0, -0.0, -1.0, 0.019), (0.0, 1.0, -0.0, 1.755), (0.0, 0.0, 0.0, 1.0)],
        "head": (-0.098, 0.019, 1.755),
        "tail": (-0.098, 0.019, 1.788),
        "roll": 0.0,
        "connected": True,
        "type": "bone",
        "parent": "mFaceEar1Right",
        "deform": True,
    },
    "Alt Right Ear": {
        "matrix_local": [(1.0, -0.0, 0.0, -0.08), (-0.0, 0.0, -1.0, 0.0), (0.0, 1.0, 0.0, 1.73), (0.0, 0.0, 0.0, 1.0)],
        "head": (-0.08, 0.0, 1.73),
        "tail": (-0.08, 0.0, 1.76),
        "roll": 0.0,
        "connected": False,
        "type": "attachment",
        "parent": "mFaceEar1Right",
        "deform": False,
    },
    "mFaceNoseLeft": {
        "matrix_local": [(-0.966235, 0.257663, -0.0, 0.015), (-0.257662, -0.966235, 0.0, -0.086), (-0.0, -0.0, 1.0, 1.724), (0.0, 0.0, 0.0, 1.0)],
        "head": (0.015, -0.086, 1.724),
        "tail": (0.019, -0.101, 1.724),
        "roll": 0.0,
        "connected": False,
        "type": "bone",
        "parent": "mFaceRoot",
        "deform": True,
    },
    "mFaceNoseCenter": {
        "matrix_local": [(-1.0, -0.0, -0.0, -0.0), (0.0, -1.0, 0.0, -0.102), (-0.0, -0.0, 1.0, 1.728), (0.0, 0.0, 0.0, 1.0)],
        "head": (-0.0, -0.102, 1.728),
        "tail": (-0.0, -0.127, 1.728),
        "roll": 0.0,
        "connected": False,
        "type": "bone",
        "parent": "mFaceRoot",
        "deform": True,
    },
    "mFaceNoseRight": {
        "matrix_local": [(-0.966235, -0.257663, 0.0, -0.015), (0.257663, -0.966235, 0.0, -0.086), (0.0, 0.0, 1.0, 1.724), (0.0, 0.0, 0.0, 1.0)],
        "head": (-0.015, -0.086, 1.724),
        "tail": (-0.019, -0.101, 1.724),
        "roll": 0.0,
        "connected": False,
        "type": "bone",
        "parent": "mFaceRoot",
        "deform": True,
    },
    "mFaceCheekLowerLeft": {
        "matrix_local": [(-0.397608, 0.917556, -0.0, 0.034), (-0.917556, -0.397608, 0.0, -0.05), (-0.0, 0.0, 1.0, 1.697), (0.0, 0.0, 0.0, 1.0)],
        "head": (0.034, -0.05, 1.697),
        "tail": (0.064, -0.063, 1.697),
        "roll": 0.0,
        "connected": False,
        "type": "bone",
        "parent": "mFaceRoot",
        "deform": True,
    },
    "mFaceCheekUpperLeft": {
        "matrix_local": [(-0.826227, 0.563337, -0.0, 0.034), (-0.563337, -0.826227, 0.0, -0.07), (-0.0, 0.0, 1.0, 1.723), (0.0, 0.0, 0.0, 1.0)],
        "head": (0.034, -0.07, 1.723),
        "tail": (0.049, -0.092, 1.723),
        "roll": 0.0,
        "connected": False,
        "type": "bone",
        "parent": "mFaceRoot",
        "deform": True,
    },
    "mFaceCheekLowerRight": {
        "matrix_local": [(-0.397607, -0.917556, 0.0, -0.034), (0.917556, -0.397607, 0.0, -0.05), (0.0, 0.0, 1.0, 1.697), (0.0, 0.0, 0.0, 1.0)],
        "head": (-0.034, -0.05, 1.697),
        "tail": (-0.064, -0.063, 1.697),
        "roll": 0.0,
        "connected": False,
        "type": "bone",
        "parent": "mFaceRoot",
        "deform": True,
    },
    "mFaceCheekUpperRight": {
        "matrix_local": [(-0.826227, -0.563337, -0.0, -0.034), (0.563337, -0.826227, -0.0, -0.07), (0.0, -0.0, 1.0, 1.723), (0.0, 0.0, 0.0, 1.0)],
        "head": (-0.034, -0.07, 1.723),
        "tail": (-0.049, -0.092, 1.723),
        "roll": 0.0,
        "connected": False,
        "type": "bone",
        "parent": "mFaceRoot",
        "deform": True,
    },
    "mFaceJaw": {
        "matrix_local": [(1.0, -0.0, -1e-06, 0.0), (0.0, -0.834219, 0.551433, 0.001), (-1e-06, -0.551433, -0.834219, 1.713), (0.0, 0.0, 0.0, 1.0)],
        "head": (0.0, 0.001, 1.713),
        "tail": (-0.0, -0.058, 1.674),
        "roll": 0.0,
        "connected": False,
        "type": "bone",
        "parent": "mFaceRoot",
        "deform": True,
    },
    "mFaceChin": {
        "matrix_local": [(1.0, -0.0, -0.0, -0.0), (0.0, -0.759256, 0.650791, -0.073), (-0.0, -0.650792, -0.759256, 1.659), (0.0, 0.0, 0.0, 1.0)],
        "head": (-0.0, -0.073, 1.659),
        "tail": (-0.0, -0.094, 1.641),
        "roll": 0.0,
        "connected": False,
        "type": "bone",
        "parent": "mFaceJaw",
        "deform": True,
    },
    "mFaceTeethLower": {
        "matrix_local": [(-1.0, -0.0, -0.0, -0.0), (0.0, -1.0, 0.0, -0.02), (-0.0, 0.0, 1.0, 1.674), (0.0, 0.0, 0.0, 1.0)],
        "head": (-0.0, -0.02, 1.674),
        "tail": (-0.0, -0.055, 1.674),
        "roll": 0.0,
        "connected": False,
        "type": "bone",
        "parent": "mFaceJaw",
        "deform": True,
    },
    "mFaceLipLowerLeft": {
        "matrix_local": [(-0.736567, 0.443394, -0.510754, -0.0), (-0.443394, -0.886789, -0.13041, -0.065), (-0.510754, 0.13041, 0.849778, 1.674), (0.0, 0.0, 0.0, 1.0)],
        "head": (-0.0, -0.065, 1.674),
        "tail": (0.017, -0.099, 1.679),
        "roll": 0.0,
        "connected": False,
        "type": "bone",
        "parent": "mFaceTeethLower",
        "deform": True,
    },
    "mFaceLipLowerRight": {
        "matrix_local": [(-0.736567, -0.443395, 0.510754, -0.0), (0.443394, -0.886789, -0.13041, -0.065), (0.510754, 0.13041, 0.849778, 1.674), (0.0, 0.0, 0.0, 1.0)],
        "head": (-0.0, -0.065, 1.674),
        "tail": (-0.017, -0.099, 1.679),
        "roll": 0.0,
        "connected": False,
        "type": "bone",
        "parent": "mFaceTeethLower",
        "deform": True,
    },
    "mFaceLipLowerCenter": {
        "matrix_local": [(1.0, -0.0, 7e-06, -0.0), (0.0, -0.998752, -0.049937, -0.065), (7e-06, 0.049937, -0.998752, 1.674), (0.0, 0.0, 0.0, 1.0)],
        "head": (-0.0, -0.065, 1.674),
        "tail": (-0.0, -0.105, 1.676),
        "roll": 0.0,
        "connected": False,
        "type": "bone",
        "parent": "mFaceTeethLower",
        "deform": True,
    },
    "mFaceTongueBase": {
        "matrix_local": [(1.0, -0.0, 1e-06, -0.0), (0.0, -0.952926, -0.303202, -0.059), (1e-06, 0.303202, -0.952926, 1.679), (0.0, 0.0, 0.0, 1.0)],
        "head": (-0.0, -0.059, 1.679),
        "tail": (-0.0, -0.081, 1.686),
        "roll": 0.0,
        "connected": False,
        "type": "bone",
        "parent": "mFaceTeethLower",
        "deform": True,
    },
    "mFaceTongueTip": {
        "matrix_local": [(-1.0, -0.0, -0.0, -0.0), (0.0, -0.999999, 0.0, -0.081), (-0.0, 0.0, 1.0, 1.686), (0.0, 0.0, 0.0, 1.0)],
        "head": (-0.0, -0.081, 1.686),
        "tail": (-0.0, -0.091, 1.686),
        "roll": 0.0,
        "connected": True,
        "type": "bone",
        "parent": "mFaceTongueBase",
        "deform": True,
    },
    "Tongue": {
        "matrix_local": [(1.0, -0.0, 0.0, -0.0), (-0.0, -0.0, -0.999999, -0.081), (0.0, 1.0, -0.0, 1.686), (0.0, 0.0, 0.0, 1.0)],
        "head": (-0.0, -0.081, 1.686),
        "tail": (-0.0, -0.081, 1.716),
        "roll": 0.0,
        "connected": False,
        "type": "attachment",
        "parent": "mFaceTongueTip",
        "deform": True,
    },
    "Jaw": {
        "matrix_local": [(1.0, 0.0, 0.0, 0.0), (-0.0, -0.0, -1.0, 0.001), (0.0, 1.0, 0.0, 1.713), (0.0, 0.0, 0.0, 1.0)],
        "head": (0.0, 0.001, 1.713),
        "tail": (0.0, 0.001, 1.743),
        "roll": 0.0,
        "connected": False,
        "type": "attachment",
        "parent": "mFaceJaw",
        "deform": True,
    },
    "mFaceJawShaper": {
        "matrix_local": [(1.0, 0.0, 0.0, -0.0), (-0.0, 1.0, 0.0, 0.0), (-0.0, 0.0, 1.0, 1.728), (0.0, 0.0, 0.0, 1.0)],
        "head": (-0.0, -0.0, 1.728),
        "tail": (0.0, 0.017, 1.728),
        "roll": 0.0,
        "connected": False,
        "type": "bone",
        "parent": "mFaceRoot",
        "deform": True,
    },
    "mFaceForeheadCenter": {
        "matrix_local": [(-1.0, -0.0, 0.0, -0.0), (0.0, -1.0, 0.0, -0.069), (0.0, -0.0, 1.0, 1.793), (0.0, 0.0, 0.0, 1.0)],
        "head": (-0.0, -0.069, 1.793),
        "tail": (-0.0, -0.105, 1.793),
        "roll": 0.0,
        "connected": False,
        "type": "bone",
        "parent": "mFaceRoot",
        "deform": True,
    },
    "mFaceNoseBase": {
        "matrix_local": [(-1.0, -0.0, 0.0, -0.0), (0.0, -1.0, 0.0, -0.094), (0.0, -0.0, 1.0, 1.712), (0.0, 0.0, 0.0, 1.0)],
        "head": (-0.0, -0.094, 1.712),
        "tail": (-0.0, -0.108, 1.712),
        "roll": 0.0,
        "connected": False,
        "type": "bone",
        "parent": "mFaceRoot",
        "deform": True,
    },
    "mFaceTeethUpper": {
        "matrix_local": [(-1.0, -0.0, -0.0, -0.0), (0.0, -1.0, 0.0, -0.02), (0.0, -0.0, 1.0, 1.698), (0.0, 0.0, 0.0, 1.0)],
        "head": (-0.0, -0.02, 1.698),
        "tail": (-0.0, -0.055, 1.698),
        "roll": 0.0,
        "connected": False,
        "type": "bone",
        "parent": "mFaceRoot",
        "deform": True,
    },
    "mFaceLipUpperLeft": {
        "matrix_local": [(-0.939123, 0.343581, -0.0, -0.0), (-0.343581, -0.939123, 0.0, -0.065), (-0.0, 0.0, 1.0, 1.695), (0.0, 0.0, 0.0, 1.0)],
        "head": (-0.0, -0.065, 1.695),
        "tail": (0.015, -0.106, 1.695),
        "roll": 0.0,
        "connected": False,
        "type": "bone",
        "parent": "mFaceTeethUpper",
        "deform": True,
    },
    "mFaceLipUpperRight": {
        "matrix_local": [(-0.939123, -0.343582, 0.0, -0.0), (0.343582, -0.939123, 0.0, -0.065), (0.0, 0.0, 1.0, 1.695), (0.0, 0.0, 0.0, 1.0)],
        "head": (-0.0, -0.065, 1.695),
        "tail": (-0.015, -0.106, 1.695),
        "roll": 0.0,
        "connected": False,
        "type": "bone",
        "parent": "mFaceTeethUpper",
        "deform": True,
    },
    "mFaceLipCornerLeft": {
        "matrix_local": [(-0.661622, 0.749838, -0.0, -0.019), (-0.749838, -0.661622, 0.0, -0.048), (-0.0, -0.0, 1.0, 1.688), (0.0, 0.0, 0.0, 1.0)],
        "head": (-0.019, -0.048, 1.688),
        "tail": (0.032, -0.093, 1.688),
        "roll": 0.0,
        "connected": False,
        "type": "bone",
        "parent": "mFaceTeethUpper",
        "deform": True,
    },
    "mFaceLipCornerRight": {
        "matrix_local": [(-0.661622, -0.749838, 0.0, 0.019), (0.749838, -0.661622, 0.0, -0.048), (0.0, -0.0, 1.0, 1.688), (0.0, 0.0, 0.0, 1.0)],
        "head": (0.019, -0.048, 1.688),
        "tail": (-0.032, -0.093, 1.688),
        "roll": 0.0,
        "connected": False,
        "type": "bone",
        "parent": "mFaceTeethUpper",
        "deform": True,
    },
    "mFaceLipUpperCenter": {
        "matrix_local": [(1.0, -0.0, 7e-06, -0.0), (0.0, -0.99892, -0.046461, -0.065), (7e-06, 0.046461, -0.99892, 1.695), (0.0, 0.0, 0.0, 1.0)],
        "head": (-0.0, -0.065, 1.695),
        "tail": (-0.0, -0.108, 1.697),
        "roll": 0.0,
        "connected": False,
        "type": "bone",
        "parent": "mFaceTeethUpper",
        "deform": True,
    },
    "mFaceEyecornerInnerLeft": {
        "matrix_local": [(-1.0, -0.0, 0.0, 0.017), (0.0, -1.0, 0.0, -0.075), (0.0, -0.0, 1.0, 1.76), (0.0, 0.0, 0.0, 1.0)],
        "head": (0.017, -0.075, 1.76),
        "tail": (0.017, -0.091, 1.76),
        "roll": 0.0,
        "connected": False,
        "type": "bone",
        "parent": "mFaceRoot",
        "deform": True,
    },
    "mFaceEyecornerInnerRight": {
        "matrix_local": [(-1.0, -0.0, 0.0, -0.017), (0.0, -1.0, 0.0, -0.075), (0.0, -0.0, 1.0, 1.76), (0.0, 0.0, 0.0, 1.0)],
        "head": (-0.017, -0.075, 1.76),
        "tail": (-0.017, -0.091, 1.76),
        "roll": 0.0,
        "connected": False,
        "type": "bone",
        "parent": "mFaceRoot",
        "deform": True,
    },
    "mFaceNoseBridge": {
        "matrix_local": [(1.0, -0.0, 1e-06, -0.0), (0.0, -0.882352, -0.470589, -0.091), (1e-06, 0.470589, -0.882353, 1.748), (0.0, 0.0, 0.0, 1.0)],
        "head": (-0.0, -0.091, 1.748),
        "tail": (-0.0, -0.106, 1.756),
        "roll": 0.0,
        "connected": False,
        "type": "bone",
        "parent": "mFaceRoot",
        "deform": True,
    },
    "Chin": {
        "matrix_local": [(1.0, 0.0, 0.0, -0.0), (0.0, 0.0, -1.0, -0.095), (-0.0, 1.0, -0.0, 1.643), (0.0, 0.0, 0.0, 1.0)],
        "head": (-0.0, -0.095, 1.643),
        "tail": (-0.0, -0.095, 1.673),
        "roll": 0.0,
        "connected": False,
        "type": "attachment",
        "parent": "mHead",
        "deform": True,
    },
    "Left Ear": {
        "matrix_local": [(1.0, 0.0, 0.0, 0.08), (0.0, 0.0, -1.0, 0.01), (-0.0, 1.0, -0.0, 1.7), (0.0, 0.0, 0.0, 1.0)],
        "head": (0.08, 0.01, 1.7),
        "tail": (0.08, 0.01, 1.73),
        "roll": 0.0,
        "connected": False,
        "type": "attachment",
        "parent": "mHead",
        "deform": False,
    },
    "Mouth": {
        "matrix_local": [(1.0, 0.0, 0.0, -0.0), (0.0, 0.0, -1.0, -0.095), (-0.0, 1.0, -0.0, 1.684), (0.0, 0.0, 0.0, 1.0)],
        "head": (-0.0, -0.095, 1.684),
        "tail": (-0.0, -0.095, 1.714),
        "roll": 0.0,
        "connected": False,
        "type": "attachment",
        "parent": "mHead",
        "deform": True,
    },
    "Nose": {
        "matrix_local": [(1.0, 0.0, 0.0, -0.0), (0.0, 0.0, -1.0, -0.075), (-0.0, 1.0, -0.0, 1.733), (0.0, 0.0, 0.0, 1.0)],
        "head": (-0.0, -0.075, 1.733),
        "tail": (-0.0, -0.075, 1.763),
        "roll": 0.0,
        "connected": False,
        "type": "attachment",
        "parent": "mHead",
        "deform": True,
    },
    "Right Ear": {
        "matrix_local": [(1.0, 0.0, 0.0, -0.08), (0.0, 0.0, -1.0, 0.01), (-0.0, 1.0, -0.0, 1.7), (0.0, 0.0, 0.0, 1.0)],
        "head": (-0.08, 0.01, 1.7),
        "tail": (-0.08, 0.01, 1.73),
        "roll": 0.0,
        "connected": False,
        "type": "attachment",
        "parent": "mHead",
        "deform": False,
    },
    "Skull": {
        "matrix_local": [(1.0, -0.0, 0.0, 0.0), (0.0, -0.0, -1.0, 0.025), (-0.0, 1.0, -0.0, 1.833), (0.0, 0.0, 0.0, 1.0)],
        "head": (0.0, 0.025, 1.833),
        "tail": (0.0, 0.025, 1.863),
        "roll": 0.0,
        "connected": False,
        "type": "attachment",
        "parent": "mHead",
        "deform": True,
    },
    "Neck": {
        "matrix_local": [(1.0, 0.0, -0.0, 0.0), (0.0, 0.0, -1.0, 0.025), (-0.0, 1.0, -0.0, 1.607), (0.0, 0.0, 0.0, 1.0)],
        "head": (0.0, 0.025, 1.607),
        "tail": (0.0, 0.025, 1.637),
        "roll": 0.0,
        "connected": False,
        "type": "attachment",
        "parent": "mNeck",
        "deform": True,
    },
    "mCollarLeft": {
        "matrix_local": [(-0.0, 1.0, 0.0, 0.085), (-1.0, -0.0, -0.0, 0.036), (-0.0, -0.0, 1.0, 1.521), (0.0, 0.0, 0.0, 1.0)],
        "head": (0.085, 0.036, 1.521),
        "tail": (0.164, 0.036, 1.521),
        "roll": 0.0,
        "connected": False,
        "type": "bone",
        "parent": "mChest",
        "deform": True,
    },
    "L_CLAVICLE": {
        "matrix_local": [(-0.0, 1.0, 0.0, 0.085), (-1.0, -0.0, 0.0, 0.016), (-0.0, -0.0, 1.0, 1.541), (0.0, 0.0, 0.0, 1.0)],
        "head": (0.085, 0.016, 1.541),
        "tail": (0.185, 0.016, 1.541),
        "roll": 0.0,
        "connected": False,
        "type": "collision",
        "parent": "mCollarLeft",
        "deform": True,
    },
    "mShoulderLeft": {
        "matrix_local": [(-0.0, 1.0, 0.0, 0.164), (-1.0, -0.0, 0.0, 0.036), (-0.0, 0.0, 1.0, 1.521), (0.0, 0.0, 0.0, 1.0)],
        "head": (0.164, 0.036, 1.521),
        "tail": (0.411, 0.036, 1.521),
        "roll": 0.0,
        "connected": True,
        "type": "bone",
        "parent": "mCollarLeft",
        "deform": True,
    },
    "L_UPPER_ARM": {
        "matrix_local": [(0.000532, 0.999734, 0.023065, 0.284), (-0.999734, -0.0, 0.023071, 0.036), (0.023065, -0.023071, 0.999468, 1.531), (0.0, 0.0, 0.0, 1.0)],
        "head": (0.284, 0.036, 1.531),
        "tail": (0.414, 0.036, 1.528),
        "roll": 0.0,
        "connected": False,
        "type": "collision",
        "parent": "mShoulderLeft",
        "deform": True,
    },
    "mElbowLeft": {
        "matrix_local": [(-0.0, 1.0, 0.0, 0.411), (-1.0, -0.0, -0.0, 0.036), (-0.0, 0.0, 1.0, 1.521), (0.0, 0.0, 0.0, 1.0)],
        "head": (0.411, 0.036, 1.521),
        "tail": (0.617, 0.036, 1.521),
        "roll": 0.0,
        "connected": True,
        "type": "bone",
        "parent": "mShoulderLeft",
        "deform": True,
    },
    "L_LOWER_ARM": {
        "matrix_local": [(0.0001, 0.99995, 0.009999, 0.512), (-0.99995, -0.0, 0.01, 0.036), (0.009999, -0.01, 0.9999, 1.521), (0.0, 0.0, 0.0, 1.0)],
        "head": (0.512, 0.036, 1.521),
        "tail": (0.612, 0.036, 1.52),
        "roll": 0.0,
        "connected": False,
        "type": "collision",
        "parent": "mElbowLeft",
        "deform": True,
    },
    "mWristLeft": {
        "matrix_local": [(-0.0, 1.0, 0.0, 0.617), (-1.0, -0.0, -0.0, 0.036), (-0.0, 0.0, 1.0, 1.521), (0.0, 0.0, 0.0, 1.0)],
        "head": (0.617, 0.036, 1.521),
        "tail": (0.677, 0.036, 1.521),
        "roll": 0.0,
        "connected": True,
        "type": "bone",
        "parent": "mElbowLeft",
        "deform": True,
    },
    "L_HAND": {
        "matrix_local": [(-0.101034, 0.994629, 0.022471, 0.667), (-0.994629, -0.101493, 0.020299, 0.026), (0.022471, -0.020299, 0.999541, 1.521), (0.0, 0.0, 0.0, 1.0)],
        "head": (0.667, 0.026, 1.521),
        "tail": (0.716, 0.021, 1.52),
        "roll": 0.0,
        "connected": False,
        "type": "collision",
        "parent": "mWristLeft",
        "deform": True,
    },
    "mHandMiddle1Left": {
        "matrix_local": [(0.046177, 0.988634, 0.143074, 0.718), (-0.988634, 0.024716, 0.148296, 0.023), (0.143074, -0.148296, 0.978539, 1.536), (0.0, 0.0, 0.0, 1.0)],
        "head": (0.718, 0.023, 1.536),
        "tail": (0.758, 0.024, 1.53),
        "roll": 0.0,
        "connected": False,
        "type": "bone",
        "parent": "mWristLeft",
        "deform": True,
    },
    "mHandMiddle2Left": {
        "matrix_local": [(0.045578, 0.986733, 0.155824, 0.758), (-0.986733, 0.020137, 0.1611, 0.024), (0.155824, -0.1611, 0.974559, 1.53), (0.0, 0.0, 0.0, 1.0)],
        "head": (0.758, 0.024, 1.53),
        "tail": (0.807, 0.025, 1.522),
        "roll": 0.0,
        "connected": True,
        "type": "bone",
        "parent": "mHandMiddle1Left",
        "deform": True,
    },
    "mHandMiddle3Left": {
        "matrix_local": [(0.089617, 0.982126, 0.165522, 0.807), (-0.982126, 0.059523, 0.178566, 0.025), (0.165522, -0.178566, 0.969905, 1.522), (0.0, 0.0, 0.0, 1.0)],
        "head": (0.807, 0.025, 1.522),
        "tail": (0.84, 0.027, 1.516),
        "roll": 0.0,
        "connected": True,
        "type": "bone",
        "parent": "mHandMiddle2Left",
        "deform": True,
    },
    "mHandIndex1Left": {
        "matrix_local": [(-0.383799, 0.894151, 0.230635, 0.714), (-0.894151, -0.422238, 0.149026, -0.002), (0.230635, -0.149026, 0.961561, 1.536), (0.0, 0.0, 0.0, 1.0)],
        "head": (0.714, -0.002, 1.536),
        "tail": (0.75, -0.019, 1.53),
        "roll": 0.0,
        "connected": False,
        "type": "bone",
        "parent": "mWristLeft",
        "deform": True,
    },
    "mHandIndex2Left": {
        "matrix_local": [(-0.347654, 0.902932, 0.252687, 0.75), (-0.902932, -0.395033, 0.169301, -0.019), (0.252687, -0.169301, 0.952621, 1.53), (0.0, 0.0, 0.0, 1.0)],
        "head": (0.75, -0.019, 1.53),
        "tail": (0.782, -0.033, 1.524),
        "roll": 0.0,
        "connected": True,
        "type": "bone",
        "parent": "mHandIndex1Left",
        "deform": True,
    },
    "mHandIndex3Left": {
        "matrix_local": [(-0.363583, 0.905655, 0.218164, 0.782), (-0.905655, -0.398488, 0.144898, -0.033), (0.218164, -0.144898, 0.965095, 1.524), (0.0, 0.0, 0.0, 1.0)],
        "head": (0.782, -0.033, 1.524),
        "tail": (0.807, -0.044, 1.52),
        "roll": 0.0,
        "connected": True,
        "type": "bone",
        "parent": "mHandIndex2Left",
        "deform": True,
    },
    "mHandRing1Left": {
        "matrix_local": [(0.346419, 0.927934, 0.137596, 0.716), (-0.927934, 0.317451, 0.195355, 0.046), (0.137596, -0.195355, 0.971032, 1.53), (0.0, 0.0, 0.0, 1.0)],
        "head": (0.716, 0.046, 1.53),
        "tail": (0.754, 0.059, 1.522),
        "roll": 0.0,
        "connected": False,
        "type": "bone",
        "parent": "mWristLeft",
        "deform": True,
    },
    "mHandRing2Left": {
        "matrix_local": [(0.335864, 0.929982, 0.149427, 0.754), (-0.929982, 0.302243, 0.209242, 0.059), (0.149427, -0.209242, 0.96638, 1.522), (0.0, 0.0, 0.0, 1.0)],
        "head": (0.754, 0.059, 1.522),
        "tail": (0.794, 0.072, 1.513),
        "roll": 0.0,
        "connected": True,
        "type": "bone",
        "parent": "mHandRing1Left",
        "deform": True,
    },
    "mHandRing3Left": {
        "matrix_local": [(0.35912, 0.923132, 0.137335, 0.794), (-0.923131, 0.32969, 0.19782, 0.072), (0.137335, -0.19782, 0.97057, 1.513), (0.0, 0.0, 0.0, 1.0)],
        "head": (0.794, 0.072, 1.513),
        "tail": (0.822, 0.082, 1.507),
        "roll": 0.0,
        "connected": True,
        "type": "bone",
        "parent": "mHandRing2Left",
        "deform": True,
    },
    "Left Ring Finger": {
        "matrix_local": [(1.0, -0.0, 0.0, 0.735), (0.0, -0.0, -1.0, 0.052), (0.0, 1.0, 0.0, 1.528), (0.0, 0.0, 0.0, 1.0)],
        "head": (0.735, 0.052, 1.528),
        "tail": (0.735, 0.052, 1.558),
        "roll": 0.0,
        "connected": False,
        "type": "attachment",
        "parent": "mHandRing1Left",
        "deform": False,
    },
    "mHandPinky1Left": {
        "matrix_local": [(0.699679, 0.710812, 0.072078, 0.712), (-0.710812, 0.68238, 0.170596, 0.067), (0.072078, -0.170596, 0.982701, 1.524), (0.0, 0.0, 0.0, 1.0)],
        "head": (0.712, 0.067, 1.524),
        "tail": (0.737, 0.091, 1.518),
        "roll": 0.0,
        "connected": False,
        "type": "bone",
        "parent": "mWristLeft",
        "deform": True,
    },
    "mHandPinky2Left": {
        "matrix_local": [(0.648416, 0.757266, 0.078129, 0.737), (-0.757266, 0.631055, 0.168279, 0.091), (0.078129, -0.168279, 0.982638, 1.518), (0.0, 0.0, 0.0, 1.0)],
        "head": (0.737, 0.091, 1.518),
        "tail": (0.755, 0.106, 1.514),
        "roll": 0.0,
        "connected": True,
        "type": "bone",
        "parent": "mHandPinky1Left",
        "deform": True,
    },
    "mHandPinky3Left": {
        "matrix_local": [(0.641457, 0.761904, 0.089635, 0.755), (-0.761904, 0.619049, 0.190474, 0.106), (0.089635, -0.190474, 0.977592, 1.514), (0.0, 0.0, 0.0, 1.0)],
        "head": (0.755, 0.106, 1.514),
        "tail": (0.771, 0.119, 1.51),
        "roll": 0.0,
        "connected": True,
        "type": "bone",
        "parent": "mHandPinky2Left",
        "deform": True,
    },
    "mHandThumb1Left": {
