# Generated by Bento Buddy record_rig()

neutral = {
    "mPelvis": {
        "type": "bone",
        "matrix_edit": [(1.0, 0.0, 0.0, 0.0), (0.0, 0.0, -0.9999999403953552, 0.0), (0.0, 0.9999999403953552, 1.1920928955078125e-07, 1.0670150518417358), (0.0, 0.0, 0.0, 1.0)],
        "head_edit": [0.0, 0.0, 1.0670150518417358],
        "tail_edit": [0.0, 0.0, 1.151087999343872],
        "roll_edit": 0.0,
        "connected": False,
        "matrix_pose": [(1.0, 0.0, 0.0, 0.0), (0.0, 0.0, -0.9999998807907104, 0.0), (0.0, 0.9999998807907104, 1.1920928244535389e-07, 1.0670150518417358), (0.0, 0.0, 0.0, 1.0)],
        "matrix_local": [(1.0, 0.0, 0.0, 0.0), (0.0, 0.0, -0.9999999403953552, 0.0), (0.0, 0.9999999403953552, 1.1920928955078125e-07, 1.0670150518417358), (0.0, 0.0, 0.0, 1.0)],
        "parent": "",
        },
    "PELVIS": {
        "type": "collision",
        "matrix_edit": [(1.0, 0.0, 0.0, 0.0), (0.0, -0.43091389536857605, -0.9023930430412292, 0.009999999776482582), (0.0, 0.9023930430412292, -0.430914044380188, 1.0470150709152222), (0.0, 0.0, 0.0, 1.0)],
        "head_edit": [0.0, 0.009999999776482582, 1.0470150709152222],
        "tail_edit": [0.0, -0.03292948752641678, 1.1369153261184692],
        "roll_edit": 0.0,
        "connected": False,
        "matrix_pose": [(1.0, 0.0, 0.0, 0.0), (0.0, -0.4309138059616089, -0.9023928642272949, 0.009999998845160007), (0.0, 0.9023929238319397, -0.43091368675231934, 1.0470150709152222), (0.0, 0.0, 0.0, 1.0)],
        "matrix_local": [(1.0, 0.0, 0.0, 0.0), (0.0, -0.43091386556625366, -0.9023929834365845, 0.009999998845160007), (0.0, 0.9023930430412292, -0.4309137463569641, 1.0470150709152222), (0.0, 0.0, 0.0, 1.0)],
        "parent": "mPelvis",
        },
    "BUTT": {
        "type": "collision",
        "matrix_edit": [(1.0, 0.0, 0.0, 0.0), (0.0, 1.0, 0.0, 0.05999999865889549), (0.0, 0.0, 1.0, 0.9670150279998779), (0.0, 0.0, 0.0, 1.0)],
        "head_edit": [0.0, 0.05999999865889549, 0.9670150279998779],
        "tail_edit": [0.0, 0.1599999964237213, 0.9670150279998779],
        "roll_edit": 0.0,
        "connected": False,
        "matrix_pose": [(1.0, 0.0, 0.0, 0.0), (0.0, 0.9999998807907104, -1.1920927533992653e-07, 0.059999991208314896), (0.0, 2.980232949312267e-08, 0.9999998807907104, 0.9670150279998779), (0.0, 0.0, 0.0, 1.0)],
        "matrix_local": [(1.0, 0.0, 0.0, 0.0), (0.0, 0.9999999403953552, -1.1920928244535389e-07, 0.059999994933605194), (0.0, 2.9802322387695312e-08, 0.9999999403953552, 0.9670150279998779), (0.0, 0.0, 0.0, 1.0)],
        "parent": "mPelvis",
        },
    "mSpine1": {
        "type": "bone",
        "matrix_edit": [(1.0, 0.0, 0.0, 0.0), (0.0, 0.0, 0.9999999403953552, 0.0), (0.0, -0.9999999403953552, 1.1920928955078125e-07, 1.151087999343872), (0.0, 0.0, 0.0, 1.0)],
        "head_edit": [0.0, 0.0, 1.151087999343872],
        "tail_edit": [0.0, 0.0, 1.0670150518417358],
        "roll_edit": 0.0,
        "connected": True,
        "matrix_pose": [(1.0, 0.0, -8.742276236262114e-08, 0.0), (8.742276236262114e-08, 0.0, 0.9999998211860657, 0.0), (-1.0421605391814845e-14, -0.9999995827674866, -1.1920927533992653e-07, 1.151087999343872), (0.0, 0.0, 0.0, 1.0)],
        "matrix_local": [(1.0, 0.0, -8.74227694680485e-08, 0.0), (8.742276236262114e-08, 0.0, 0.9999999403953552, 0.0), (-1.0421606238847792e-14, -0.9999997019767761, -1.1920928955078125e-07, 1.151087999343872), (0.0, 0.0, 0.0, 1.0)],
        "parent": "mPelvis",
        },
    "mSpine2": {
        "type": "bone",
        "matrix_edit": [(1.0, 0.0, 0.0, 0.0), (0.0, 0.0, -0.9999999403953552, 0.0), (0.0, 0.9999999403953552, 1.1920928955078125e-07, 1.0670150518417358), (0.0, 0.0, 0.0, 1.0)],
        "head_edit": [0.0, 0.0, 1.0670150518417358],
        "tail_edit": [0.0, 0.0, 1.151087999343872],
        "roll_edit": 0.0,
        "connected": True,
        "matrix_pose": [(1.0, 0.0, -6.357303306003814e-08, 0.0), (-6.357301174375607e-08, 0.0, -0.9999997615814209, 0.0), (7.578495258642529e-15, 0.9999995231628418, 1.1920926823449918e-07, 1.0670150518417358), (0.0, 0.0, 0.0, 1.0)],
        "matrix_local": [(1.0, 0.0, -6.357303306003814e-08, 0.0), (-6.357302595461078e-08, 0.0, -0.9999999403953552, 0.0), (7.578496105675476e-15, 0.9999997019767761, 1.1920928955078125e-07, 1.0670150518417358), (0.0, 0.0, 0.0, 1.0)],
        "parent": "mSpine1",
        },
    "mTorso": {
        "type": "bone",
        "matrix_edit": [(1.0, 0.0, 0.0, 0.0), (0.0, 0.07480070739984512, -0.9971985220909119, 0.0), (0.0, 0.9971985220909119, 0.07480067014694214, 1.151087999343872), (0.0, 0.0, 0.0, 1.0)],
        "head_edit": [0.0, 0.0, 1.151087999343872],
        "tail_edit": [0.0, 0.015367998741567135, 1.3559650182724],
        "roll_edit": 0.0,
        "connected": True,
        "matrix_pose": [(1.0, 0.0, 0.0, 0.0), (7.105427357601002e-15, 0.07480067759752274, -0.9971982836723328, 0.0), (8.470329472543003e-22, 0.9971980452537537, 0.0748007744550705, 1.151087999343872), (0.0, 0.0, 0.0, 1.0)],
        "matrix_local": [(1.0, 0.0, 0.0, 0.0), (0.0, 0.07480068504810333, -0.9971984624862671, 0.0), (0.0, 0.997198224067688, 0.07480078935623169, 1.151087999343872), (0.0, 0.0, 0.0, 1.0)],
        "parent": "mSpine2",
        },
    "BELLY": {
        "type": "collision",
        "matrix_edit": [(1.0, 0.0, 0.0, 0.0), (0.0, -0.41607990860939026, -0.909328043460846, -0.02800000086426735), (0.0, 0.909328043460846, -0.4160797595977783, 1.1910879611968994), (0.0, 0.0, 0.0, 1.0)],
        "head_edit": [0.0, -0.02800000086426735, 1.1910879611968994],
        "tail_edit": [0.0, -0.06880977749824524, 1.2802762985229492],
        "roll_edit": 0.0,
        "connected": False,
        "matrix_pose": [(1.0, 0.0, 0.0, 0.0), (7.105427357601002e-15, -0.41607972979545593, -0.9093279242515564, -0.02799997106194496), (8.470329472543003e-22, 0.9093277454376221, -0.4160795211791992, 1.1910878419876099), (0.0, 0.0, 0.0, 1.0)],
        "matrix_local": [(1.0, 0.0, 0.0, 0.0), (0.0, -0.4160797894001007, -0.909328043460846, -0.028000004589557648), (0.0, 0.9093279242515564, -0.4160796105861664, 1.1910878419876099), (0.0, 0.0, 0.0, 1.0)],
        "parent": "mTorso",
        },
    "LEFT_HANDLE": {
        "type": "collision",
        "matrix_edit": [(0.0, 1.0, 0.0, 0.10000000149011612), (-1.0, 0.0, 0.0, 0.0), (0.0, 0.0, 1.0, 1.2090879678726196), (0.0, 0.0, 0.0, 1.0)],
        "head_edit": [0.10000000149011612, 0.0, 1.2090879678726196],
        "tail_edit": [0.20000000298023224, 0.0, 1.2090879678726196],
        "roll_edit": 0.0,
        "connected": False,
        "matrix_pose": [(0.0, 1.0, 0.0, 0.10000000149011612), (-0.9999997615814209, 7.105427357601002e-15, -1.564621925354004e-07, 4.656612873077393e-10), (-3.725290298461914e-08, 8.470329472543003e-22, 0.9999995231628418, 1.2090879678726196), (0.0, 0.0, 0.0, 1.0)],
        "matrix_local": [(0.0, 1.0, 0.0, 0.10000000149011612), (-0.9999999403953552, 0.0, -1.6391277313232422e-07, 0.0), (-3.725290298461914e-08, 0.0, 0.9999997019767761, 1.2090879678726196), (0.0, 0.0, 0.0, 1.0)],
        "parent": "mTorso",
        },
    "RIGHT_HANDLE": {
        "type": "collision",
        "matrix_edit": [(0.0, -1.0, 0.0, -0.10000000149011612), (1.0, 0.0, 0.0, 0.0), (0.0, 0.0, 1.0, 1.2090879678726196), (0.0, 0.0, 0.0, 1.0)],
        "head_edit": [-0.10000000149011612, 0.0, 1.2090879678726196],
        "tail_edit": [-0.20000000298023224, 0.0, 1.2090879678726196],
        "roll_edit": 0.0,
        "connected": False,
        "matrix_pose": [(0.0, -1.0, 0.0, -0.10000000149011612), (0.9999997615814209, -7.105427357601002e-15, -1.564621925354004e-07, 4.656612873077393e-10), (3.725290298461914e-08, -8.470329472543003e-22, 0.9999995231628418, 1.2090879678726196), (0.0, 0.0, 0.0, 1.0)],
        "matrix_local": [(0.0, -1.0, 0.0, -0.10000000149011612), (0.9999999403953552, 0.0, -1.6391277313232422e-07, 0.0), (3.725290298461914e-08, 0.0, 0.9999997019767761, 1.2090879678726196), (0.0, 0.0, 0.0, 1.0)],
        "parent": "mTorso",
        },
    "LOWER_BACK": {
        "type": "collision",
        "matrix_edit": [(1.0, 0.0, 0.0, 0.0), (0.0, 1.0, 0.0, 0.0), (0.0, 0.0, 1.0, 1.1740880012512207), (0.0, 0.0, 0.0, 1.0)],
        "head_edit": [0.0, 0.0, 1.1740880012512207],
        "tail_edit": [0.0, 0.10000000149011612, 1.1740880012512207],
        "roll_edit": 0.0,
        "connected": False,
        "matrix_pose": [(1.0, 0.0, 0.0, 0.0), (7.105427357601002e-15, 0.9999998211860657, -9.685754776000977e-08, -3.4924596548080444e-10), (8.470329472543003e-22, 3.725290298461914e-08, 0.9999995827674866, 1.1740880012512207), (0.0, 0.0, 0.0, 1.0)],
        "matrix_local": [(1.0, 0.0, 0.0, 0.0), (0.0, 1.0, -1.043081283569336e-07, -4.656612873077393e-10), (0.0, 3.725290298461914e-08, 0.9999997615814209, 1.1740880012512207), (0.0, 0.0, 0.0, 1.0)],
        "parent": "mTorso",
        },
    "mSpine3": {
        "type": "bone",
        "matrix_edit": [(1.0, 0.0, 0.0, 0.0), (0.0, -0.07480069994926453, 0.9971985220909119, 0.015367998741567135), (0.0, -0.9971985220909119, -0.07480084896087646, 1.3559650182724), (0.0, 0.0, 0.0, 1.0)],
        "head_edit": [0.0, 0.015367998741567135, 1.3559650182724],
        "tail_edit": [0.0, 9.313225746154785e-10, 1.151087999343872],
        "roll_edit": 0.0,
        "connected": True,
        "matrix_pose": [(1.0, -7.925796872346039e-16, -8.74227694680485e-08, 0.0), (8.717785249245935e-08, -0.07480065524578094, 0.997198224067688, 0.015367995947599411), (-6.539290442475476e-09, -0.9971979856491089, -0.0748007521033287, 1.3559650182724), (0.0, 0.0, 0.0, 1.0)],
        "matrix_local": [(1.0, -7.925797401741631e-16, -8.742277657347586e-08, 0.0), (8.717785959788671e-08, -0.07480067014694214, 0.9971984624862671, 0.01536799781024456), (-6.539291774743106e-09, -0.997198224067688, -0.0748007744550705, 1.3559650182724), (0.0, 0.0, 0.0, 1.0)],
        "parent": "mTorso",
        },
    "mSpine4": {
        "type": "bone",
        "matrix_edit": [(1.0, 0.0, 0.0, 0.0), (0.0, 0.07480069994926453, -0.9971985220909119, 9.313225746154785e-10), (0.0, 0.9971985220909119, 0.07480067014694214, 1.151087999343872), (0.0, 0.0, 0.0, 1.0)],
        "head_edit": [0.0, 9.313225746154785e-10, 1.151087999343872],
        "tail_edit": [0.0, 0.015367998741567135, 1.3559650182724],
        "roll_edit": 0.0,
        "connected": True,
        "matrix_pose": [(1.0, 6.844681076162093e-16, -6.357303306003814e-08, -1.6283759748199675e-16), (-6.339489289075573e-08, 0.07480066269636154, -0.997198224067688, 2.7939677238464355e-09), (4.7553103676989394e-09, 0.9971979856491089, 0.0748007595539093, 1.151087999343872), (0.0, 0.0, 0.0, 1.0)],
        "matrix_local": [(1.0, 6.844681605557685e-16, -6.357302595461078e-08, -1.6283761071688655e-16), (-6.339492841789252e-08, 0.07480067759752274, -0.9971984624862671, 1.862645149230957e-09), (4.755311699966569e-09, 0.997198224067688, 0.07480078190565109, 1.151087999343872), (0.0, 0.0, 0.0, 1.0)],
        "parent": "mSpine3",
        },
    "mChest": {
        "type": "bone",
        "matrix_edit": [(1.0, 0.0, 0.0, 0.0), (0.0, 0.03783309459686279, -0.999284029006958, 0.015367998741567135), (0.0, 0.999284029006958, 0.03783315420150757, 1.3559650182724), (0.0, 0.0, 0.0, 1.0)],
        "head_edit": [0.0, 0.015367998741567135, 1.3559650182724],
        "tail_edit": [0.0, 0.02487500011920929, 1.6070730686187744],
        "roll_edit": 0.0,
        "connected": True,
        "matrix_pose": [(1.0, -2.220446049250313e-16, -1.4210854715202004e-14, -2.2211811150298522e-17), (7.105427357601002e-15, 0.0378330834209919, -0.9992837905883789, 0.015367996878921986), (8.881784197001252e-16, 0.999283492565155, 0.037833187729120255, 1.3559650182724), (0.0, 0.0, 0.0, 1.0)],
        "matrix_local": [(1.0, 0.0, -7.105427357601002e-15, -2.2211811150298522e-17), (-1.4210854715202004e-14, 0.037833087146282196, -0.999284029006958, 0.01536799967288971), (4.440892098500626e-16, 0.9992837309837341, 0.03783320263028145, 1.3559650182724), (0.0, 0.0, 0.0, 1.0)],
        "parent": "mSpine4",
        },
    "CHEST": {
        "type": "collision",
        "matrix_edit": [(1.0, 0.0, 0.0, 0.0), (0.0, 0.6726981401443481, -0.7399171590805054, -0.01263200119137764), (0.0, 0.7399171590805054, 0.6726980209350586, 1.4259650707244873), (0.0, 0.0, 0.0, 1.0)],
        "head_edit": [0.0, -0.01263200119137764, 1.4259650707244873],
        "tail_edit": [0.0, 0.10830405354499817, 1.5589855909347534],
        "roll_edit": 0.0,
        "connected": False,
        "matrix_pose": [(1.0, 4.407651984551526e-15, -5.5775429745965905e-15, -2.5513521755894143e-16), (1.4205767435320794e-14, 0.6726978421211243, -0.7399168610572815, -0.012631948105990887), (6.193569496585672e-16, 0.7399165630340576, 0.6726978421211243, 1.4259650707244873), (0.0, 0.0, 0.0, 1.0)],
        "matrix_local": [(1.0, -4.235164736271502e-22, 1.2705494208814505e-21, -2.221179791540872e-17), (-7.110512943416317e-15, 0.6726979613304138, -0.7399171590805054, -0.012631996534764767), (1.752676603991658e-16, 0.7399169206619263, 0.6726978421211243, 1.4259650707244873), (0.0, 0.0, 0.0, 1.0)],
        "parent": "mChest",
        },
    "LEFT_PEC": {
        "type": "collision",
        "matrix_edit": [(1.0, 0.0, 0.0, 0.0820000022649765), (0.0, -0.9888107776641846, 0.14917530119419098, -0.10363200306892395), (0.0, -0.14917530119419098, -0.988813042640686, 1.3979650735855103), (0.0, 0.0, 0.0, 1.0)],
        "head_edit": [0.0820000022649765, -0.10363200306892395, 1.3979650735855103],
        "tail_edit": [0.0820000022649765, -0.18295902013778687, 1.3859975337982178],
        "roll_edit": 0.0,
        "connected": False,
        "matrix_pose": [(1.0, -1.3920175877593904e-14, 1.543155751768696e-15, 0.0820000022649765), (7.303086731007529e-15, -0.9888104200363159, 0.1491754651069641, -0.10363198071718216), (-4.2200769618985345e-16, -0.149175226688385, -0.9888101816177368, 1.3979651927947998), (0.0, 0.0, 0.0, 1.0)],
        "matrix_local": [(1.0, -6.980791541610215e-15, -3.282252670610414e-21, 0.0820000022649765), (-1.4013195341795476e-14, -0.9888107180595398, 0.1491755247116089, -0.10363199561834335), (-8.660972236772713e-16, -0.1491752713918686, -0.9888104796409607, 1.3979650735855103), (0.0, 0.0, 0.0, 1.0)],
        "parent": "mChest",
        },
    "RIGHT_PEC": {
        "type": "collision",
        "matrix_edit": [(1.0, 0.0, 0.0, -0.0820000022649765), (0.0, -0.9888107776641846, 0.14917530119419098, -0.10363200306892395), (0.0, -0.14917530119419098, -0.988813042640686, 1.3979650735855103), (0.0, 0.0, 0.0, 1.0)],
        "head_edit": [-0.0820000022649765, -0.10363200306892395, 1.3979650735855103],
        "tail_edit": [-0.0820000022649765, -0.18295902013778687, 1.3859975337982178],
        "roll_edit": 0.0,
        "connected": False,
        "matrix_pose": [(1.0, -1.3920175877593904e-14, 1.543155751768696e-15, -0.0820000022649765), (7.303086731007529e-15, -0.9888104200363159, 0.1491754651069641, -0.10363198071718216), (-4.2200769618985345e-16, -0.149175226688385, -0.9888101816177368, 1.3979651927947998), (0.0, 0.0, 0.0, 1.0)],
        "matrix_local": [(1.0, -6.980791541610215e-15, -3.282252670610414e-21, -0.0820000022649765), (-1.4013195341795476e-14, -0.9888107180595398, 0.1491755247116089, -0.10363199561834335), (-8.660972236772713e-16, -0.1491752713918686, -0.9888104796409607, 1.3979650735855103), (0.0, 0.0, 0.0, 1.0)],
        "parent": "mChest",
        },
    "UPPER_BACK": {
        "type": "collision",
        "matrix_edit": [(1.0, 0.0, 0.0, 0.0), (0.0, 1.0, 0.0, 0.01536799967288971), (0.0, 0.0, 1.0, 1.3729649782180786), (0.0, 0.0, 0.0, 1.0)],
        "head_edit": [0.0, 0.01536799967288971, 1.3729649782180786],
        "tail_edit": [0.0, 0.11536800116300583, 1.3729649782180786],
        "roll_edit": 0.0,
        "connected": False,
        "matrix_pose": [(1.0, 7.091940051981872e-15, -4.907041857945453e-16, -3.055378535283045e-17), (1.42057657412549e-14, 0.9999997615814209, -1.7881393432617188e-07, 0.01536799967288971), (6.193549379553175e-16, 9.313225746154785e-08, 0.999999463558197, 1.3729649782180786), (0.0, 0.0, 0.0, 1.0)],
        "matrix_local": [(1.0, 0.0, 3.044024654195142e-21, -2.2211811150298522e-17), (-7.110514637482211e-15, 1.0, -1.862645149230957e-07, 0.015368001535534859), (1.7526559575635687e-16, 8.940696716308594e-08, 0.9999997019767761, 1.3729649782180786), (0.0, 0.0, 0.0, 1.0)],
        "parent": "mChest",
        },
    "mNeck": {
        "type": "bone",
        "matrix_edit": [(1.0, 0.0, 0.0, 0.0), (0.0, 0.0, -1.0, 0.02487500011920929), (0.0, 1.0, 0.0, 1.6070730686187744), (0.0, 0.0, 0.0, 1.0)],
        "head_edit": [0.0, 0.02487500011920929, 1.6070730686187744],
        "tail_edit": [0.0, 0.02487500011920929, 1.6827030181884766],
        "roll_edit": 0.0,
        "connected": True,
        "matrix_pose": [(1.0, -4.907059327999991e-16, -7.091939204948924e-15, -7.800896835015268e-17), (1.42057657412549e-14, 3.725290298461914e-09, -0.9999997615814209, 0.02487500011920929), (6.193574790541593e-16, 0.999999463558197, 1.1920928955078125e-07, 1.6070730686187744), (0.0, 0.0, 0.0, 1.0)],
        "matrix_local": [(1.0, 0.0, 4.235164736271502e-22, -2.2211811150298522e-17), (-7.110514637482211e-15, -3.725290298461914e-09, -1.0, 0.024875003844499588), (1.7526813685519863e-16, 0.9999997019767761, 1.2293457984924316e-07, 1.6070730686187744), (0.0, 0.0, 0.0, 1.0)],
        "parent": "mChest",
        },
    "NECK": {
        "type": "collision",
        "matrix_edit": [(1.0, 0.0, 0.0, 0.0), (0.0, 0.0, -1.0, 0.02487500011920929), (0.0, 1.0, 0.0, 1.627073049545288), (0.0, 0.0, 0.0, 1.0)],
        "head_edit": [0.0, 0.02487500011920929, 1.627073049545288],
        "tail_edit": [0.0, 0.02487500011920929, 1.7070730924606323],
        "roll_edit": 0.0,
        "connected": False,
        "matrix_pose": [(1.0, -4.907059327999991e-16, -7.091939628465398e-15, -8.782307588884523e-17), (1.42057657412549e-14, 7.4505797087454084e-09, -0.9999997615814209, 0.02487500011920929), (6.193574790541593e-16, 0.999999463558197, 1.2293457984924316e-07, 1.627073049545288), (0.0, 0.0, 0.0, 1.0)],
        "matrix_local": [(1.0, 0.0, 0.0, -2.2211811150298522e-17), (-7.110514637482211e-15, 0.0, -1.0, 0.024875003844499588), (1.7526813685519863e-16, 0.9999997019767761, 1.2665987014770508e-07, 1.627073049545288), (0.0, 0.0, 0.0, 1.0)],
        "parent": "mNeck",
        },
    "mHead": {
        "type": "bone",
        "matrix_edit": [(1.0, 0.0, 0.0, 0.0), (0.0, 0.0, -1.0, 0.02487500011920929), (0.0, 1.0, 0.0, 1.6827030181884766), (0.0, 0.0, 0.0, 1.0)],
        "head_edit": [0.0, 0.02487500011920929, 1.6827030181884766],
        "tail_edit": [0.0, 0.02487500011920929, 1.7617030143737793],
        "roll_edit": 0.0,
        "connected": True,
        "matrix_pose": [(1.0, -4.907059327999991e-16, -7.091939628465398e-15, -1.1512104195472e-16), (1.42057657412549e-14, 7.4505797087454084e-09, -0.9999997615814209, 0.02487500011920929), (6.193574790541593e-16, 0.999999463558197, 1.2293457984924316e-07, 1.6827030181884766), (0.0, 0.0, 0.0, 1.0)],
        "matrix_local": [(1.0, 0.0, 0.0, -2.2211811150298522e-17), (-7.110514637482211e-15, 0.0, -1.0, 0.024875003844499588), (1.7526813685519863e-16, 0.9999997019767761, 1.2665987014770508e-07, 1.6827030181884766), (0.0, 0.0, 0.0, 1.0)],
        "parent": "mNeck",
        },
    "HEAD": {
        "type": "collision",
        "matrix_edit": [(1.0, 0.0, 0.0, 0.0), (0.0, 0.0, -1.0, 0.004875000566244125), (0.0, 1.0, 0.0, 1.752703070640564), (0.0, 0.0, 0.0, 1.0)],
        "head_edit": [0.0, 0.004875000566244125, 1.752703070640564],
        "tail_edit": [0.0, 0.004875000566244125, 1.8527030944824219],
        "roll_edit": 0.0,
        "connected": False,
        "matrix_pose": [(1.0, -4.907059327999991e-16, -7.091939628465398e-15, -2.9130929481865323e-16), (1.42057657412549e-14, 7.4505797087454084e-09, -0.9999997615814209, 0.00487500661984086), (6.193574790541593e-16, 0.999999463558197, 1.2293457984924316e-07, 1.752703070640564), (0.0, 0.0, 0.0, 1.0)],
        "matrix_local": [(1.0, 0.0, 0.0, -2.2211811150298522e-17), (-7.110514637482211e-15, 0.0, -1.0, 0.004875004291534424), (1.7526813685519863e-16, 0.9999997019767761, 1.2665987014770508e-07, 1.752703070640564), (0.0, 0.0, 0.0, 1.0)],
        "parent": "mHead",
        },
    "mSkull": {
        "type": "bone",
        "matrix_edit": [(1.0, 0.0, 0.0, 0.0), (0.0, 0.0, -1.0, 0.02487500011920929), (0.0, 1.0, 0.0, 1.7617030143737793), (0.0, 0.0, 0.0, 1.0)],
        "head_edit": [0.0, 0.02487500011920929, 1.7617030143737793],
        "tail_edit": [0.0, 0.02487500011920929, 1.7947030067443848],
        "roll_edit": 0.0,
        "connected": False,
        "matrix_pose": [(1.0, -4.907059327999991e-16, -7.091939628465398e-15, -1.5388682827479315e-16), (1.42057657412549e-14, 7.4505797087454084e-09, -0.9999997615814209, 0.02487500011920929), (6.193574790541593e-16, 0.999999463558197, 1.2293457984924316e-07, 1.7617030143737793), (0.0, 0.0, 0.0, 1.0)],
        "matrix_local": [(1.0, 0.0, 0.0, -2.2211811150298522e-17), (-7.110514637482211e-15, 0.0, -1.0, 0.024875003844499588), (1.7526813685519863e-16, 0.9999997019767761, 1.2665987014770508e-07, 1.7617030143737793), (0.0, 0.0, 0.0, 1.0)],
        "parent": "mHead",
        },
    "mEyeRight": {
        "type": "bone",
        "matrix_edit": [(-1.0, 0.0, 0.0, -0.035999998450279236), (0.0, -1.0, 0.0, -0.07359100133180618), (0.0, 0.0, 1.0, 1.7617030143737793), (0.0, 0.0, 0.0, 1.0)],
        "head_edit": [-0.035999998450279236, -0.07359100133180618, 1.7617030143737793],
        "tail_edit": [-0.035999998450279236, -0.09859099984169006, 1.7617030143737793],
        "roll_edit": 0.0,
        "connected": False,
        "matrix_pose": [(-1.0, -7.091939628465398e-15, 8.742277657347586e-08, -0.035999998450279236), (-2.4627376215267428e-14, -0.9999997615814209, -1.266599838345428e-07, -0.07359097898006439), (8.742272683548435e-08, -3.725290298461914e-09, 0.999999463558197, 1.7617030143737793), (0.0, 0.0, 0.0, 1.0)],
        "matrix_local": [(-1.0, 0.0, 8.742277657347586e-08, -0.035999998450279236), (-3.962448926375824e-15, -1.0, -1.3411059285317606e-07, -0.07359099388122559), (8.742274815176643e-08, -2.842170943040401e-14, 0.9999997019767761, 1.7617030143737793), (0.0, 0.0, 0.0, 1.0)],
        "parent": "mHead",
        },
    "mEyeLeft": {
        "type": "bone",
        "matrix_edit": [(-1.0, 0.0, 0.0, 0.035999998450279236), (0.0, -1.0, 0.0, -0.07358600199222565), (0.0, 0.0, 1.0, 1.7617030143737793), (0.0, 0.0, 0.0, 1.0)],
        "head_edit": [0.035999998450279236, -0.07358600199222565, 1.7617030143737793],
        "tail_edit": [0.035999998450279236, -0.09858600050210953, 1.7617030143737793],
        "roll_edit": 0.0,
        "connected": False,
        "matrix_pose": [(-1.0, -7.091939628465398e-15, 8.742277657347586e-08, 0.035999998450279236), (-2.462737282713564e-14, -0.9999997615814209, -1.266598985694145e-07, -0.07358597964048386), (8.742272683548435e-08, -3.7252476658977685e-09, 0.999999463558197, 1.7617030143737793), (0.0, 0.0, 0.0, 1.0)],
        "matrix_local": [(-1.0, 0.0, 8.742277657347586e-08, 0.035999998450279236), (-3.962445538244035e-15, -1.0, -1.3411050758804777e-07, -0.07358600199222565), (8.742274815176643e-08, 1.4210854715202004e-14, 0.9999997019767761, 1.7617030143737793), (0.0, 0.0, 0.0, 1.0)],
        "parent": "mHead",
        },
    "mFaceRoot": {
        "type": "bone",
        "matrix_edit": [(-1.0, 0.0, 0.0, 0.0), (0.0, -1.0, 0.0, -0.0001250002533197403), (0.0, 0.0, 1.0, 1.7277029752731323), (0.0, 0.0, 0.0, 1.0)],
        "head_edit": [0.0, -0.0001250002533197403, 1.7277029752731323],
        "tail_edit": [0.0, -0.020124999806284904, 1.7277029752731323],
        "roll_edit": 0.0,
        "connected": False,
        "matrix_pose": [(-1.0, -7.091939628465398e-15, 8.742277657347586e-08, -3.145012951424924e-16), (-2.983817213491127e-14, -0.9999997615814209, -1.2665981330428622e-07, -0.00012499433069024235), (8.742272683548435e-08, -6.332982138701482e-08, 0.999999463558197, 1.7277029752731323), (0.0, 0.0, 0.0, 1.0)],
        "matrix_local": [(-1.0, 0.0, 8.742277657347586e-08, -2.2211811150298522e-17), (-9.173244846019668e-15, -1.0, -1.3411042232291948e-07, -0.00012499652802944183), (8.742274815176643e-08, -5.960457372111705e-08, 0.9999997019767761, 1.7277029752731323), (0.0, 0.0, 0.0, 1.0)],
        "parent": "mHead",
        },
    "mFaceEyeAltRight": {
        "type": "bone",
        "matrix_edit": [(-1.0, 0.0, 0.0, -0.035999998450279236), (0.0, -1.0, 0.0, -0.07359100133180618), (0.0, 0.0, 1.0, 1.7616329193115234), (0.0, 0.0, 0.0, 1.0)],
        "head_edit": [-0.035999998450279236, -0.07359100133180618, 1.7616329193115234],
        "tail_edit": [-0.035999998450279236, -0.09859099984169006, 1.7616329193115234],
        "roll_edit": 0.0,
        "connected": False,
        "matrix_pose": [(-1.0, -7.091939628465398e-15, -2.842170943040401e-14, -0.035999998450279236), (-1.8765215347316816e-14, -0.9999997615814209, -1.2665981330428622e-07, -0.07359097898006439), (-2.842170943040401e-14, -6.332982138701482e-08, 0.999999463558197, 1.7616329193115234), (0.0, 0.0, 0.0, 1.0)],
        "matrix_local": [(-1.0, 0.0, -2.842170943040401e-14, -0.035999998450279236), (2.551064184387348e-15, -1.0, -1.3411042232291948e-07, -0.07359099388122559), (-2.842170943040401e-14, -5.960457372111705e-08, 0.9999997019767761, 1.7616329193115234), (0.0, 0.0, 0.0, 1.0)],
        "parent": "mFaceRoot",
        },
    "mFaceEyeAltLeft": {
        "type": "bone",
        "matrix_edit": [(-1.0, 0.0, 0.0, 0.035999998450279236), (0.0, -1.0, 0.0, -0.07358600199222565), (0.0, 0.0, 1.0, 1.7616329193115234), (0.0, 0.0, 0.0, 1.0)],
        "head_edit": [0.035999998450279236, -0.07358600199222565, 1.7616329193115234],
        "tail_edit": [0.035999998450279236, -0.09858600050210953, 1.7616329193115234],
        "roll_edit": 0.0,
        "connected": False,
        "matrix_pose": [(-1.0, -7.091939628465398e-15, -2.842170943040401e-14, 0.035999998450279236), (-1.8765215347316816e-14, -0.9999997615814209, -1.2665981330428622e-07, -0.07358597964048386), (-2.842170943040401e-14, -6.332982138701482e-08, 0.999999463558197, 1.7616329193115234), (0.0, 0.0, 0.0, 1.0)],
        "matrix_local": [(-1.0, 0.0, -2.842170943040401e-14, 0.035999998450279236), (2.551064184387348e-15, -1.0, -1.3411042232291948e-07, -0.07358599454164505), (-2.842170943040401e-14, -5.960457372111705e-08, 0.9999997019767761, 1.7616329193115234), (0.0, 0.0, 0.0, 1.0)],
        "parent": "mFaceRoot",
        },
    "mFaceForeheadLeft": {
        "type": "bone",
        "matrix_edit": [(0.9156243801116943, 0.13216373324394226, -0.3796902596950531, 0.03500000014901161), (-0.13216374814510345, -0.7929821610450745, -0.5947369337081909, -0.061125002801418304), (-0.3796902596950531, 0.5947369337081909, -0.708606481552124, 1.810702919960022), (0.0, 0.0, 0.0, 1.0)],
        "head_edit": [0.03500000014901161, -0.061125002801418304, 1.810702919960022],
        "tail_edit": [0.039000000804662704, -0.08512499928474426, 1.8287029266357422],
        "roll_edit": -1.4901161193847656e-08,
        "connected": False,
        "matrix_pose": [(0.9156243801116943, 0.13216379284858704, -0.3796903192996979, 0.034999944269657135), (-0.13216379284858704, -0.7929819822311401, -0.5947368144989014, -0.06112497299909592), (-0.37969014048576355, 0.5947368144989014, -0.7086061239242554, 1.810702919960022), (0.0, 0.0, 0.0, 1.0)],
        "matrix_local": [(0.9156243801116943, 0.13216379284858704, -0.3796903192996979, 0.03500000014901161), (-0.13216380774974823, -0.7929821610450745, -0.5947369337081909, -0.06112499535083771), (-0.3796902298927307, 0.5947369337081909, -0.7086062431335449, 1.810702919960022), (0.0, 0.0, 0.0, 1.0)],
        "parent": "mFaceRoot",
        },
    "mFaceForeheadRight": {
        "type": "bone",
        "matrix_edit": [(0.9156243801116943, -0.13216373324394226, 0.3796902596950531, -0.03500000014901161), (0.13216374814510345, -0.7929821610450745, -0.5947369337081909, -0.061125002801418304), (0.3796902596950531, 0.5947369337081909, -0.708606481552124, 1.810702919960022), (0.0, 0.0, 0.0, 1.0)],
        "head_edit": [-0.03500000014901161, -0.061125002801418304, 1.810702919960022],
        "tail_edit": [-0.039000000804662704, -0.08512499928474426, 1.8287029266357422],
        "roll_edit": 1.4901161193847656e-08,
        "connected": False,
        "matrix_pose": [(0.9156244993209839, -0.13216370344161987, 0.3796902000904083, -0.034999944269657135), (0.13216379284858704, -0.7929819822311401, -0.5947368144989014, -0.06112497299909592), (0.3796899914741516, 0.5947368144989014, -0.7086061835289001, 1.810702919960022), (0.0, 0.0, 0.0, 1.0)],
        "matrix_local": [(0.9156244993209839, -0.13216370344161987, 0.3796902000904083, -0.03500000014901161), (0.13216380774974823, -0.7929821610450745, -0.5947369337081909, -0.06112499535083771), (0.3796900808811188, 0.5947369337081909, -0.7086063027381897, 1.810702919960022), (0.0, 0.0, 0.0, 1.0)],
        "parent": "mFaceRoot",
        },
    "mFaceEyebrowOuterLeft": {
        "type": "bone",
        "matrix_edit": [(-0.8705630302429199, 0.4920571446418762, 0.0, 0.050999999046325684), (-0.4920571446418762, -0.8705629110336304, -0.0, -0.06412500143051147), (-0.0, 0.0, 1.0, 1.775702953338623), (0.0, 0.0, 0.0, 1.0)],
        "head_edit": [0.050999999046325684, -0.06412500143051147, 1.775702953338623],
        "tail_edit": [0.06399999558925629, -0.08712500333786011, 1.775702953338623],
        "roll_edit": 0.0,
        "connected": False,
        "matrix_pose": [(-0.8705629706382751, 0.4920569658279419, 9.233076525561046e-09, 0.050999995321035385), (-0.49205684661865234, -0.870562732219696, -8.884867952474451e-09, -0.06412497162818909), (3.482804800114536e-08, 4.2854694015659334e-08, 0.999999463558197, 1.775702953338623), (0.0, 0.0, 0.0, 1.0)],
        "matrix_local": [(-0.8705629706382751, 0.4920569956302643, 9.233076525561046e-09, 0.050999999046325684), (-0.4920569956302643, -0.8705629110336304, -1.633544854939828e-08, -0.06412500143051147), (3.666110615085927e-08, 4.60977673810703e-08, 0.9999997019767761, 1.775702953338623), (0.0, 0.0, 0.0, 1.0)],
        "parent": "mFaceRoot",
        },
    "mFaceEyebrowCenterLeft": {
        "type": "bone",
        "matrix_edit": [(-1.0, 0.0, 0.0, 0.0430000014603138), (0.0, -1.0, 0.0, -0.07012499868869781), (0.0, 0.0, 1.0, 1.7862030267715454), (0.0, 0.0, 0.0, 1.0)],
        "head_edit": [0.0430000014603138, -0.07012499868869781, 1.7862030267715454],
        "tail_edit": [0.0430000014603138, -0.09712500125169754, 1.7862030267715454],
        "roll_edit": 0.0,
        "connected": False,
        "matrix_pose": [(-1.0, -7.091939628465398e-15, -2.842170943040401e-14, 0.0430000014603138), (-1.8765215347316816e-14, -0.9999997615814209, -1.2665981330428622e-07, -0.07012497633695602), (-2.842170943040401e-14, -6.332982138701482e-08, 0.999999463558197, 1.7862030267715454), (0.0, 0.0, 0.0, 1.0)],
        "matrix_local": [(-1.0, 0.0, -2.842170943040401e-14, 0.0430000014603138), (2.551064184387348e-15, -1.0, -1.3411042232291948e-07, -0.07012499868869781), (-2.842170943040401e-14, -5.960457372111705e-08, 0.9999997019767761, 1.7862030267715454), (0.0, 0.0, 0.0, 1.0)],
        "parent": "mFaceRoot",
        },
    "mFaceEyebrowInnerLeft": {
        "type": "bone",
        "matrix_edit": [(-1.0, 0.0, 0.0, 0.02199999988079071), (0.0, -1.0, 0.0, -0.07512500137090683), (0.0, 0.0, 1.0, 1.779202938079834), (0.0, 0.0, 0.0, 1.0)],
        "head_edit": [0.02199999988079071, -0.07512500137090683, 1.779202938079834],
        "tail_edit": [0.02199999988079071, -0.10112500190734863, 1.779202938079834],
        "roll_edit": 0.0,
        "connected": False,
        "matrix_pose": [(-1.0, 5.434029758826821e-15, -2.1316282072803006e-14, 0.02199999988079071), (-3.1291186005158456e-14, -0.9999997019767761, 1.6620546716694662e-08, -0.07512497901916504), (-2.1316282072803006e-14, 7.995050310682927e-08, 0.999999463558197, 1.779202938079834), (0.0, 0.0, 0.0, 1.0)],
        "matrix_local": [(-1.0, 1.2525968963775745e-14, -2.1316282072803006e-14, 0.02199999988079071), (-9.974910708619028e-15, -0.9999999403953552, 9.169966119770834e-09, -0.07512500137090683), (-2.1316282072803006e-14, 8.367577208900912e-08, 0.9999997019767761, 1.779202938079834), (0.0, 0.0, 0.0, 1.0)],
        "parent": "mFaceRoot",
        },
    "mFaceEyebrowOuterRight": {
        "type": "bone",
        "matrix_edit": [(-0.8705630302429199, -0.4920571446418762, 0.0, -0.050999999046325684), (0.4920571446418762, -0.8705629110336304, 0.0, -0.06412500143051147), (0.0, 0.0, 1.0, 1.775702953338623), (0.0, 0.0, 0.0, 1.0)],
        "head_edit": [-0.050999999046325684, -0.06412500143051147, 1.775702953338623],
        "tail_edit": [-0.06399999558925629, -0.08712500333786011, 1.775702953338623],
        "roll_edit": 0.0,
        "connected": False,
        "matrix_pose": [(-0.8705628514289856, -0.492057204246521, -3.628163369739923e-08, -0.050999995321035385), (0.49205708503723145, -0.8705626726150513, -5.673994252219927e-08, -0.06412497162818909), (-3.482810484456422e-08, -1.2115601855100522e-08, 0.999999463558197, 1.775702953338623), (0.0, 0.0, 0.0, 1.0)],
        "matrix_local": [(-0.8705628514289856, -0.4920572340488434, -3.628163369739923e-08, -0.050999999046325684), (0.4920572340488434, -0.8705628514289856, -6.419053732997781e-08, -0.06412500143051147), (-3.6661148783423414e-08, -8.872532930581656e-09, 0.9999997019767761, 1.775702953338623), (0.0, 0.0, 0.0, 1.0)],
        "parent": "mFaceRoot",
        },
    "mFaceEyebrowCenterRight": {
        "type": "bone",
        "matrix_edit": [(-1.0, 0.0, 0.0, -0.0430000014603138), (0.0, -1.0, 0.0, -0.07012499868869781), (0.0, 0.0, 1.0, 1.7862030267715454), (0.0, 0.0, 0.0, 1.0)],
        "head_edit": [-0.0430000014603138, -0.07012499868869781, 1.7862030267715454],
        "tail_edit": [-0.0430000014603138, -0.09712500125169754, 1.7862030267715454],
        "roll_edit": 0.0,
        "connected": False,
        "matrix_pose": [(-1.0, -7.091939628465398e-15, -2.842170943040401e-14, -0.0430000014603138), (-1.8765215347316816e-14, -0.9999997615814209, -1.2665981330428622e-07, -0.07012497633695602), (-2.842170943040401e-14, -6.332982138701482e-08, 0.999999463558197, 1.7862030267715454), (0.0, 0.0, 0.0, 1.0)],
        "matrix_local": [(-1.0, 0.0, -2.842170943040401e-14, -0.0430000014603138), (2.551064184387348e-15, -1.0, -1.3411042232291948e-07, -0.07012499868869781), (-2.842170943040401e-14, -5.960457372111705e-08, 0.9999997019767761, 1.7862030267715454), (0.0, 0.0, 0.0, 1.0)],
        "parent": "mFaceRoot",
        },
    "mFaceEyebrowInnerRight": {
        "type": "bone",
        "matrix_edit": [(-1.0, 0.0, 0.0, -0.02199999988079071), (0.0, -1.0, 0.0, -0.07512500137090683), (0.0, 0.0, 1.0, 1.779202938079834), (0.0, 0.0, 0.0, 1.0)],
        "head_edit": [-0.02199999988079071, -0.07512500137090683, 1.779202938079834],
        "tail_edit": [-0.02199999988079071, -0.10112500190734863, 1.779202938079834],
        "roll_edit": 0.0,
        "connected": False,
        "matrix_pose": [(-1.0, 5.434029758826821e-15, -2.1316282072803006e-14, -0.02199999988079071), (-3.1291186005158456e-14, -0.9999997019767761, 1.6620546716694662e-08, -0.07512497901916504), (-2.1316282072803006e-14, 7.995050310682927e-08, 0.999999463558197, 1.779202938079834), (0.0, 0.0, 0.0, 1.0)],
        "matrix_local": [(-1.0, 1.2525968963775745e-14, -2.1316282072803006e-14, -0.02199999988079071), (-9.974910708619028e-15, -0.9999999403953552, 9.169966119770834e-09, -0.07512500137090683), (-2.1316282072803006e-14, 8.367577208900912e-08, 0.9999997019767761, 1.779202938079834), (0.0, 0.0, 0.0, 1.0)],
        "parent": "mFaceRoot",
        },
    "mFaceEyeLidUpperLeft": {
        "type": "bone",
        "matrix_edit": [(1.0, 0.0, 0.0, 0.035999998450279236), (0.0, -0.9832820296287537, -0.18208907544612885, -0.07312499731779099), (0.0, 0.18208907544612885, -0.9832808971405029, 1.7617030143737793), (0.0, 0.0, 0.0, 1.0)],
        "head_edit": [0.035999998450279236, -0.07312499731779099, 1.7617030143737793],
        "tail_edit": [0.035999998450279236, -0.10012499988079071, 1.7667030096054077],
        "roll_edit": 0.0,
        "connected": False,
        "matrix_pose": [(1.0, 1.5918732998443375e-08, 6.503454841322309e-08, 0.03599999472498894), (2.749471050833563e-08, -0.9832813739776611, -0.18208909034729004, -0.0731249526143074), (6.104863103928437e-08, 0.18208898603916168, -0.9832816123962402, 1.7617031335830688), (0.0, 0.0, 0.0, 1.0)],
        "matrix_local": [(1.0, 1.5918738327513893e-08, 6.503454130779573e-08, 0.035999998450279236), (2.7494696297480914e-08, -0.9832814931869507, -0.18208910524845123, -0.07312498986721039), (6.104865235556645e-08, 0.18208901584148407, -0.9832817316055298, 1.7617030143737793), (0.0, 0.0, 0.0, 1.0)],
        "parent": "mFaceRoot",
        },
    "mFaceEyeLidLowerLeft": {
        "type": "bone",
        "matrix_edit": [(1.0, 0.0, 0.0, 0.035999998450279236), (0.0, -0.9600003361701965, 0.27999889850616455, -0.07312499731779099), (0.0, -0.27999889850616455, -0.9600009918212891, 1.7617030143737793), (0.0, 0.0, 0.0, 1.0)],
        "head_edit": [0.035999998450279236, -0.07312499731779099, 1.7617030143737793],
        "tail_edit": [0.035999998450279236, -0.09712499380111694, 1.7547030448913574],
        "roll_edit": 0.0,
        "connected": False,
        "matrix_pose": [(1.0, -2.4478284288420582e-08, 6.706991229066261e-08, 0.035999998450279236), (-4.2278642808923905e-08, -0.959999680519104, 0.2799989879131317, -0.0731249675154686), (5.753322085411128e-08, -0.279998779296875, -0.959999680519104, 1.7617028951644897), (0.0, 0.0, 0.0, 1.0)],
        "matrix_local": [(1.0, -2.4478280735706903e-08, 6.706991939608997e-08, 0.035999998450279236), (-4.2278671230633336e-08, -0.9600000381469727, 0.2799990773200989, -0.07312498986721039), (5.7533227959538635e-08, -0.27999886870384216, -0.9600000381469727, 1.7617030143737793), (0.0, 0.0, 0.0, 1.0)],
        "parent": "mFaceRoot",
        },
    "mFaceEyeLidUpperRight": {
        "type": "bone",
        "matrix_edit": [(1.0, 0.0, 0.0, -0.035999998450279236), (0.0, -0.9832820296287537, -0.18208907544612885, -0.07312499731779099), (0.0, 0.18208907544612885, -0.9832808971405029, 1.7617030143737793), (0.0, 0.0, 0.0, 1.0)],
        "head_edit": [-0.035999998450279236, -0.07312499731779099, 1.7617030143737793],
        "tail_edit": [-0.035999998450279236, -0.10012499988079071, 1.7667030096054077],
        "roll_edit": 0.0,
        "connected": False,
        "matrix_pose": [(1.0, 1.5918732998443375e-08, 6.503454841322309e-08, -0.03599999472498894), (2.749471050833563e-08, -0.9832813739776611, -0.18208909034729004, -0.0731249526143074), (6.104863103928437e-08, 0.18208898603916168, -0.9832816123962402, 1.7617031335830688), (0.0, 0.0, 0.0, 1.0)],
        "matrix_local": [(1.0, 1.5918738327513893e-08, 6.503454130779573e-08, -0.035999998450279236), (2.7494696297480914e-08, -0.9832814931869507, -0.18208910524845123, -0.07312498986721039), (6.104865235556645e-08, 0.18208901584148407, -0.9832817316055298, 1.7617030143737793), (0.0, 0.0, 0.0, 1.0)],
        "parent": "mFaceRoot",
        },
    "mFaceEyeLidLowerRight": {
        "type": "bone",
        "matrix_edit": [(1.0, 0.0, 0.0, -0.035999998450279236), (0.0, -0.9600003361701965, 0.27999889850616455, -0.07312499731779099), (0.0, -0.27999889850616455, -0.9600009918212891, 1.7617030143737793), (0.0, 0.0, 0.0, 1.0)],
        "head_edit": [-0.035999998450279236, -0.07312499731779099, 1.7617030143737793],
        "tail_edit": [-0.035999998450279236, -0.09712499380111694, 1.7547030448913574],
        "roll_edit": 0.0,
        "connected": False,
        "matrix_pose": [(1.0, -2.4478298499275297e-08, 6.706991229066261e-08, -0.035999998450279236), (-4.227863570349655e-08, -0.9600002765655518, 0.27999892830848694, -0.0731249675154686), (5.753323506496599e-08, -0.27999889850616455, -0.959999680519104, 1.7617028951644897), (0.0, 0.0, 0.0, 1.0)],
