# Preset data auto-generated by Bento Budddy

presets = {'apply_location': True,
 'apply_rotation': True,
 'apply_scale': True,
 'blank': False,
 'dae_apply_modifiers': False,
 'dae_deform_bones_only': True,
 'dae_include_animations': False,
 'dae_include_armatures': True,
 'dae_include_children': False,
 'dae_include_shapekeys': False,
 'dae_open_sim': True,
 'dae_selected': True,
 'dae_sort_by_name': True,
 'dae_triangulate': False,
 'dae_use_blender_profile': False,
 'dae_use_object_instantiation': False,
 'devkit_poll': 1,
 'devkit_state': False,
 'export_advanced': False,
 'export_apply_modifiers': False,
 'export_blank': False,
 'export_full_rig': False,
 'export_menu_enabled': True,
 'export_path_to_pelvis': False,
 'export_reset': False,
 'fix_broken_bones': False,
 'process_attachment_bones': False,
 'process_volume_bones': True,
 'remove_empty_groups': True,
 'rig_class_default': False,
 'rig_class_male_default': False,
 'rig_class_male_neutral': False,
 'rig_class_name': 'default',
 'rig_class_neutral': False,
 'rotate_for_sl': True,
 'use_app_compatible_data': True,
 'use_bind_data': False,
 'use_offset_location': False,
 'use_offset_rotation': False,
 'use_offset_scale': False,
 'use_rig_data': False,
 'use_sl_compatible_data': False,
 'volume_bone_location': True,
 'volume_bone_rotation': True,
 'volume_bone_scale': True}
matrices = {'bind_data': {'BELLY': [[11.003000259399414,
                          0.0,
                          -1.546370029449463,
                          1.5337799787521362],
                         [0.0, 7.692309856414795, 0.0, 0.0],
                         [0.9278209805488586,
                          0.0,
                          6.601789951324463,
                          -7.889289855957031],
                         [0.0, 0.0, 0.0, 1.0]],
               'BUTT': [[10.0, 0.0, 0.0, 0.550000011920929],
                        [0.0, 10.0, 0.0, 0.0],
                        [0.0, 0.0, 10.0, -9.670149803161621],
                        [0.0, 0.0, 0.0, 1.0]],
               'CHEST': [[8.952799797058105,
                          0.0,
                          1.5786199569702148,
                          -2.361639976501465],
                         [0.0, 6.666669845581055, 0.0, 0.0],
                         [-0.868241012096405,
                          0.0,
                          4.924039840698242,
                          -7.010779857635498],
                         [0.0, 0.0, 0.0, 1.0]],
               'LEFT_HANDLE': [[20.0, 0.0, 0.0, 0.0],
                               [0.0, 20.0, 0.0, -2.0],
                               [0.0, 0.0, 20.0, -24.181800842285156],
                               [0.0, 0.0, 0.0, 1.0]],
               'LEFT_PEC': [[19.944000244140625,
                             0.0,
                             -1.496090054512024,
                             0.04838699847459793],
                            [0.0, 20.0, 0.0, -1.5743999481201172],
                            [1.496090054512024,
                             0.0,
                             19.944000244140625,
                             -28.03420066833496],
                            [0.0, 0.0, 0.0, 1.0]],
               'LOWER_BACK': [[11.111100196838379, 0.0, 0.0, 0.0],
                              [0.0, 7.692309856414795, 0.0, 0.0],
                              [0.0, 0.0, 6.666669845581055, -7.827250003814697],
                              [0.0, 0.0, 0.0, 1.0]],
               'L_CLAVICLE': [[14.285699844360352,
                               0.0,
                               0.0,
                               0.22979600727558136],
                              [0.0,
                               7.142859935760498,
                               0.0,
                               -0.5119889974594116],
                              [0.0, 0.0, 20.0, -30.827199935913086],
                              [0.0, 0.0, 0.0, 1.0]],
               'L_HAND': [[19.696199417114258,
                           -3.4729599952697754,
                           0.0,
                           3.0148699283599854],
                          [2.1676299571990967,
                           12.29319953918457,
                           -0.6541990041732788,
                           -7.801229953765869],
                          [0.30293500423431396,
                           1.7180299758911133,
                           33.287601470947266,
                           -51.87189865112305],
                          [0.0, 0.0, 0.0, 1.0]],
               'L_LOWER_ARM': [[25.0, 0.0, 0.0, 0.9021430015563965],
                               [0.0,
                                7.13306999206543,
                                -0.3738279938697815,
                                -3.329050064086914],
                               [0.0,
                                1.30840003490448,
                                24.965700149536133,
                                -38.6968994140625],
                               [0.0, 0.0, 0.0, 1.0]],
               'L_LOWER_LEG': [[16.66670036315918,
                                0.0,
                                0.0,
                                -0.21449999511241913],
                               [0.0,
                                16.66670036315918,
                                0.0,
                                -1.353279948234558],
                               [0.0, 0.0, 4.0, -1.339859962463379],
                               [0.0, 0.0, 0.0, 1.0]],
               'L_UPPER_ARM': [[20.0, 0.0, 0.0, 0.721714973449707],
                               [0.0,
                                5.8599700927734375,
                                -0.5126810073852539,
                                -0.8854510188102722],
                               [0.0,
                                1.743109941482544,
                                19.923900604248047,
                                -31.007600784301758],
                               [0.0, 0.0, 0.0, 1.0]],
               'L_UPPER_LEG': [[11.111100196838379,
                                0.0,
                                0.0,
                                -0.1528560072183609],
                               [0.0,
                                11.111100196838379,
                                0.0,
                                -0.852944016456604],
                               [0.0, 0.0, 3.125, -2.5188000202178955],
                               [0.0, 0.0, 0.0, 1.0]],
               'NECK': [[20.0, 0.0, 0.0, 0.49559900164604187],
                        [0.0, 16.66670036315918, 0.0, 0.0],
                        [0.0, 0.0, 12.5, -20.33839988708496],
                        [0.0, 0.0, 0.0, 1.0]],
               'PELVIS': [[8.252229690551758,
                           0.0,
                           -1.1597800254821777,
                           1.2830699682235718],
                          [0.0, 6.25, 0.0, 0.0],
                          [0.8186650276184082,
                           0.0,
                           5.825109958648682,
                           -6.0921502113342285],
                          [0.0, 0.0, 0.0, 1.0]],
               'RIGHT_HANDLE': [[20.0, 0.0, 0.0, 0.0],
                                [0.0, 20.0, 0.0, 2.0],
                                [0.0, 0.0, 20.0, -24.181800842285156],
                                [0.0, 0.0, 0.0, 1.0]],
               'RIGHT_PEC': [[19.944000244140625,
                              0.0,
                              -1.496090054512024,
                              0.04838699847459793],
                             [0.0, 20.0, 0.0, 1.5743999481201172],
                             [1.496090054512024,
                              0.0,
                              19.944000244140625,
                              -28.03420066833496],
                             [0.0, 0.0, 0.0, 1.0]],
               'R_CLAVICLE': [[14.285699844360352,
                               0.0,
                               0.0,
                               0.22979600727558136],
                              [0.0, 7.142859935760498, 0.0, 0.5142859816551208],
                              [0.0, 0.0, 20.0, -30.827199935913086],
                              [0.0, 0.0, 0.0, 1.0]],
               'R_HAND': [[19.696199417114258,
                           3.4729599952697754,
                           0.0,
                           3.0180699825286865],
                          [-2.1676299571990967,
                           12.29319953918457,
                           0.6541990041732788,
                           7.812560081481934],
                          [0.30293500423431396,
                           -1.7180299758911133,
                           33.287601470947266,
                           -51.87350082397461],
                          [0.0, 0.0, 0.0, 1.0]],
               'R_LOWER_ARM': [[25.0, 0.0, 0.0, 0.9021430015563965],
                               [0.0,
                                7.13306999206543,
                                0.3738279938697815,
                                3.3343300819396973],
                               [0.0,
                                -1.30840003490448,
                                24.965700149536133,
                                -38.69779968261719],
                               [0.0, 0.0, 0.0, 1.0]],
               'R_LOWER_LEG': [[16.66670036315918,
                                0.0,
                                0.0,
                                -0.21400000154972076],
                               [0.0,
                                16.66670036315918,
                                0.0,
                                1.3361799716949463],
                               [0.0, 0.0, 4.0, -1.3400299549102783],
                               [0.0, 0.0, 0.0, 1.0]],
               'R_UPPER_ARM': [[20.0, 0.0, 0.0, 0.721714973449707],
                               [0.0,
                                5.8599700927734375,
                                0.5126810073852539,
                                0.8897849917411804],
                               [0.0,
                                -1.743109941482544,
                                19.923900604248047,
                                -31.008899688720703],
                               [0.0, 0.0, 0.0, 1.0]],
               'R_UPPER_LEG': [[11.111100196838379,
                                0.0,
                                0.0,
                                -0.1513330042362213],
                               [0.0,
                                11.111100196838379,
                                0.0,
                                0.8756219744682312],
                               [0.0, 0.0, 3.125, -2.5185298919677734],
                               [0.0, 0.0, 0.0, 1.0]],
               'UPPER_BACK': [[11.111100196838379, 0.0, 0.0, 0.170755997300148],
                              [0.0, 7.692309856414795, 0.0, 0.0],
                              [0.0, 0.0, 6.666669845581055, -9.15310001373291],
                              [0.0, 0.0, 0.0, 1.0]],
               'mChest': [[1.0, 0.0, 0.0, 0.01536799967288971],
                          [0.0, 1.0, 0.0, 0.0],
                          [0.0, 0.0, 1.0, -1.355970025062561],
                          [0.0, 0.0, 0.0, 1.0]],
               'mCollarLeft': [[1.0, 0.0, 0.0, 0.03608600050210953],
                               [0.0, 1.0, 0.0, -0.07167799770832062],
                               [0.0, 0.0, 1.0, -1.5213600397109985],
                               [0.0, 0.0, 0.0, 1.0]],
               'mCollarRight': [[1.0, 0.0, 0.0, 0.03608600050210953],
                                [0.0, 1.0, 0.0, 0.07199999690055847],
                                [0.0, 0.0, 1.0, -1.5213600397109985],
                                [0.0, 0.0, 0.0, 1.0]],
               'mElbowLeft': [[1.0, 0.0, 0.0, 0.03608600050210953],
                              [0.0, 1.0, 0.0, -0.4284380078315735],
                              [0.0, 0.0, 1.0, -1.5213600397109985],
                              [0.0, 0.0, 0.0, 1.0]],
               'mElbowRight': [[1.0, 0.0, 0.0, 0.03608600050210953],
                               [0.0, 1.0, 0.0, 0.42917799949645996],
                               [0.0, 0.0, 1.0, -1.5213600397109985],
                               [0.0, 0.0, 0.0, 1.0]],
               'mHipLeft': [[1.0, 0.0, 0.0, -0.03375700116157532],
                            [0.0, 1.0, 0.0, -0.12676499783992767],
                            [0.0, 0.0, 1.0, -1.0260200500488281],
                            [0.0, 0.0, 0.0, 1.0]],
               'mHipRight': [[1.0, 0.0, 0.0, -0.03361999988555908],
                             [0.0, 1.0, 0.0, 0.1288059949874878],
                             [0.0, 0.0, 1.0, -1.0259300470352173],
                             [0.0, 0.0, 0.0, 1.0]],
               'mKneeLeft': [[1.0, 0.0, 0.0, -0.03286999836564064],
                             [0.0, 1.0, 0.0, -0.08119700103998184],
                             [0.0, 0.0, 1.0, -0.5349640250205994],
                             [0.0, 0.0, 0.0, 1.0]],
               'mKneeRight': [[1.0, 0.0, 0.0, -0.032839998602867126],
                              [0.0, 1.0, 0.0, 0.08017099648714066],
                              [0.0, 0.0, 1.0, -0.5350069999694824],
                              [0.0, 0.0, 0.0, 1.0]],
               'mNeck': [[1.0, 0.0, 0.0, 0.024779999628663063],
                         [0.0, 1.0, 0.0, 0.0],
                         [0.0, 0.0, 1.0, -1.607069969177246],
                         [0.0, 0.0, 0.0, 1.0]],
               'mPelvis': [[1.0, 0.0, 0.0, 0.0],
                           [0.0, 1.0, 0.0, 0.0],
                           [0.0, 0.0, 1.0, -1.067020058631897],
                           [0.0, 0.0, 0.0, 1.0]],
               'mShoulderLeft': [[1.0, 0.0, 0.0, 0.03608600050210953],
                                 [0.0, 1.0, 0.0, -0.15067799389362335],
                                 [0.0, 0.0, 1.0, -1.5213600397109985],
                                 [0.0, 0.0, 0.0, 1.0]],
               'mShoulderRight': [[1.0, 0.0, 0.0, 0.03608600050210953],
                                  [0.0, 1.0, 0.0, 0.15141800045967102],
                                  [0.0, 0.0, 1.0, -1.5213600397109985],
                                  [0.0, 0.0, 0.0, 1.0]],
               'mSpine1': [[1.0, 0.0, 0.0, 0.0],
                           [0.0, 1.0, 0.0, 0.0],
                           [0.0, 0.0, 1.0, -1.1510900259017944],
                           [0.0, 0.0, 0.0, 1.0]],
               'mSpine2': [[1.0, 0.0, 0.0, 0.0],
                           [0.0, 1.0, 0.0, 0.0],
                           [0.0, 0.0, 1.0, -1.067020058631897],
                           [0.0, 0.0, 0.0, 1.0]],
               'mSpine3': [[1.0, 0.0, 0.0, 0.01536799967288971],
                           [0.0, 1.0, 0.0, 0.0],
                           [0.0, 0.0, 1.0, -1.355970025062561],
                           [0.0, 0.0, 0.0, 1.0]],
               'mSpine4': [[1.0, 0.0, 0.0, 0.0],
                           [0.0, 1.0, 0.0, 0.0],
                           [0.0, 0.0, 1.0, -1.1510900259017944],
                           [0.0, 0.0, 0.0, 1.0]],
               'mTorso': [[1.0, 0.0, 0.0, 0.0],
                          [0.0, 1.0, 0.0, 0.0],
                          [0.0, 0.0, 1.0, -1.1510900259017944],
                          [0.0, 0.0, 0.0, 1.0]],
               'mWristLeft': [[1.0, 0.0, 0.0, 0.03608600050210953],
                              [0.0, 1.0, 0.0, -0.6701570153236389],
                              [0.0, 0.0, 1.0, -1.5213600397109985],
                              [0.0, 0.0, 0.0, 1.0]],
               'mWristRight': [[1.0, 0.0, 0.0, 0.03608600050210953],
                               [0.0, 1.0, 0.0, 0.6710780262947083],
                               [0.0, 0.0, 1.0, -1.5213600397109985],
                               [0.0, 0.0, 0.0, 1.0]]},
 'bind_shape': [[1.0, 0.0, 0.0, 0.0],
                [0.0, 1.0, 0.0, 0.0],
                [0.0, 0.0, 1.0, 0.0],
                [0.0, 0.0, 0.0, 1.0]],
 'bone_data': {'Alt Left Ear': [[1.0,
                                 2.2351738238057806e-08,
                                 -2.2351741790771484e-08,
                                 8.184564137536654e-13],
                                [-2.2351738238057806e-08,
                                 1.0,
                                 7.450583261459087e-09,
                                 -2.0166597280990572e-09],
                                [2.2351741790771484e-08,
                                 -7.450581485102248e-09,
                                 1.0,
                                 -5.932523361451558e-10],
                                [0.0, 0.0, 0.0, 1.0]],
               'Alt Left Eye': [[1.0, 0.0, 0.0, 0.0],
                                [0.0, 1.0, 0.0, 0.0],
                                [0.0, 0.0, 1.0, 0.0],
                                [0.0, 0.0, 0.0, 1.0]],
               'Alt Right Ear': [[1.0,
                                  -2.2351741790771484e-08,
                                  -2.2351741790771484e-08,
                                  8.187894806610529e-13],
                                 [2.2351741790771484e-08,
                                  1.0,
                                  -7.450578820566989e-09,
                                  2.016666389437205e-09],
                                 [2.2351741790771484e-08,
                                  7.450578820566989e-09,
                                  1.0,
                                  -5.932523361451558e-10],
                                 [0.0, 0.0, 0.0, 1.0]],
               'Alt Right Eye': [[1.0, 0.0, 0.0, 0.0],
                                 [0.0, 1.0, 0.0, 0.0],
                                 [0.0, 0.0, 1.0, 0.0],
                                 [0.0, 0.0, 0.0, 1.0]],
               'Avatar Center': [[1.0, 0.0, 0.0, 0.0],
                                 [0.0, 1.0, 0.0, 0.0],
                                 [0.0, 0.0, 1.0, 0.0],
                                 [0.0, 0.0, 0.0, 1.0]],
               'BELLY': [[1.0, 0.0, 0.0, 0.02800000086426735],
                         [0.0, 1.0, 0.0, 0.0],
                         [0.0, 0.0, 1.0, 0.03999999910593033],
                         [0.0, 0.0, 0.0, 1.0]],
               'BUTT': [[1.0, 0.0, 0.0, -0.054999999701976776],
                        [0.0, 1.0, 0.0, 0.0],
                        [0.0, 0.0, 1.0, -0.10000000149011612],
                        [0.0, 0.0, 0.0, 1.0]],
               'CHEST': [[1.0, 0.0, 0.0, 0.027720000594854355],
                         [0.0, 1.0, 0.0, 0.0],
                         [0.0, 0.0, 1.0, 0.07000000029802322],
                         [0.0, 0.0, 0.0, 1.0]],
               'Chest': [[3.7252920748187535e-09,
                          -1.0,
                          -4.371138828673793e-08,
                          0.15000000596046448],
                         [-4.371138828673793e-08,
                          -4.371138828673793e-08,
                          1.0,
                          -1.1324686965963338e-08],
                         [-1.0,
                          -3.725290298461914e-09,
                          -4.371138828673793e-08,
                          -0.10000002384185791],
                         [0.0, 0.0, 0.0, 1.0]],
               'Chin': [[1.0, 0.0, 0.0, 0.11999999731779099],
                        [0.0, 1.0, 0.0, -9.059747618778147e-09],
                        [0.0, 0.0, 1.0, -0.039999961853027344],
                        [0.0, 0.0, 0.0, 1.0]],
               'Groin': [[1.0,
                          1.30967981709715e-25,
                          1.862645149230957e-09,
                          1.8067937146426516e-09],
                         [1.30967981709715e-25,
                          1.0,
                          -1.4062579956658803e-16,
                          -1.3640913720625812e-16],
                         [-1.862645149230957e-09,
                          1.4062579956658803e-16,
                          1.0,
                          -1.1920930909070648e-10],
                         [0.0, 0.0, 0.0, 1.0]],
               'HEAD': [[0.10999999940395355, 0.0, 0.0, 0.019999999552965164],
                        [0.0,
                         0.09000000357627869,
                         0.0,
                         -1.5099581585076294e-09],
                        [0.0, 0.0, 0.12000000476837158, 0.06999993324279785],
                        [0.0, 0.0, 0.0, 1.0]],
               'Jaw': [[1.0,
                        3.352780331768704e-23,
                        2.9802322387695312e-08,
                        -5.5919713304319885e-12],
                       [3.352780331768704e-23,
                        1.0,
                        -2.2500127930654085e-15,
                        -2.5173819192397806e-18],
                       [-2.9802322387695312e-08,
                        2.2500127930654085e-15,
                        1.0,
                        2.6077140447000602e-11],
                       [0.0, 0.0, 0.0, 1.0]],
               'L Forearm': [[1.0, 0.0, 0.0, 1.1175870895385742e-08],
                             [0.0, 1.0, 0.0, 0.11300000548362732],
                             [0.0, 0.0, 1.0, 0.0],
                             [0.0, 0.0, 0.0, 1.0]],
               'L Lower Leg': [[1.0,
                                -1.9839327286140268e-19,
                                -4.958087274076206e-09,
                                -0.04399999976158142],
                               [-1.9840971307607717e-19,
                                1.0,
                                -8.003146756419e-11,
                                -0.006999999284744263],
                               [4.958087274076206e-09,
                                8.003146756419e-11,
                                1.0,
                                -0.26100003719329834],
                               [0.0, 0.0, 0.0, 1.0]],
               'L Upper Arm': [[1.0, 0.0, 0.0, 0.010000012814998627],
                               [0.0, 1.0, 0.0, 0.15000000596046448],
                               [0.0, 0.0, 1.0, -0.009999990463256836],
                               [0.0, 0.0, 0.0, 1.0]],
               'L Upper Leg': [[1.0,
                                -1.899024937301874e-09,
                                1.746234684629755e-10,
                                -0.01900000497698784],
                               [1.899024937301874e-09,
                                1.0,
                                6.56643805996282e-09,
                                -0.03399999067187309],
                               [-1.746234962185511e-10,
                                -6.56643805996282e-09,
                                1.0,
                                -0.309999942779541],
                               [0.0, 0.0, 0.0, 1.0]],
               'LEFT_HANDLE': [[1.0, 0.0, 0.0, 0.0],
                               [0.0, 1.0, 0.0, 0.10000000149011612],
                               [0.0, 0.0, 1.0, 0.057999998331069946],
                               [0.0, 0.0, 0.0, 1.0]],
               'LEFT_PEC': [[1.0, 0.0, 0.0, 0.11781000345945358],
                            [0.0, 1.0, 0.0, 0.07872000336647034],
                            [0.0, 0.0, 1.0, 0.041999999433755875],
                            [0.0, 0.0, 0.0, 1.0]],
               'LOWER_BACK': [[1.0, 0.0, 0.0, 0.0],
                              [0.0, 1.0, 0.0, 0.0],
                              [0.0, 0.0, 1.0, 0.023000000044703484],
                              [0.0, 0.0, 0.0, 1.0]],
               'L_CLAVICLE': [[1.0, 0.0, 0.0, 0.019999999552965164],
                              [0.0, 1.0, 0.0, 0.0],
                              [0.0, 0.0, 1.0, 0.019999999552965164],
                              [0.0, 0.0, 0.0, 1.0]],
               'L_FOOT': [[0.12802499532699585,
                           -1.7696495031282989e-15,
                           0.00868240837007761,
                           0.07699999213218689],
                          [4.606428594415481e-15,
                           0.05000000074505806,
                           1.431756731402889e-16,
                           7.4505797087454084e-09],
                          [-0.02257426083087921,
                           1.666524088833035e-16,
                           0.04924039542675018,
                           -0.040999989956617355],
                          [0.0, 0.0, 0.0, 1.0]],
               'L_HAND': [[1.0, 0.0, 0.0, 0.009999999776482582],
                          [0.0, 1.0, 0.0, 0.05000000074505806],
                          [0.0, 0.0, 1.0, 0.0],
                          [0.0, 0.0, 0.0, 1.0]],
               'L_LOWER_ARM': [[1.0, 0.0, 0.0, 0.0],
                               [0.0, 1.0, 0.0, 0.11800000071525574],
                               [0.0, 0.0, 1.0, 0.0],
                               [0.0, 0.0, 0.0, 1.0]],
               'L_LOWER_LEG': [[1.0, 0.0, 0.0, -0.019999999552965164],
                               [0.0, 1.0, 0.0, 0.0],
                               [0.0, 0.0, 1.0, -0.20000000298023224],
                               [0.0, 0.0, 0.0, 1.0]],
               'L_UPPER_ARM': [[1.0, 0.0, 0.0, 0.0],
                               [0.0, 1.0, 0.0, 0.13439999520778656],
                               [0.0, 0.0, 1.0, 0.009999999776482582],
                               [0.0, 0.0, 0.0, 1.0]],
               'L_UPPER_LEG': [[1.0, 0.0, 0.0, -0.019999999552965164],
                               [0.0, 1.0, 0.0, -0.05000000074505806],
                               [0.0, 0.0, 1.0, -0.2199999988079071],
                               [0.0, 0.0, 0.0, 1.0]],
               'Left Ear': [[1.0, 0.0, 0.0, 0.01500000525265932],
                            [0.0, 1.0, 0.0, 0.07999999821186066],
                            [0.0, 0.0, 1.0, 0.01699995994567871],
                            [0.0, 0.0, 0.0, 1.0]],
               'Left Eyeball': [[1.0, 0.0, 0.0, 0.0],
                                [0.0, 1.0, 0.0, 0.0],
                                [0.0, 0.0, 1.0, 0.0],
                                [0.0, 0.0, 0.0, 1.0]],
               'Left Foot': [[1.0,
                              1.2805680960070731e-09,
                              1.3969839729455202e-09,
                              1.1397811860991425e-10],
                             [-1.2805680960070731e-09,
                              1.0,
                              2.35741026699543e-09,
                              -1.3457085445978123e-10],
                             [-1.3969839729455202e-09,
                              -2.35741026699543e-09,
                              1.0,
                              -3.5662806041614203e-10],
                             [0.0, 0.0, 0.0, 1.0]],
               'Left Hand': [[1.0, 0.0, 0.0, 7.450580596923828e-09],
                             [0.0, 1.0, 0.0, 0.07999998331069946],
                             [0.0, 0.0, 1.0, -0.019999980926513672],
                             [0.0, 0.0, 0.0, 1.0]],
               'Left Hind Foot': [[1.0, 0.0, 0.0, 0.0],
                                  [0.0, 1.0, 0.0, 0.0],
                                  [0.0, 0.0, 1.0, 0.0],
                                  [0.0, 0.0, 0.0, 1.0]],
               'Left Hip': [[1.0,
                             -1.899081780720735e-09,
                             1.746234684629755e-10,
                             -6.15632406164579e-11],
                            [1.899081780720735e-09,
                             1.0,
                             6.56643805996282e-09,
                             6.801498919628557e-09],
                            [-1.746234962185511e-10,
                             -6.56643805996282e-09,
                             1.0,
                             -8.383036487202844e-10],
                            [0.0, 0.0, 0.0, 1.0]],
               'Left Pec': [[1.0,
                             2.09548770735544e-24,
                             -7.450580596923828e-09,
                             0.10400000959634781],
                            [2.09548770735544e-24,
                             1.0,
                             5.625031982663521e-16,
                             0.0819999948143959],
                            [7.450580596923828e-09,
                             -5.625031982663521e-16,
                             1.0,
                             0.24699997901916504],
                            [0.0, 0.0, 0.0, 1.0]],
               'Left Ring Finger': [[1.0,
                                     3.259629366425543e-08,
                                     -5.587936335871291e-09,
                                     -0.0060000005178153515],
                                    [-3.259629366425543e-08,
                                     1.0,
                                     -3.7252898543727042e-09,
                                     0.018999990075826645],
                                    [5.587936335871291e-09,
                                     3.725290298461914e-09,
                                     1.0,
                                     -0.0020000911317765713],
                                    [0.0, 0.0, 0.0, 1.0]],
               'Left Shoulder': [[1.0, 0.0, 0.0, 0.0],
                                 [0.0, 1.0, 0.0, 0.0],
                                 [0.0, 0.0, 1.0, 0.08000004291534424],
                                 [0.0, 0.0, 0.0, 1.0]],
               'Left Wing': [[1.0,
                              -2.9802322387695312e-08,
                              0.0,
                              -1.877546473849634e-08],
                             [2.9802322387695312e-08,
                              1.0,
                              0.0,
                              -1.93228704148396e-08],
                             [0.0, 0.0, 1.0, 0.0],
                             [0.0, 0.0, 0.0, 1.0]],
               'Mouth': [[1.0, 0.0, 0.0, 0.11999999731779099],
                         [0.0, 1.0, 0.0, -9.059747618778147e-09],
                         [0.0, 0.0, 1.0, 0.0009999275207519531],
                         [0.0, 0.0, 0.0, 1.0]],
               'NECK': [[1.0, 0.0, 0.0, 0.0],
                        [0.0, 1.0, 0.0, 0.0],
                        [0.0, 0.0, 1.0, 0.019999999552965164],
                        [0.0, 0.0, 0.0, 1.0]],
               'Neck': [[1.0, 0.0, 0.0, 0.0],
                        [0.0, 1.0, 0.0, 0.0],
                        [0.0, 0.0, 1.0, 0.0],
                        [0.0, 0.0, 0.0, 1.0]],
               'Nose': [[1.0, 0.0, 0.0, 0.10000000149011612],
                        [0.0, 1.0, 0.0, -7.549790126404332e-09],
                        [0.0, 0.0, 1.0, 0.04999995231628418],
                        [0.0, 0.0, 0.0, 1.0]],
               'PELVIS': [[1.0, 0.0, 0.0, -0.008333000354468822],
                          [0.0, 1.0, 0.0, 0.0],
                          [0.0, 0.0, 1.0, -0.019999999552965164],
                          [0.0, 0.0, 0.0, 1.0]],
               'Pelvis': [[1.0, 0.0, 0.0, 0.0],
                          [0.0, 1.0, 0.0, 0.0],
                          [0.0, 0.0, 1.0, -0.15000003576278687],
                          [0.0, 0.0, 0.0, 1.0]],
               'R Forearm': [[1.0, 0.0, 0.0, -1.1175870895385742e-08],
                             [0.0, 1.0, 0.0, -0.12000000476837158],
                             [0.0, 0.0, 1.0, 0.0],
                             [0.0, 0.0, 0.0, 1.0]],
               'R Lower Leg': [[1.0,
                                -7.105426934084528e-15,
                                -3.725403985299636e-09,
                                -0.04399999603629112],
                               [7.105426934084528e-15,
                                1.0,
                                -5.5673984845037994e-14,
                                -0.00700000673532486],
                               [3.725403985299636e-09,
                                5.5673984845037994e-14,
                                1.0,
                                -0.2619999945163727],
                               [0.0, 0.0, 0.0, 1.0]],
               'R Upper Arm': [[1.0, 0.0, 0.0, 0.009999988600611687],
                               [0.0, 1.0, 0.0, -0.1300000101327896],
                               [0.0, 0.0, 1.0, 0.009999990463256836],
                               [0.0, 0.0, 0.0, 1.0]],
               'R Upper Leg': [[1.0,
                                -2.86672685589906e-09,
                                -3.913079663984666e-16,
                                -0.016999995335936546],
                               [2.86672685589906e-09,
                                1.0,
                                -5.356923793442547e-09,
                                0.040999989956617355],
                               [4.0666483255086467e-16,
                                5.356923793442547e-09,
                                1.0,
                                -0.3100000023841858],
                               [0.0, 0.0, 0.0, 1.0]],
               'RIGHT_HANDLE': [[1.0, 0.0, 0.0, 0.0],
                                [0.0, 1.0, 0.0, -0.10000000149011612],
                                [0.0, 0.0, 1.0, 0.057999998331069946],
                                [0.0, 0.0, 0.0, 1.0]],
               'RIGHT_PEC': [[1.0, 0.0, 0.0, 0.11781000345945358],
                             [0.0, 1.0, 0.0, -0.07872000336647034],
                             [0.0, 0.0, 1.0, 0.041999999433755875],
                             [0.0, 0.0, 0.0, 1.0]],
               'R_CLAVICLE': [[1.0, 0.0, 0.0, 0.019999999552965164],
                              [0.0, 1.0, 0.0, 0.0],
                              [0.0, 0.0, 1.0, 0.019999999552965164],
                              [0.0, 0.0, 0.0, 1.0]],
               'R_FOOT': [[0.12802499532699585,
                           -2.2013852668382496e-15,
                           0.00868241023272276,
                           0.07700000703334808],
                          [2.5663965395238348e-15,
                           0.05000000819563866,
                           7.07928622678284e-15,
                           -2.2351745343485163e-08],
                          [-0.02257426828145981,
                           -6.800332442747107e-15,
                           0.04924039542675018,
                           -0.04100000113248825],
                          [0.0, 0.0, 0.0, 1.0]],
               'R_HAND': [[1.0, 0.0, 0.0, 0.009999999776482582],
                          [0.0, 1.0, 0.0, -0.05000000074505806],
                          [0.0, 0.0, 1.0, 0.0],
                          [0.0, 0.0, 0.0, 1.0]],
               'R_LOWER_ARM': [[1.0, 0.0, 0.0, 0.0],
                               [0.0, 1.0, 0.0, -0.11800000071525574],
                               [0.0, 0.0, 1.0, 0.0],
                               [0.0, 0.0, 0.0, 1.0]],
               'R_LOWER_LEG': [[1.0, 0.0, 0.0, -0.019999999552965164],
                               [0.0, 1.0, 0.0, 0.0],
                               [0.0, 0.0, 1.0, -0.20000000298023224],
                               [0.0, 0.0, 0.0, 1.0]],
               'R_UPPER_ARM': [[1.0, 0.0, 0.0, 0.0],
                               [0.0, 1.0, 0.0, -0.13439999520778656],
                               [0.0, 0.0, 1.0, 0.009999999776482582],
                               [0.0, 0.0, 0.0, 1.0]],
               'R_UPPER_LEG': [[1.0, 0.0, 0.0, -0.019999999552965164],
                               [0.0, 1.0, 0.0, 0.05000000074505806],
                               [0.0, 0.0, 1.0, -0.2199999988079071],
                               [0.0, 0.0, 0.0, 1.0]],
               'Right Ear': [[1.0, 0.0, 0.0, 0.014999994076788425],
                             [0.0, 1.0, 0.0, -0.07999999821186066],
                             [0.0, 0.0, 1.0, 0.01699995994567871],
                             [0.0, 0.0, 0.0, 1.0]],
               'Right Eyeball': [[1.0, 0.0, 0.0, 0.0],
                                 [0.0, 1.0, 0.0, 0.0],
                                 [0.0, 0.0, 1.0, 0.0],
                                 [0.0, 0.0, 0.0, 1.0]],
               'Right Foot': [[1.0,
                               5.684341886080802e-14,
                               -9.125398356548181e-20,
                               0.0],
                              [-5.684341886080802e-14,
                               1.0,
                               2.2737367544323206e-13,
                               6.661338147750939e-16],
                              [9.125399649017888e-20,
                               -2.2737367544323206e-13,
                               1.0,
                               9.114237142782144e-15],
                              [0.0, 0.0, 0.0, 1.0]],
               'Right Hand': [[1.0, 0.0, 0.0, -3.725290298461914e-09],
                              [0.0, 1.0, 0.0, -0.07999998331069946],
                              [0.0, 0.0, 1.0, -0.019999980926513672],
                              [0.0, 0.0, 0.0, 1.0]],
               'Right Hind Foot': [[1.0, 0.0, 0.0, 0.0],
                                   [0.0, 1.0, 0.0, 0.0],
                                   [0.0, 0.0, 1.0, 0.0],
                                   [0.0, 0.0, 0.0, 1.0]],
               'Right Hip': [[1.0,
                              -2.86672685589906e-09,
                              -3.913079663984666e-16,
                              3.692511851838276e-10],
                             [2.86672685589906e-09,
                              1.0,
                              -5.356923793442547e-09,
                              -5.399444003018061e-09],
                             [4.0666483255086467e-16,
                              5.356923793442547e-09,
                              1.0,
                              -6.900038318491397e-10],
                             [0.0, 0.0, 0.0, 1.0]],
               'Right Pec': [[1.0,
                              2.09548770735544e-24,
                              -7.450580596923828e-09,
                              0.10399999469518661],
                             [2.09548770735544e-24,
                              1.0,
                              5.625031982663521e-16,
                              -0.0820000097155571],
                             [7.450580596923828e-09,
                              -5.625031982663521e-16,
                              1.0,
                              0.24699997901916504],
                             [0.0, 0.0, 0.0, 1.0]],
               'Right Ring Finger': [[1.0,
                                      -3.259629366425543e-08,
                                      -5.587935447692871e-09,
                                      -0.0060000005178153515],
                                     [3.259629366425543e-08,
                                      1.0,
                                      3.725291186640334e-09,
                                      -0.018999990075826645],
                                     [5.587935447692871e-09,
                                      -3.725291186640334e-09,
                                      1.0,
                                      -0.0020000908989459276],
                                     [0.0, 0.0, 0.0, 1.0]],
               'Right Shoulder': [[1.0, 0.0, 0.0, 0.0],
                                  [0.0, 1.0, 0.0, 0.0],
                                  [0.0, 0.0, 1.0, 0.08000004291534424],
                                  [0.0, 0.0, 0.0, 1.0]],
               'Right Wing': [[1.0,
                               2.9802322387695312e-08,
                               0.0,
                               -1.877546118578266e-08],
