# Auto generated by Onigiri - Character Converter

rename = {
    "hip": "mPelvis",
    "lThigh": "mHipLeft",
    "rThigh": "mHipRight",
    "lShin": "mKneeLeft",
    "rShin": "mKneeRight",
    "lFoot": "mFootLeft",
    "rFoot": "mFootRight",
    "abdomen": "mTorso",
    "chest": "mChest",
    "neck": "mNeck",
    "head": "mHead",
    "leftEye": "mEyeLeft",
    "lCollar": "mCollarLeft",
    "lShldr": "mShoulderLeft",
    "lHand": "mWristLeft",
    "lThumb1": "mHandThumb1Left",
    "lThumb2": "mHandThumb2Left",
    "lMid1": "mHandMiddle1Left",
    "lMid2": "mHandMiddle2Left",
    "lRing1": "mHandRing1Left",
    "lRing2": "mHandRing2Left",
    "lPinky1": "mHandPinky2Left",
    "rCollar": "mCollarRight",
    "rShldr": "mShoulderRight",
    "rHand": "mWristRight",
    "rThumb1": "mHandThumb1Right",
    "rThumb2": "mHandThumb2Right",
    "rMid1": "mHandMiddle1Right",
    "rMid2": "mHandMiddle2Right",
    "rRing1": "mHandRing1Right",
    "rRing2": "mHandRing2Right",
    "rPinky1": "mHandPinky2Right",
    "rForeArm": "mElbowRight",
    "lForeArm": "mElbowLeft",
    "rightEye": "mEyeRight",
    }
reskin = {
    }
pose = {
    "hip": [(1.0, 0.0, 0.0, 17.24920082092285), (0.0, 1.0, 0.0, 82.98405456542969), (0.0, 0.0, 1.0, -19.814619064331055), (0.0, 0.0, 0.0, 1.0)],
    "abdomen": [(0.999556303024292, 0.029782798141241074, 0.0004312157689128071, 0.0), (-0.029782822355628014, 0.9995563626289368, 5.0067901611328125e-05, 0.0), (-0.0004295333055779338, -6.288851000135764e-05, 0.9999998807907104, 0.0), (0.0, 0.0, 0.0, 1.0)],
    "chest": [(0.999965250492096, 0.008332930505275726, 0.00019003958732355386, 0.0), (-0.00833292305469513, 0.999965250492096, -3.731251854333095e-05, 0.0), (-0.0001903439115267247, 3.5727636714000255e-05, 1.0, 0.0), (0.0, 0.0, 0.0, 1.0)],
    "neck": [(1.0, -4.423782229423523e-09, 2.3283064365386963e-10, 0.0), (4.423782229423523e-09, 1.0, -1.6007106751203537e-10, 0.0), (-2.3283064365386963e-10, 1.6007106751203537e-10, 1.0, 0.0), (0.0, 0.0, 0.0, 1.0)],
    "head": [(1.0, -4.6566123179658803e-10, 4.656612873077393e-10, 0.0), (4.6566123179658803e-10, 1.0, 1.210719347000122e-08, 0.0), (-4.656612873077393e-10, -1.210719347000122e-08, 1.0, 0.0), (0.0, 0.0, 0.0, 1.0)],
    "leftEye": [(1.0, 7.346839692639297e-40, -1.734723475976807e-18, 0.0), (0.0, 1.0, 4.235164736271502e-22, 0.0), (1.734723475976807e-18, -4.235164736271502e-22, 1.0, 0.0), (0.0, 0.0, 0.0, 1.0)],
    "rightEye": [(1.0, 0.0, 0.0, 0.0), (0.0, 1.0, 0.0, 0.0), (0.0, 0.0, 1.0, 0.0), (0.0, 0.0, 0.0, 1.0)],
    "rCollar": [(1.0, 7.450581485102248e-09, 3.725290742551124e-09, 0.0), (-7.450581485102248e-09, 1.0, -1.9721522630525295e-31, 0.0), (-3.725290742551124e-09, -2.7755582233073814e-17, 1.0, 0.0), (0.0, 0.0, 0.0, 1.0)],
    "rShldr": [(1.0, -1.7171262189918934e-09, 8.149073638108462e-10, 0.0), (1.7171262189918934e-09, 1.0, -2.1002620414652574e-26, 0.0), (-8.149073638108462e-10, 1.3992988424544104e-18, 1.0, 0.0), (0.0, 0.0, 0.0, 1.0)],
    "rForeArm": [(1.0, -9.313225746154785e-09, -3.725290298461914e-09, 0.0), (9.313225746154785e-09, 1.0, 1.862645149230957e-08, 0.0), (3.725290298461914e-09, -1.862645149230957e-08, 1.0, 0.0), (0.0, 0.0, 0.0, 1.0)],
    "rHand": [(1.0, 2.914335439641036e-16, 2.2351741790771484e-08, 0.0), (0.0, 1.0, -1.30385160446167e-08, 0.0), (-2.2351741790771484e-08, 1.30385160446167e-08, 1.0, 0.0), (0.0, 0.0, 0.0, 1.0)],
    "rThumb1": [(1.0, -1.4901161193847656e-08, -1.4901159417490817e-08, 0.0), (1.4901161193847656e-08, 1.0, 7.4505797087454084e-09, 0.0), (1.4901159417490817e-08, -7.4505797087454084e-09, 1.0, 0.0), (0.0, 0.0, 0.0, 1.0)],
    "rThumb2": [(1.0, 1.4901162970204496e-08, 1.4901161193847656e-08, 0.0), (-1.4901162970204496e-08, 1.0, 2.9802322387695312e-08, 0.0), (-1.4901161193847656e-08, -2.9802322387695312e-08, 1.0, 0.0), (0.0, 0.0, 0.0, 1.0)],
    "rIndex1": [(1.0, 7.450581485102248e-09, -3.725290076417309e-09, 0.0), (-7.450581485102248e-09, 1.0, 2.9802322387695312e-08, 0.0), (3.725290298461914e-09, -2.9802322387695312e-08, 1.0, 0.0), (0.0, 0.0, 0.0, 1.0)],
    "rIndex2": [(0.9920560717582703, -0.12561467289924622, 0.006764233112335205, 0.0), (0.1256146878004074, 0.986296534538269, -0.10695835202932358, 0.0), (0.006763998419046402, 0.10695836693048477, 0.9942404627799988, 0.0), (0.0, 0.0, 0.0, 1.0)],
    "rMid1": [(1.0, -1.862645149230957e-08, 2.7939673685750677e-08, 0.0), (1.862645149230957e-08, 1.0, -1.1175869119028903e-08, 0.0), (-2.7939673685750677e-08, 1.1175869119028903e-08, 1.0, 0.0), (0.0, 0.0, 0.0, 1.0)],
    "rMid2": [(0.9987542629241943, -0.04989714175462723, 0.00047870181151665747, 0.0), (0.04989714175462723, 0.9985702633857727, -0.019174326211214066, 0.0), (0.0004787264915648848, 0.019174326211214066, 0.9998160600662231, 0.0), (0.0, 0.0, 0.0, 1.0)],
    "rRing1": [(1.0, -9.553332347422838e-09, 0.0, 0.0), (9.553332347422838e-09, 1.0, -2.3283064365386963e-10, 0.0), (2.2243085194897927e-18, 2.3283064365386963e-10, 1.0, 0.0), (0.0, 0.0, 0.0, 1.0)],
    "rRing2": [(0.9839751124382019, -0.17830130457878113, 0.0012963152257725596, 0.0), (0.17830130457878113, 0.9838702082633972, -0.01442420482635498, 0.0), (0.0012964485213160515, 0.01442419271916151, 0.9998950958251953, 0.0), (0.0, 0.0, 0.0, 1.0)],
    "rPinky1": [(1.0, -1.4901161193847656e-08, 2.9802322387695312e-08, 0.0), (1.4901161193847656e-08, 1.0, 2.2351741790771484e-08, 0.0), (-2.9802322387695312e-08, -2.2351741790771484e-08, 1.0, 0.0), (0.0, 0.0, 0.0, 1.0)],
    "rPinky2": [(0.9993137121200562, -0.03704072907567024, -0.0003259740478824824, 0.0), (0.03704072907567024, 0.9991588592529297, 0.017593933269381523, 0.0), (-0.00032599223777651787, -0.017593933269381523, 0.9998451471328735, 0.0), (0.0, 0.0, 0.0, 1.0)],
    "lCollar": [(1.0, -7.450581485102248e-09, -3.725290742551124e-09, 0.0), (7.450581485102248e-09, 1.0, -1.9721522630525295e-31, 0.0), (3.725290742551124e-09, -2.7755582233073814e-17, 1.0, 0.0), (0.0, 0.0, 0.0, 1.0)],
    "lShldr": [(1.0, 1.7171262189918934e-09, -8.149073638108462e-10, 0.0), (-1.7171262189918934e-09, 1.0, -2.1002620414652574e-26, 0.0), (8.149073638108462e-10, 1.3992988424544104e-18, 1.0, 0.0), (0.0, 0.0, 0.0, 1.0)],
    "lForeArm": [(1.0, 9.313225746154785e-09, 3.725290298461914e-09, 0.0), (-9.313225746154785e-09, 1.0, 1.862645149230957e-08, 0.0), (-3.725290298461914e-09, -1.862645149230957e-08, 1.0, 0.0), (0.0, 0.0, 0.0, 1.0)],
    "lHand": [(1.0, -2.914335439641036e-16, -2.2351741790771484e-08, 0.0), (0.0, 1.0, -1.30385160446167e-08, 0.0), (2.2351741790771484e-08, 1.30385160446167e-08, 1.0, 0.0), (0.0, 0.0, 0.0, 1.0)],
    "lThumb1": [(1.0, 1.4901161193847656e-08, 1.4901159417490817e-08, 0.0), (-1.4901161193847656e-08, 1.0, 7.4505797087454084e-09, 0.0), (-1.4901159417490817e-08, -7.4505797087454084e-09, 1.0, 0.0), (0.0, 0.0, 0.0, 1.0)],
    "lThumb2": [(1.0, -1.4901162970204496e-08, -1.4901161193847656e-08, 0.0), (1.4901162970204496e-08, 1.0, 2.9802322387695312e-08, 0.0), (1.4901161193847656e-08, -2.9802322387695312e-08, 1.0, 0.0), (0.0, 0.0, 0.0, 1.0)],
    "lIndex1": [(1.0, -7.450581485102248e-09, 3.725290076417309e-09, 0.0), (7.450581485102248e-09, 1.0, 2.9802322387695312e-08, 0.0), (-3.725290298461914e-09, -2.9802322387695312e-08, 1.0, 0.0), (0.0, 0.0, 0.0, 1.0)],
    "lIndex2": [(0.9920560717582703, 0.12561467289924622, -0.006764233112335205, 0.0), (-0.1256146878004074, 0.986296534538269, -0.10695835202932358, 0.0), (-0.006763998419046402, 0.10695836693048477, 0.9942404627799988, 0.0), (0.0, 0.0, 0.0, 1.0)],
    "lMid1": [(1.0, 1.862645149230957e-08, -2.7939673685750677e-08, 0.0), (-1.862645149230957e-08, 1.0, -1.1175869119028903e-08, 0.0), (2.7939673685750677e-08, 1.1175869119028903e-08, 1.0, 0.0), (0.0, 0.0, 0.0, 1.0)],
    "lMid2": [(0.9987542629241943, 0.04989714175462723, -0.00047870181151665747, 0.0), (-0.04989714175462723, 0.9985702633857727, -0.019174326211214066, 0.0), (-0.0004787264915648848, 0.019174326211214066, 0.9998160600662231, 0.0), (0.0, 0.0, 0.0, 1.0)],
    "lRing1": [(1.0, 9.553332347422838e-09, 0.0, 0.0), (-9.553332347422838e-09, 1.0, -2.3283064365386963e-10, 0.0), (-2.2243085194897927e-18, 2.3283064365386963e-10, 1.0, 0.0), (0.0, 0.0, 0.0, 1.0)],
    "lRing2": [(0.9839751124382019, 0.17830130457878113, -0.0012963152257725596, 0.0), (-0.17830130457878113, 0.9838702082633972, -0.01442420482635498, 0.0), (-0.0012964485213160515, 0.01442419271916151, 0.9998950958251953, 0.0), (0.0, 0.0, 0.0, 1.0)],
    "lPinky1": [(1.0, 1.4901161193847656e-08, -2.9802322387695312e-08, 0.0), (-1.4901161193847656e-08, 1.0, 2.2351741790771484e-08, 0.0), (2.9802322387695312e-08, -2.2351741790771484e-08, 1.0, 0.0), (0.0, 0.0, 0.0, 1.0)],
    "lPinky2": [(0.9993137121200562, 0.03704072907567024, 0.0003259740478824824, 0.0), (-0.03704072907567024, 0.9991588592529297, 0.017593933269381523, 0.0), (0.00032599223777651787, -0.017593933269381523, 0.9998451471328735, 0.0), (0.0, 0.0, 0.0, 1.0)],
    "rButtock": [(1.0, -2.172170705095116e-18, 2.8038455255100104e-18, 0.0), (2.172170705095116e-18, 1.0, 2.9802322387695312e-08, 0.0), (-2.8038455255100104e-18, -2.9802322387695312e-08, 1.0, 0.0), (0.0, 0.0, 0.0, 1.0)],
    "rThigh": [(0.9998999834060669, -0.014125305227935314, -0.0006925856578163803, 0.0), (0.014140596613287926, 0.9993361234664917, 0.03357616811990738, 0.0), (0.0002178522845497355, -0.03358260169625282, 0.9994359016418457, 0.0), (0.0, 0.0, 0.0, 1.0)],
    "rShin": [(0.9999483227729797, 0.010128490626811981, 0.000892962678335607, 0.0), (-0.010153453797101974, 0.9993414282798767, 0.03483714908361435, 0.0), (-0.0005395269254222512, -0.03484441339969635, 0.9993926286697388, 0.0), (0.0, 0.0, 0.0, 1.0)],
    "rFoot": [(0.9998541474342346, -0.009138395078480244, -0.014427502639591694, 0.0), (0.00813382863998413, 0.9976375102996826, -0.06821440160274506, 0.0), (0.015016787685453892, 0.06808710098266602, 0.9975663423538208, 0.0), (0.0, 0.0, 0.0, 1.0)],
    "lButtock": [(1.0, 2.172170705095116e-18, -2.8038455255100104e-18, 0.0), (-2.172170705095116e-18, 1.0, 2.9802322387695312e-08, 0.0), (2.8038455255100104e-18, -2.9802322387695312e-08, 1.0, 0.0), (0.0, 0.0, 0.0, 1.0)],
    "lThigh": [(0.9994985461235046, -0.030810251832008362, -0.00730744656175375, 0.0), (0.03146198391914368, 0.9923736453056335, 0.11918321996927261, 0.0), (0.003579652402549982, -0.11935336142778397, 0.992845356464386, 0.0), (0.0, 0.0, 0.0, 1.0)],
    "lShin": [(0.9994426965713501, 0.03330066800117493, -0.002324919681996107, 0.0), (-0.033347729593515396, 0.9928577542304993, -0.11454856395721436, 0.0), (-0.0015062291640788317, 0.1145622581243515, 0.9934149384498596, 0.0), (0.0, 0.0, 0.0, 1.0)],
    "lFoot": [(0.9999599456787109, 0.0015318267978727818, 0.008819770999252796, 0.0), (-0.001540720579214394, 0.9999983310699463, 0.0010016867890954018, 0.0), (-0.008818221278488636, -0.001015235437080264, 0.9999606013298035, 0.0), (0.0, 0.0, 0.0, 1.0)],
    }
