# Preset data auto-generated by Bento Budddy

presets = {'apply_location': True,
 'apply_rotation': True,
 'apply_scale': True,
 'blank': False,
 'dae_apply_modifiers': False,
 'dae_deform_bones_only': True,
 'dae_include_animations': False,
 'dae_include_armatures': True,
 'dae_include_children': False,
 'dae_include_shapekeys': False,
 'dae_open_sim': True,
 'dae_selected': True,
 'dae_sort_by_name': True,
 'dae_triangulate': False,
 'dae_use_blender_profile': False,
 'dae_use_object_instantiation': False,
 'devkit_poll': 1,
 'devkit_state': False,
 'export_advanced': False,
 'export_apply_modifiers': False,
 'export_blank': False,
 'export_full_rig': False,
 'export_menu_enabled': True,
 'export_path_to_pelvis': False,
 'export_reset': False,
 'fix_broken_bones': False,
 'process_attachment_bones': False,
 'process_volume_bones': True,
 'remove_empty_groups': True,
 'rig_class_default': False,
 'rig_class_male_default': False,
 'rig_class_male_neutral': False,
 'rig_class_name': 'default',
 'rig_class_neutral': False,
 'rotate_for_sl': True,
 'use_app_compatible_data': True,
 'use_bind_data': False,
 'use_offset_location': False,
 'use_offset_rotation': False,
 'use_offset_scale': False,
 'use_rig_data': False,
 'use_sl_compatible_data': False,
 'volume_bone_location': True,
 'volume_bone_rotation': True,
 'volume_bone_scale': True}
matrices = {'bind_data': {'BELLY': [[9.713482856750488,
                          -0.0,
                          -1.3651419878005981,
                          1.3524930477142334],
                         [-0.0, 7.77953577041626, -0.0, -0.0],
                         [0.8236119747161865,
                          -0.0,
                          5.860302925109863,
                          -6.978752136230469],
                         [0.0, 0.0, 0.0, 1.0]],
               'BUTT': [[10.15230655670166, 0.0, 0.0, 0.550000011920929],
                        [-0.0, 9.319053649902344, 0.0, -0.0],
                        [0.0, -0.0, 9.803921699523926, -9.460931777954102],
                        [0.0, 0.0, 0.0, 1.0]],
               'CHEST': [[9.426138877868652,
                          -0.0,
                          1.6620819568634033,
                          -2.558790922164917],
                         [-0.0, 6.972898960113525, -0.0, -0.0],
                         [-0.8555399775505066,
                          -0.0,
                          4.8520097732543945,
                          -6.938921928405762],
                         [0.0, 0.0, 0.0, 1.0]],
               'HEAD': [[9.828003883361816, 0.0, 0.0, 0.05860200151801109],
                        [-0.0, 12.011982917785645, 0.0, -0.0],
                        [0.0, -0.0, 8.897777557373047, -15.695281982421875],
                        [0.0, 0.0, 0.0, 1.0]],
               'LEFT_HANDLE': [[20.304611206054688, 0.0, 0.0, -0.0],
                               [-0.0,
                                20.304588317871094,
                                0.0,
                                -2.115000009536743],
                               [0.0,
                                -0.0,
                                19.00238609313965,
                                -23.065387725830078],
                               [0.0, 0.0, 0.0, 1.0]],
               'LEFT_PEC': [[18.31406021118164,
                             -0.0,
                             -1.3738290071487427,
                             0.05245300009846687],
                            [-0.0,
                             18.592721939086914,
                             -0.0,
                             -1.229619026184082],
                            [1.4383469820022583,
                             -0.0,
                             19.17411994934082,
                             -27.100034713745117],
                            [0.0, 0.0, 0.0, 1.0]],
               'LOWER_BACK': [[10.575319290161133, 0.0, 0.0, 0.09375],
                              [-0.0, 7.576338768005371, 0.0, -0.0],
                              [0.0,
                               -0.0,
                               6.3341288566589355,
                               -7.455117225646973],
                              [0.0, 0.0, 0.0, 1.0]],
               'L_CLAVICLE': [[14.285717010498047,
                               -0.0,
                               0.0,
                               0.22381100058555603],
                              [-0.0,
                               8.537915229797363,
                               -0.5347679853439331,
                               0.15261800587177277],
                              [-0.0,
                               1.2758660316467285,
                               20.370031356811523,
                               -31.659727096557617],
                              [0.0, 0.0, 0.0, 1.0]],
               'L_FOOT': [[7.575459957122803,
                           0.021369999274611473,
                           -1.3355510234832764,
                           -0.5450170040130615],
                          [0.010716999880969524,
                           19.99578857421875,
                           0.3807370066642761,
                           -1.7982250452041626],
                          [3.472938060760498,
                           -0.3768340051174164,
                           19.69303321838379,
                           -1.2889829874038696],
                          [0.0, 0.0, 0.0, 1.0]],
               'L_HAND': [[19.685983657836914,
                           -2.9295780658721924,
                           1.9166170358657837,
                           -0.2159769982099533],
                          [2.1705479621887207,
                           10.259432792663574,
                           -6.61246919631958,
                           2.4546079635620117],
                          [-0.03954299911856651,
                           18.213253021240234,
                           28.245397567749023,
                           -46.72711944580078],
                          [0.0, 0.0, 0.0, 1.0]],
               'L_LOWER_ARM': [[26.54198455810547,
                                -3.000000106112566e-06,
                                1.9999999949504854e-06,
                                1.031633973121643],
                               [9.999999974752427e-07,
                                6.007019996643066,
                                -3.8717660903930664,
                                2.5107319355010986],
                               [0.0,
                                15.844672203063965,
                                24.582904815673828,
                                -40.41777038574219],
                               [0.0, 0.0, 0.0, 1.0]],
               'L_LOWER_LEG': [[16.55821990966797,
                                0.0,
                                0.0,
                                -0.21096600592136383],
                               [-0.0,
                                16.554731369018555,
                                0.315216988325119,
                                -1.480883002281189],
                               [0.0,
                                -0.07810399681329727,
                                4.101916790008545,
                                -1.4521150588989258],
                               [0.0, 0.0, 0.0, 1.0]],
               'L_UPPER_ARM': [[21.832918167114258,
                                -3.000000106112566e-06,
                                1.9999999949504854e-06,
                                0.7787079811096191],
                               [9.999999974752427e-07,
                                5.039507865905762,
                                -3.4955201148986816,
                                3.8351869583129883],
                               [0.0,
                                14.597248077392578,
                                21.044923782348633,
                                -34.82390594482422],
                               [0.0, 0.0, 0.0, 1.0]],
               'L_UPPER_LEG': [[10.966446876525879,
                                0.0,
                                0.0,
                                -0.14958900213241577],
                               [-0.0,
                                10.964136123657227,
                                0.20876699686050415,
                                -0.9806140065193176],
                               [0.0,
                                -0.06165099889039993,
                                3.2378358840942383,
                                -2.6247329711914062],
                               [0.0, 0.0, 0.0, 1.0]],
               'NECK': [[23.25494384765625, 0.0, 0.0, 0.5688809752464294],
                        [-0.0, 19.85363006591797, 0.0, -0.0],
                        [0.0, -0.0, 11.394719123840332, -18.68244171142578],
                        [0.0, 0.0, 0.0, 1.0]],
               'PELVIS': [[7.989546775817871,
                           -0.0,
                           -1.1228569746017456,
                           1.2356300354003906],
                          [-0.0, 5.8443708419799805, -0.0, -0.0],
                          [0.7818459868431091,
                           -0.0,
                           5.563125133514404,
                           -5.790491104125977],
                          [0.0, 0.0, 0.0, 1.0]],
               'RIGHT_HANDLE': [[20.304611206054688, 0.0, 0.0, -0.0],
                                [-0.0,
                                 20.304588317871094,
                                 0.0,
                                 2.115000009536743],
                                [0.0,
                                 -0.0,
                                 19.00238609313965,
                                 -23.065387725830078],
                                [0.0, 0.0, 0.0, 1.0]],
               'RIGHT_PEC': [[18.31406021118164,
                              -0.0,
                              -1.3738290071487427,
                              0.05245300009846687],
                             [-0.0,
                              18.592721939086914,
                              -0.0,
                              1.229619026184082],
                             [1.4383469820022583,
                              -0.0,
                              19.17411994934082,
                              -27.100034713745117],
                             [0.0, 0.0, 0.0, 1.0]],
               'R_CLAVICLE': [[14.285717010498047,
                               0.0,
                               0.0,
                               0.22381100058555603],
                              [-0.0,
                               8.537915229797363,
                               0.5347669720649719,
                               -0.1498440057039261],
                              [0.0,
                               -1.2758640050888062,
                               20.370031356811523,
                               -31.660139083862305],
                              [0.0, 0.0, 0.0, 1.0]],
               'R_FOOT': [[7.575459957122803,
                           -0.021369000896811485,
                           -1.3355510234832764,
                           -0.5449110269546509],
                          [-0.010719000361859798,
                           19.99578857421875,
                           -0.38073599338531494,
                           1.749148964881897],
                          [3.472938060760498,
                           0.3768329918384552,
                           19.69303321838379,
                           -1.2890440225601196],
                          [0.0, 0.0, 0.0, 1.0]],
               'R_HAND': [[19.68598175048828,
                           2.9295780658721924,
                           1.9166170358657837,
                           -0.213251993060112],
                          [-2.1705479621887207,
                           10.259428977966309,
                           6.61246919631958,
                           -2.4450759887695312],
                          [-0.03954299911856651,
                           -18.2132568359375,
                           28.245393753051758,
                           -46.73997497558594],
                          [0.0, 0.0, 0.0, 1.0]],
               'R_LOWER_ARM': [[26.54198455810547,
                                -3.000000106112566e-06,
                                -1.9999999949504854e-06,
                                1.0316359996795654],
                               [9.999999974752427e-07,
                                6.00701904296875,
                                3.871767044067383,
                                -2.5062389373779297],
                               [-0.0,
                                -15.84467601776123,
                                24.582902908325195,
                                -40.4286994934082],
                               [0.0, 0.0, 0.0, 1.0]],
               'R_LOWER_LEG': [[16.55821990966797,
                                -0.0,
                                0.0,
                                -0.21046899259090424],
                               [-0.0,
                                16.554731369018555,
                                -0.31521499156951904,
                                1.4626580476760864],
                               [-0.0,
                                0.07810399681329727,
                                4.101916790008545,
                                -1.4521130323410034],
                               [0.0, 0.0, 0.0, 1.0]],
               'R_UPPER_ARM': [[21.832918167114258,
                                -3.000000106112566e-06,
                                -1.9999999949504854e-06,
                                0.7787119746208191],
                               [9.999999974752427e-07,
                                5.039506912231445,
                                3.4955201148986816,
                                -3.831423044204712],
                               [-0.0,
                                -14.597250938415527,
                                21.044921875,
                                -34.834014892578125],
                               [0.0, 0.0, 0.0, 1.0]],
               'R_UPPER_LEG': [[10.966446876525879,
                                -0.0,
                                0.0,
                                -0.14810900390148163],
                               [-0.0,
                                10.964136123657227,
                                -0.20876599848270416,
                                1.001507043838501],
                               [-0.0,
                                0.06165099889039993,
                                3.2378358840942383,
                                -2.62432599067688],
                               [0.0, 0.0, 0.0, 1.0]],
               'UPPER_BACK': [[11.992591857910156,
                               0.0,
                               0.0,
                               0.23447799682617188],
                              [-0.0, 8.062413215637207, 0.0, -0.0],
                              [0.0,
                               -0.0,
                               6.717023849487305,
                               -9.304926872253418],
                              [0.0, 0.0, 0.0, 1.0]],
               'mAnkleLeft': [[1.0000009536743164,
                               0.0,
                               0.0,
                               -0.004015000071376562],
                              [-0.0,
                               0.9997900128364563,
                               0.019037000834941864,
                               -0.08999200165271759],
                              [0.0,
                               -0.019037999212741852,
                               0.9998430013656616,
                               -0.09216800332069397],
                              [0.0, 0.0, 0.0, 1.0]],
               'mAnkleRight': [[1.0000009536743164,
                                -0.0,
                                0.0,
                                -0.004000999964773655],
                               [-0.0,
                                0.9997900128364563,
                                -0.019037000834941864,
                                0.08753900229930878],
                               [-0.0,
                                0.019037999212741852,
                                0.9998430013656616,
                                -0.09217199683189392],
                               [0.0, 0.0, 0.0, 1.0]],
               'mChest': [[1.0193699598312378, 0.0, 0.0, 0.015430999919772148],
                          [-0.0, 1.0319889783859253, 0.0, -0.0],
                          [0.0, -0.0, 1.0075600147247314, -1.3787399530410767],
                          [0.0, 0.0, 0.0, 1.0]],
               'mCollarLeft': [[1.0, -0.0, 0.0, 0.035666998475790024],
                               [-0.0,
                                1.028818964958191,
                                -0.06443999707698822,
                                0.01834000088274479],
                               [-0.0,
                                0.06251700222492218,
                                0.9981309771537781,
                                -1.5345829725265503],
                               [0.0, 0.0, 0.0, 1.0]],
               'mCollarRight': [[1.0, 0.0, 0.0, 0.035666998475790024],
                                [-0.0,
                                 1.028818964958191,
                                 0.06443899869918823,
                                 -0.018007000908255577],
                                [0.0,
                                 -0.06251700222492218,
                                 0.9981309771537781,
                                 -1.5346029996871948],
                                [0.0, 0.0, 0.0, 1.0]],
               'mElbowLeft': [[1.0152310132980347,
                               -0.0,
                               0.0,
                               0.03621000051498413],
                              [-0.0,
                               0.8686439990997314,
                               -0.4990899860858917,
                               0.38091298937797546],
                              [-0.0,
                               0.5092740058898926,
                               0.8863670229911804,
                               -1.4313340187072754],
                              [0.0, 0.0, 0.0, 1.0]],
               'mElbowRight': [[1.0152310132980347,
                                0.0,
                                0.0,
                                0.03621000051498413],
                               [-0.0,
                                0.8686439990997314,
                                0.4990909993648529,
                                -0.380266010761261],
                               [0.0,
                                -0.5092740058898926,
                                0.8863670229911804,
                                -1.4316829442977905],
                               [0.0, 0.0, 0.0, 1.0]],
               'mEyeLeft': [[1.0810810327529907,
                             0.0,
                             0.0,
                             -0.07201500236988068],
                            [-0.0,
                             1.0810790061950684,
                             0.0,
                             -0.039000000804662704],
                            [0.0,
                             -0.0,
                             1.0810799598693848,
                             -1.9174809455871582],
                            [0.0, 0.0, 0.0, 1.0]],
               'mEyeRight': [[1.0810810327529907,
                              0.0,
                              0.0,
                              -0.07202000170946121],
                             [-0.0,
                              1.0810790061950684,
                              0.0,
                              0.039000000804662704],
                             [0.0,
                              -0.0,
                              1.0810799598693848,
                              -1.9174809455871582],
                             [0.0, 0.0, 0.0, 1.0]],
               'mFootLeft': [[1.0000009536743164,
                              0.0,
                              0.0,
                              -0.11597099900245667],
                             [-0.0,
                              0.9997900128364563,
                              0.019037000834941864,
                              -0.08980800211429596],
                             [0.0,
                              -0.019037999212741852,
                              0.9998430013656616,
                              -0.03154800087213516],
                             [0.0, 0.0, 0.0, 1.0]],
               'mFootRight': [[1.0000009536743164,
                               -0.0,
                               0.0,
                               -0.11595699936151505],
                              [-0.0,
                               0.9997900128364563,
                               -0.019037000834941864,
                               0.08735399693250656],
                              [-0.0,
                               0.019037999212741852,
                               0.9998430013656616,
                               -0.03153499960899353],
                              [0.0, 0.0, 0.0, 1.0]],
               'mHead': [[1.0810810327529907, 0.0, 0.0, 0.02644599974155426],
                         [-0.0, 1.0810790061950684, 0.0, -0.0],
                         [0.0, -0.0, 1.0810799598693848, -1.8384809494018555],
                         [0.0, 0.0, 0.0, 1.0]],
               'mHipLeft': [[1.0198899507522583,
                             0.0,
                             0.0,
                             -0.03391199931502342],
                            [-0.0,
                             1.0196759700775146,
                             0.019416000694036484,
                             -0.1388549953699112],
                            [0.0,
                             -0.019727999344468117,
                             1.0361069440841675,
                             -1.0599119663238525],
                            [0.0, 0.0, 0.0, 1.0]],
               'mHipRight': [[1.0198899507522583,
                              -0.0,
                              0.0,
                              -0.0337739996612072],
                             [-0.0,
                              1.0196759700775146,
                              -0.019415000453591347,
                              0.14079900085926056],
                             [-0.0,
                              0.019727999344468117,
                              1.0361069440841675,
                              -1.0597840547561646],
                             [0.0, 0.0, 0.0, 1.0]],
               'mKneeLeft': [[1.0183299779891968,
                              0.0,
                              0.0,
                              -0.0329740010201931],
                             [-0.0,
                              1.0181159973144531,
                              0.01938600093126297,
                              -0.09167800098657608],
                             [0.0,
                              -0.019525999203324318,
                              1.0254789590835571,
                              -0.5630279779434204],
                             [0.0, 0.0, 0.0, 1.0]],
               'mKneeRight': [[1.0183299779891968,
                               -0.0,
                               0.0,
                               -0.032944001257419586],
                              [-0.0,
                               1.0181159973144531,
                               -0.01938600093126297,
                               0.09055700153112411],
                              [-0.0,
                               0.019525999203324318,
                               1.0254789590835571,
                               -0.563027024269104],
                              [0.0, 0.0, 0.0, 1.0]],
               'mNeck': [[1.2150709629058838, 0.0, 0.0, 0.0297240000218153],
                         [-0.0, 1.2209980487823486, 0.0, -0.0],
                         [0.0, -0.0, 0.9115779995918274, -1.4745910167694092],
                         [0.0, 0.0, 0.0, 1.0]],
               'mPelvis': [[1.0152310132980347, 0.0, 0.0, -0.0],
                           [-0.0, 1.0695199966430664, 0.0, -0.0],
                           [0.0, -0.0, 0.9803919792175293, -1.046090006828308],
                           [0.0, 0.0, 0.0, 1.0]],
               'mShoulderLeft': [[1.0152310132980347,
                                  -0.0,
                                  0.0,
                                  0.03621000051498413],
                                 [-0.0,
                                  0.8712859749794006,
                                  -0.5006089806556702,
                                  0.6300690174102783],
                                 [-0.0,
                                  0.5092740058898926,
                                  0.8863670229911804,
                                  -1.4329220056533813],
                                 [0.0, 0.0, 0.0, 1.0]],
               'mShoulderRight': [[1.0152310132980347,
                                   0.0,
                                   0.0,
                                   0.03621000051498413],
                                  [-0.0,
                                   0.8712859749794006,
                                   0.5006089806556702,
                                   -0.6294209957122803],
                                  [0.0,
                                   -0.5092740058898926,
                                   0.8863670229911804,
                                   -1.433271050453186],
                                  [0.0, 0.0, 0.0, 1.0]],
               'mToeLeft': [[1.0000009536743164,
                             0.0,
                             0.0,
                             -0.22135800123214722],
                            [-0.0,
                             0.9997900128364563,
                             0.019037000834941864,
                             -0.09808100014925003],
                            [0.0,
                             -0.019037999212741852,
                             0.9998430013656616,
                             -0.03241899982094765],
                            [0.0, 0.0, 0.0, 1.0]],
               'mToeRight': [[1.0000009536743164,
                              -0.0,
                              0.0,
                              -0.22135700285434723],
                             [-0.0,
                              0.9997900128364563,
                              -0.019037000834941864,
                              0.09776200354099274],
                             [-0.0,
                              0.019037999212741852,
                              0.9998430013656616,
                              -0.03143100067973137],
                             [0.0, 0.0, 0.0, 1.0]],
               'mTorso': [[1.0152310132980347, 0.0, 0.0, -0.0],
                          [-0.0, 1.0152289867401123, 0.0, -0.0],
                          [0.0, -0.0, 0.9501190185546875, -1.0952709913253784],
                          [0.0, 0.0, 0.0, 1.0]],
               'mWristLeft': [[1.0000009536743164,
                               -0.0,
                               0.0,
                               0.035666998475790024],
                              [-0.0,
                               0.8608270287513733,
                               -0.49459999799728394,
                               0.17448699474334717],
                              [-0.0,
                               0.5016340017318726,
                               0.873071014881134,
                               -1.408566951751709],
                              [0.0, 0.0, 0.0, 1.0]],
               'mWristRight': [[1.0000009536743164,
                                0.0,
                                0.0,
                                0.035666998475790024],
                               [-0.0,
                                0.8608270287513733,
                                0.49459999799728394,
                                -0.17369399964809418],
                               [0.0,
                                -0.5016340017318726,
                                0.873071014881134,
                                -1.4089100360870361],
                               [0.0, 0.0, 0.0, 1.0]]},
 'bind_shape': [[1.0, -0.0, 0.0, 0.0],
                [0.0, 1.0, -0.0, 0.0],
                [0.0, 0.0, 1.0, 0.0],
                [0.0, 0.0, 0.0, 1.0]],
 'bone_data': {'Alt Left Ear': [[1.0,
                                 2.2351738238057806e-08,
                                 -2.2351741790771484e-08,
                                 8.184564137536654e-13],
                                [-2.2351738238057806e-08,
                                 1.0,
                                 7.450583261459087e-09,
                                 -2.0166597280990572e-09],
                                [2.2351741790771484e-08,
                                 -7.450581485102248e-09,
                                 1.0,
                                 -5.932523361451558e-10],
                                [0.0, 0.0, 0.0, 1.0]],
               'Alt Left Eye': [[1.0, 0.0, 0.0, 0.0],
                                [0.0, 1.0, 0.0, 0.0],
                                [0.0, 0.0, 1.0, 0.0],
                                [0.0, 0.0, 0.0, 1.0]],
               'Alt Right Ear': [[1.0,
                                  -2.2351741790771484e-08,
                                  -2.2351741790771484e-08,
                                  8.187894806610529e-13],
                                 [2.2351741790771484e-08,
                                  1.0,
                                  -7.450578820566989e-09,
                                  2.016666389437205e-09],
                                 [2.2351741790771484e-08,
                                  7.450578820566989e-09,
                                  1.0,
                                  -5.932523361451558e-10],
                                 [0.0, 0.0, 0.0, 1.0]],
               'Alt Right Eye': [[1.0, 0.0, 0.0, 0.0],
                                 [0.0, 1.0, 0.0, 0.0],
                                 [0.0, 0.0, 1.0, 0.0],
                                 [0.0, 0.0, 0.0, 1.0]],
               'Avatar Center': [[1.0, 0.0, 0.0, 0.0],
                                 [0.0, 1.0, 0.0, 0.0],
                                 [0.0, 0.0, 1.0, 0.0],
                                 [0.0, 0.0, 0.0, 1.0]],
               'BELLY': [[0.10249300301074982,
                          0.0,
                          0.020958999171853065,
                          0.02800000086426735],
                         [0.0, 0.13050000369548798, 0.0, 0.0],
                         [-0.013481000438332558,
                          0.0,
                          0.1593479961156845,
                          0.03249799832701683],
                         [0.0, 0.0, 0.0, 1.0]],
               'BUTT': [[0.10000000149011612, 0.0, 0.0, -0.054999999701976776],
                        [0.0, 0.11476700007915497, 0.0, 0.0],
                        [0.0, 0.0, 0.10000000149011612, -0.09999699890613556],
                        [0.0, 0.0, 0.0, 1.0]],
               'CHEST': [[0.10488200187683105,
                          0.0,
                          -0.035124000161886215,
                          0.03450100123882294],
                         [0.0, 0.14800000190734863, 0.0, 0.0],
                         [0.018278999254107475,
                          0.0,
                          0.20153500139713287,
                          0.06550800055265427],
                         [0.0, 0.0, 0.0, 1.0]],
               'Chest': [[3.7252920748187535e-09,
                          -1.0,
                          -4.371138828673793e-08,
                          0.15000000596046448],
                         [-4.371138828673793e-08,
                          -4.371138828673793e-08,
                          1.0,
                          -1.1324686965963338e-08],
                         [-1.0,
                          -3.725290298461914e-09,
                          -4.371138828673793e-08,
                          -0.10000002384185791],
                         [0.0, 0.0, 0.0, 1.0]],
               'Chin': [[1.0, 0.0, 0.0, 0.11999999731779099],
                        [0.0, 1.0, 0.0, -9.059747618778147e-09],
                        [0.0, 0.0, 1.0, -0.039999961853027344],
                        [0.0, 0.0, 0.0, 1.0]],
               'Groin': [[1.0,
                          1.30967981709715e-25,
                          1.862645149230957e-09,
                          1.8067937146426516e-09],
                         [1.30967981709715e-25,
                          1.0,
                          -1.4062579956658803e-16,
                          -1.3640913720625812e-16],
                         [-1.862645149230957e-09,
                          1.4062579956658803e-16,
                          1.0,
                          -1.1920930909070648e-10],
                         [0.0, 0.0, 0.0, 1.0]],
               'HEAD': [[0.10999999940395355, 0.0, 0.0, 0.019999999552965164],
                        [0.0, 0.09000000357627869, 0.0, 0.0],
                        [0.0, 0.0, 0.12150000035762787, 0.06849599629640579],
                        [0.0, 0.0, 0.0, 1.0]],
               'Jaw': [[1.0,
                        3.352780331768704e-23,
                        2.9802322387695312e-08,
                        -5.5919713304319885e-12],
                       [3.352780331768704e-23,
                        1.0,
                        -2.2500127930654085e-15,
                        -2.5173819192397806e-18],
                       [-2.9802322387695312e-08,
                        2.2500127930654085e-15,
                        1.0,
                        2.6077140447000602e-11],
                       [0.0, 0.0, 0.0, 1.0]],
               'L Forearm': [[1.0, 0.0, 0.0, 1.1175870895385742e-08],
                             [0.0, 1.0, 0.0, 0.11300000548362732],
                             [0.0, 0.0, 1.0, 0.0],
                             [0.0, 0.0, 0.0, 1.0]],
               'L Lower Leg': [[1.0,
                                -1.9839327286140268e-19,
                                -4.958087274076206e-09,
                                -0.04399999976158142],
                               [-1.9840971307607717e-19,
                                1.0,
                                -8.003146756419e-11,
                                -0.006999999284744263],
                               [4.958087274076206e-09,
                                8.003146756419e-11,
                                1.0,
                                -0.26100003719329834],
                               [0.0, 0.0, 0.0, 1.0]],
               'L Upper Arm': [[1.0, 0.0, 0.0, 0.010000012814998627],
                               [0.0, 1.0, 0.0, 0.15000000596046448],
                               [0.0, 0.0, 1.0, -0.009999990463256836],
                               [0.0, 0.0, 0.0, 1.0]],
               'L Upper Leg': [[1.0,
                                -1.899024937301874e-09,
                                1.746234684629755e-10,
                                -0.01900000497698784],
                               [1.899024937301874e-09,
                                1.0,
                                6.56643805996282e-09,
                                -0.03399999067187309],
                               [-1.746234962185511e-10,
                                -6.56643805996282e-09,
                                1.0,
                                -0.309999942779541],
                               [0.0, 0.0, 0.0, 1.0]],
               'LEFT_HANDLE': [[0.05000000074505806, 0.0, 0.0, 0.0],
                               [0.0,
                                0.05000000074505806,
                                0.0,
                                0.10575000196695328],
                               [0.0,
                                0.0,
                                0.05000000074505806,
                                0.05799899995326996],
                               [0.0, 0.0, 0.0, 1.0]],
               'LEFT_PEC': [[0.05534899979829788,
                             0.0,
                             0.003874999936670065,
                             0.11999999731779099],
                            [0.0,
                             0.05550500005483627,
                             0.0,
                             0.06825000047683716],
                            [-0.004104000050574541,
                             0.0,
                             0.052260998636484146,
                             0.03755699843168259],
                            [0.0, 0.0, 0.0, 1.0]],
               'LOWER_BACK': [[0.09600000083446503,
                               0.0,
                               0.0,
                               -0.008999999612569809],
                              [0.0, 0.1340000033378601, 0.0, 0.0],
                              [0.0,
                               0.0,
                               0.15000000596046448,
                               0.022996999323368073],
                              [0.0, 0.0, 0.0, 1.0]],
               'L_CLAVICLE': [[0.07000000029802322,
                               0.0,
                               0.0,
                               0.019999999552965164],
                              [0.0, 0.12049999833106995, 0.0, -0.0],
                              [0.0,
                               0.0,
                               0.04899999871850014,
                               0.01674400083720684],
                              [0.0, 0.0, 0.0, 1.0]],
               'L_FOOT': [[0.12802499532699585,
                           -0.0,
                           0.008682000450789928,
                           0.07699999958276749],
                          [0.0, 0.05000000074505806, 0.0, 0.0],
                          [-0.02257400006055832,
                           -0.0,
                           0.049240000545978546,
                           -0.04100099951028824],
                          [0.0, 0.0, 0.0, 1.0]],
               'L_HAND': [[0.049240000545978546,
                           0.01389199960976839,
                           0.0,
                           0.009999999776482582],
                          [-0.00867099966853857,
                           0.07867699861526489,
                           0.0015699999639764428,
                           0.05000099912285805],
                          [0.00045399999362416565,
                           -0.0041229999624192715,
                           0.029959000647068024,
                           -4.999999873689376e-06],
                          [0.0, 0.0, 0.0, 1.0]],
               'L_LOWER_ARM': [[0.03824999928474426,
                                0.0,
                                0.0,
                                -0.0032500000670552254],
                               [-0.0,
                                0.13980799913406372,
                                0.00184299994725734,
                                0.09999900311231613],
                               [0.0,
                                -0.00737100001424551,
                                0.034949999302625656,
