# Preset data auto-generated by Bento Budddy

presets = {'apply_location': True,
 'apply_rotation': True,
 'apply_scale': True,
 'blank': False,
 'dae_apply_modifiers': False,
 'dae_deform_bones_only': True,
 'dae_include_animations': False,
 'dae_include_armatures': True,
 'dae_include_children': False,
 'dae_include_shapekeys': False,
 'dae_open_sim': True,
 'dae_selected': True,
 'dae_sort_by_name': True,
 'dae_triangulate': False,
 'dae_use_blender_profile': False,
 'dae_use_object_instantiation': False,
 'devkit_poll': 1,
 'devkit_state': False,
 'export_advanced': False,
 'export_apply_modifiers': False,
 'export_blank': False,
 'export_full_rig': False,
 'export_menu_enabled': True,
 'export_path_to_pelvis': False,
 'export_reset': False,
 'fix_broken_bones': False,
 'process_attachment_bones': False,
 'process_volume_bones': True,
 'remove_empty_groups': True,
 'rig_class_default': False,
 'rig_class_male_default': False,
 'rig_class_male_neutral': False,
 'rig_class_name': 'default',
 'rig_class_neutral': False,
 'rotate_for_sl': True,
 'use_app_compatible_data': True,
 'use_bind_data': False,
 'use_offset_location': False,
 'use_offset_rotation': False,
 'use_offset_scale': False,
 'use_rig_data': False,
 'use_sl_compatible_data': False,
 'volume_bone_location': True,
 'volume_bone_rotation': True,
 'volume_bone_scale': True}
matrices = {'bind_data': {'BELLY': [[11.003000259399414,
                          0.0,
                          -1.546370029449463,
                          1.5337799787521362],
                         [0.0, 7.692309856414795, 0.0, 0.0],
                         [0.9278209805488586,
                          0.0,
                          6.601789951324463,
                          -7.889289855957031],
                         [0.0, 0.0, 0.0, 1.0]],
               'BUTT': [[10.0, 0.0, 0.0, 0.6000000238418579],
                        [0.0, 10.0, 0.0, 0.0],
                        [0.0, 0.0, 10.0, -9.670149803161621],
                        [0.0, 0.0, 0.0, 1.0]],
               'CHEST': [[8.952799797058105,
                          0.0,
                          1.5786199569702148,
                          -2.364150047302246],
                         [0.0, 6.666669845581055, 0.0, 0.0],
                         [-0.868241012096405,
                          0.0,
                          4.924039840698242,
                          -7.010540008544922],
                         [0.0, 0.0, 0.0, 1.0]],
               'LEFT_PEC': [[19.944000244140625,
                             0.0,
                             -1.496090054512024,
                             0.024653999134898186],
                            [0.0, 20.0, 0.0, -1.6399999856948853],
                            [1.496090054512024,
                             0.0,
                             19.944000244140625,
                             -28.035999298095703],
                            [0.0, 0.0, 0.0, 1.0]],
               'LOWER_BACK': [[11.111100196838379, 0.0, 0.0, 0.0],
                              [0.0, 7.692309856414795, 0.0, 0.0],
                              [0.0, 0.0, 6.666669845581055, -7.827250003814697],
                              [0.0, 0.0, 0.0, 1.0]],
               'L_CLAVICLE': [[14.285699844360352,
                               0.0,
                               0.0,
                               0.23278599977493286],
                              [0.0, 7.142859935760498, 0.0, -0.607142984867096],
                              [0.0, 0.0, 20.0, -30.827199935913086],
                              [0.0, 0.0, 0.0, 1.0]],
               'L_FOOT': [[7.5754499435424805,
                           0.0,
                           -1.3357599973678589,
                           -0.5794000029563904],
                          [0.0, 20.0, 0.0, -1.6514999866485596],
                          [3.4729599952697754,
                           0.0,
                           19.696199417114258,
                           -0.7838000059127808],
                          [0.0, 0.0, 0.0, 1.0]],
               'L_HAND': [[19.68910026550293,
                           -2.495229959487915,
                           2.472140073776245,
                           -1.0763700008392334],
                          [2.19173002243042,
                           8.225580215454102,
                           -9.153470039367676,
                           6.448780059814453],
                          [0.33403000235557556,
                           24.752300262451172,
                           22.32309913635254,
                           -38.886600494384766],
                          [0.0, 0.0, 0.0, 1.0]],
               'L_LOWER_ARM': [[24.999900817871094,
                                -0.05000000074505806,
                                0.02071000076830387,
                                0.8964859843254089],
                               [0.013956000097095966,
                                4.779489994049072,
                                -5.308169841766357,
                                4.808010101318359],
                               [0.023298999294638634,
                                18.57859992980957,
                                16.728300094604492,
                                -28.958900451660156],
                               [0.0, 0.0, 0.0, 1.0]],
               'L_LOWER_LEG': [[16.66670036315918,
                                0.0,
                                0.0,
                                -0.21449999511241913],
                               [0.0,
                                16.66670036315918,
                                0.0,
                                -1.353279948234558],
                               [0.0, 0.0, 4.0, -1.339859962463379],
                               [0.0, 0.0, 0.0, 1.0]],
               'L_UPPER_ARM': [[20.0,
                                9.999999974752427e-07,
                                -0.0,
                                0.7258999943733215],
                               [-0.0,
                                3.781100034713745,
                                -4.506140232086182,
                                5.535719871520996],
                               [-0.0,
                                15.320899963378906,
                                12.855799674987793,
                                -22.485700607299805],
                               [0.0, 0.0, 0.0, 1.0]],
               'L_UPPER_LEG': [[11.111100196838379,
                                0.0,
                                0.0,
                                -0.1528560072183609],
                               [0.0,
                                11.111100196838379,
                                0.0,
                                -0.852944016456604],
                               [0.0, 0.0, 3.125, -2.5188000202178955],
                               [0.0, 0.0, 0.0, 1.0]],
               'NECK': [[20.0, 0.0, 0.0, 0.4975000023841858],
                        [0.0, 16.66670036315918, 0.0, 0.0],
                        [0.0, 0.0, 12.5, -20.33839988708496],
                        [0.0, 0.0, 0.0, 1.0]],
               'PELVIS': [[8.252229690551758,
                           0.0,
                           -1.1597800254821777,
                           1.2968300580978394],
                          [0.0, 6.25, 0.0, 0.0],
                          [0.8186650276184082,
                           0.0,
                           5.825109958648682,
                           -6.090789794921875],
                          [0.0, 0.0, 0.0, 1.0]],
               'RIGHT_PEC': [[19.944000244140625,
                              0.0,
                              -1.496090054512024,
                              0.024653999134898186],
                             [0.0, 20.0, 0.0, 1.6399999856948853],
                             [1.496090054512024,
                              0.0,
                              19.944000244140625,
                              -28.035999298095703],
                             [0.0, 0.0, 0.0, 1.0]],
               'R_CLAVICLE': [[14.285699844360352,
                               0.0,
                               0.0,
                               0.23278599977493286],
                              [0.0, 7.142859935760498, 0.0, 0.607142984867096],
                              [0.0, 0.0, 20.0, -30.827199935913086],
                              [0.0, 0.0, 0.0, 1.0]],
               'R_FOOT': [[7.5754499435424805,
                           0.0,
                           -1.3357599973678589,
                           -0.5794000029563904],
                          [0.0, 20.0, 0.0, 1.6514999866485596],
                          [3.4729599952697754,
                           0.0,
                           19.696199417114258,
                           -0.7838000059127808],
                          [0.0, 0.0, 0.0, 1.0]],
               'R_HAND': [[19.689199447631836,
                           2.495150089263916,
                           2.4720699787139893,
                           -1.0763399600982666],
                          [-2.1916699409484863,
                           8.225680351257324,
                           9.153400421142578,
                           -6.448639869689941],
                          [0.3339489996433258,
                           -24.752099990844727,
                           22.323400497436523,
                           -38.88679885864258],
                          [0.0, 0.0, 0.0, 1.0]],
               'R_LOWER_ARM': [[24.999900817871094,
                                0.05000000074505806,
                                0.02071099914610386,
                                0.8964859843254089],
                               [-0.013956000097095966,
                                4.779489994049072,
                                5.308169841766357,
                                -4.808010101318359],
                               [0.023298999294638634,
                                -18.57859992980957,
                                16.728300094604492,
                                -28.958900451660156],
                               [0.0, 0.0, 0.0, 1.0]],
               'R_LOWER_LEG': [[16.66670036315918,
                                0.0,
                                0.0,
                                -0.21449999511241913],
                               [0.0, 16.66670036315918, 0.0, 1.353279948234558],
                               [0.0, 0.0, 4.0, -1.339859962463379],
                               [0.0, 0.0, 0.0, 1.0]],
               'R_UPPER_ARM': [[20.0, -0.0, -0.0, 0.7258999943733215],
                               [0.0,
                                3.781100034713745,
                                4.506140232086182,
                                -5.535719871520996],
                               [-0.0,
                                -15.320899963378906,
                                12.855799674987793,
                                -22.485700607299805],
                               [0.0, 0.0, 0.0, 1.0]],
               'R_UPPER_LEG': [[11.111100196838379,
                                0.0,
                                0.0,
                                -0.1528560072183609],
                               [0.0,
                                11.111100196838379,
                                0.0,
                                0.852944016456604],
                               [0.0, 0.0, 3.125, -2.5188000202178955],
                               [0.0, 0.0, 0.0, 1.0]],
               'UPPER_BACK': [[11.111100196838379, 0.0, 0.0, 0.170755997300148],
                              [0.0, 7.692309856414795, 0.0, 0.0],
                              [0.0, 0.0, 6.666669845581055, -9.15310001373291],
                              [0.0, 0.0, 0.0, 1.0]],
               'mAnkleLeft': [[1.0, 0.0, 0.0, -0.003982999827712774],
                              [0.0, 1.0, 0.0, -0.0825750008225441],
                              [0.0, 0.0, 1.0, -0.0665149986743927],
                              [0.0, 0.0, 0.0, 1.0]],
               'mAnkleRight': [[1.0, 0.0, 0.0, -0.003982999827712774],
                               [0.0, 1.0, 0.0, 0.0825750008225441],
                               [0.0, 0.0, 1.0, -0.0665149986743927],
                               [0.0, 0.0, 0.0, 1.0]],
               'mChest': [[1.0, 0.0, 0.0, 0.01536799967288971],
                          [0.0, 1.0, 0.0, 0.0],
                          [0.0, 0.0, 1.0, -1.355970025062561],
                          [0.0, 0.0, 0.0, 1.0]],
               'mCollarLeft': [[1.0, 0.0, 0.0, 0.036295000463724136],
                               [0.0, 1.0, 0.0, -0.08500000089406967],
                               [0.0, 0.0, 1.0, -1.5213600397109985],
                               [0.0, 0.0, 0.0, 1.0]],
               'mCollarRight': [[1.0, 0.0, 0.0, 0.036295000463724136],
                                [0.0, 1.0, 0.0, 0.08500000089406967],
                                [0.0, 0.0, 1.0, -1.5213600397109985],
                                [0.0, 0.0, 0.0, 1.0]],
               'mElbowLeft': [[0.9999979734420776,
                               -0.0020000000949949026,
                               0.0008280000183731318,
                               0.03585899993777275],
                              [0.0020000000949949026,
                               0.7071049809455872,
                               -0.7071059942245483,
                               0.7115749716758728],
                              [0.0008280000183731318,
                               0.7071059942245483,
                               0.7071070075035095,
                               -1.1920000314712524],
                              [0.0, 0.0, 0.0, 1.0]],
               'mElbowRight': [[0.9999979734420776,
                                0.0020000000949949026,
                                0.0008280000183731318,
                                0.03585899993777275],
                               [-0.0020000000949949026,
                                0.7071049809455872,
                                0.7071049809455872,
                                -0.7115749716758728],
                               [0.0008280000183731318,
                                -0.7071049809455872,
                                0.7071080207824707,
                                -1.1920000314712524],
                               [0.0, 0.0, 0.0, 1.0]],
               'mHandIndex1Left': [[0.9319689869880676,
                                    0.02338300086557865,
                                    -0.3617820143699646,
                                    0.40104299783706665],
                                   [-0.24829800426959991,
                                    0.768297016620636,
                                    -0.589972972869873,
                                    0.2437240034341812],
                                   [0.26416099071502686,
                                    0.6396660208702087,
                                    0.7218350172042847,
                                    -1.1804200410842896],
                                   [0.0, 0.0, 0.0, 1.0]],
               'mHandIndex1Right': [[0.9319689869880676,
                                     -0.02338300086557865,
                                     -0.3617820143699646,
                                     0.40104299783706665],
                                    [0.24829800426959991,
                                     0.768297016620636,
                                     0.589972972869873,
                                     -0.2437240034341812],
                                    [0.26416099071502686,
                                     -0.6396669745445251,
                                     0.7218350172042847,
                                     -1.1804200410842896],
                                    [0.0, 0.0, 0.0, 1.0]],
               'mHandIndex2Left': [[0.9427329897880554,
                                    0.017678000032901764,
                                    -0.333079993724823,
                                    0.35530799627304077],
                                   [-0.22354599833488464,
                                    0.774619996547699,
                                    -0.5916000008583069,
                                    0.2053389996290207],
                                   [0.2475530058145523,
                                    0.6321790218353271,
                                    0.7342119812965393,
                                    -1.183650016784668],
                                   [0.0, 0.0, 0.0, 1.0]],
               'mHandIndex2Right': [[0.9427329897880554,
                                     -0.017678000032901764,
                                     -0.333079993724823,
                                     0.35530799627304077],
                                    [0.22354599833488464,
                                     0.774619996547699,
                                     0.5916000008583069,
                                     -0.2053389996290207],
                                    [0.2475530058145523,
                                     -0.6321790218353271,
                                     0.7342119812965393,
                                     -1.183650016784668],
                                    [0.0, 0.0, 0.0, 1.0]],
               'mHandIndex3Left': [[0.9429500102996826,
                                    0.0026940000243484974,
                                    -0.3329229950904846,
                                    0.35388800501823425],
                                   [-0.2165369987487793,
                                    0.7645390033721924,
                                    -0.6071180105209351,
                                    0.2048649936914444],
                                   [0.2528969943523407,
                                    0.6445720195770264,
                                    0.7215059995651245,
                                    -1.1728999614715576],
                                   [0.0, 0.0, 0.0, 1.0]],
               'mHandIndex3Right': [[0.9429500102996826,
                                     -0.0026940000243484974,
                                     -0.3329229950904846,
                                     0.35388800501823425],
                                    [0.2165369987487793,
                                     0.7645390033721924,
                                     0.6071180105209351,
                                     -0.2048649936914444],
                                    [0.2528969943523407,
                                     -0.6445720195770264,
                                     0.7215059995651245,
                                     -1.1728999614715576],
                                    [0.0, 0.0, 0.0, 1.0]],
               'mHandMiddle1Left': [[0.9987319707870483,
                                     -0.03013399988412857,
                                     0.04031600058078766,
                                     -0.008488999679684639],
                                    [0.049830999225378036,
                                     0.704800009727478,
                                     -0.7076539993286133,
                                     0.41053301095962524],
                                    [-0.007089999970048666,
                                     0.708765983581543,
                                     0.705407977104187,
                                     -1.2015999555587769],
                                    [0.0, 0.0, 0.0, 1.0]],
               'mHandMiddle1Right': [[0.9987319707870483,
                                      0.03013399988412857,
                                      0.04031499847769737,
                                      -0.008488999679684639],
                                     [-0.049830999225378036,
                                      0.704800009727478,
                                      0.7076539993286133,
                                      -0.41053301095962524],
                                     [-0.007089999970048666,
                                      -0.708765983581543,
                                      0.705407977104187,
                                      -1.2015999555587769],
                                     [0.0, 0.0, 0.0, 1.0]],
               'mHandMiddle2Left': [[0.9989460110664368,
                                     -0.028957000002264977,
                                     0.035610999912023544,
                                     -0.002930999966338277],
                                    [0.04560999944806099,
                                     0.7130839824676514,
                                     -0.6995930075645447,
                                     0.35466399788856506],
                                    [-0.005135999992489815,
                                     0.7004799842834473,
                                     0.7136539816856384,
                                     -1.1994999647140503],
                                    [0.0, 0.0, 0.0, 1.0]],
               'mHandMiddle2Right': [[0.9989460110664368,
                                      0.028957000002264977,
                                      0.035610999912023544,
                                      -0.002930999966338277],
                                     [-0.04560999944806099,
                                      0.7130839824676514,
                                      0.6995930075645447,
                                      -0.35466399788856506],
                                     [-0.005135999992489815,
                                      -0.7004799842834473,
                                      0.7136539816856384,
                                      -1.1994999647140503],
                                     [0.0, 0.0, 0.0, 1.0]],
               'mHandMiddle3Left': [[0.9963470101356506,
                                     -0.038300998508930206,
                                     0.07632400095462799,
                                     -0.040984999388456345],
                                    [0.08039899915456772,
                                     0.7219560146331787,
                                     -0.6872519850730896,
                                     0.3118860125541687],
                                    [-0.028781000524759293,
                                     0.6908779740333557,
                                     0.7223989963531494,
                                     -1.1996099948883057],
                                    [0.0, 0.0, 0.0, 1.0]],
               'mHandMiddle3Right': [[0.9963470101356506,
                                      0.038300998508930206,
                                      0.07632400095462799,
                                      -0.040984999388456345],
                                     [-0.08039899915456772,
                                      0.7219560146331787,
                                      0.6872519850730896,
                                      -0.3118860125541687],
                                     [-0.028781000524759293,
                                      -0.6908779740333557,
                                      0.7223989963531494,
                                      -1.1996099948883057],
                                     [0.0, 0.0, 0.0, 1.0]],
               'mHandPinky1Left': [[0.8221949934959412,
                                    -0.11812599748373032,
                                    0.5568130016326904,
                                    -0.5196760296821594],
                                   [0.3776470124721527,
                                    0.8451250195503235,
                                    -0.3783459961414337,
                                    -0.007902000099420547],
                                   [-0.4258840084075928,
                                    0.521353006362915,
                                    0.739467978477478,
                                    -1.1486300230026245],
                                   [0.0, 0.0, 0.0, 1.0]],
               'mHandPinky1Right': [[0.8221949934959412,
                                     0.11812599748373032,
                                     0.5568130016326904,
                                     -0.5196760296821594],
                                    [-0.3776470124721527,
                                     0.8451250195503235,
                                     0.3783459961414337,
                                     0.007902000099420547],
                                    [-0.4258840084075928,
                                     -0.521353006362915,
                                     0.739467978477478,
                                     -1.1486300230026245],
                                    [0.0, 0.0, 0.0, 1.0]],
               'mHandPinky2Left': [[0.8617600202560425,
                                    -0.10624899715185165,
                                    0.49606600403785706,
                                    -0.4340290129184723],
                                   [0.33954399824142456,
                                    0.8473150134086609,
                                    -0.4083710014820099,
                                    -0.001509999972768128],
                                   [-0.3769359886646271,
                                    0.5203530192375183,
                                    0.7662580013275146,
                                    -1.169010043144226],
                                   [0.0, 0.0, 0.0, 1.0]],
               'mHandPinky2Right': [[0.8617600202560425,
                                     0.10624899715185165,
                                     0.49606600403785706,
                                     -0.4340290129184723],
                                    [-0.33954399824142456,
                                     0.8473150134086609,
                                     0.4083710014820099,
                                     0.001509999972768128],
                                    [-0.3769359886646271,
                                     -0.5203530192375183,
                                     0.7662580013275146,
                                     -1.169010043144226],
                                    [0.0, 0.0, 0.0, 1.0]],
               'mHandPinky3Left': [[0.8747770190238953,
                                    -0.10898099839687347,
                                    0.47211000323295593,
                                    -0.3928540050983429],
                                   [0.3211840093135834,
                                    0.8599650263786316,
                                    -0.3966119885444641,
                                    -0.03789399936795235],
                                   [-0.3627749979496002,
                                    0.4985809922218323,
                                    0.7872809767723083,
                                    -1.1751899719238281],
                                   [0.0, 0.0, 0.0, 1.0]],
               'mHandPinky3Right': [[0.8747770190238953,
                                     0.10898099839687347,
                                     0.47211000323295593,
                                     -0.3928540050983429],
                                    [-0.3211840093135834,
                                     0.8599650263786316,
                                     0.3966119885444641,
                                     0.03789399936795235],
                                    [-0.3627749979496002,
                                     -0.4985809922218323,
                                     0.7872809767723083,
                                     -1.1751899719238281],
                                    [0.0, 0.0, 0.0, 1.0]],
               'mHandRing1Left': [[0.965412974357605,
                                   0.015564999543130398,
                                   0.2602590024471283,
                                   -0.2662949860095978],
                                  [0.157709002494812,
                                   0.7600290179252625,
                                   -0.6304630041122437,
                                   0.2996309995651245],
                                  [-0.20761699974536896,
                                   0.6497020125389099,
                                   0.7312880158424377,
                                   -1.2001399993896484],
                                  [0.0, 0.0, 0.0, 1.0]],
               'mHandRing1Right': [[0.965412974357605,
                                    -0.015564999543130398,
                                    0.2602590024471283,
                                    -0.2662949860095978],
                                   [-0.157709002494812,
                                    0.7600290179252625,
                                    0.6304630041122437,
                                    -0.2996309995651245],
                                   [-0.20761699974536896,
                                    -0.6497020125389099,
                                    0.7312880158424377,
                                    -1.2001399993896484],
                                   [0.0, 0.0, 0.0, 1.0]],
               'mHandRing2Left': [[0.9724739789962769,
                                   0.04479900002479553,
                                   0.2286670058965683,
                                   -0.2356870025396347],
                                  [0.11432900279760361,
                                   0.7633640170097351,
                                   -0.6357709765434265,
                                   0.26565900444984436],
                                  [-0.20303800702095032,
                                   0.6444140076637268,
                                   0.7372289896011353,
                                   -1.1958600282669067],
                                  [0.0, 0.0, 0.0, 1.0]],
               'mHandRing2Right': [[0.9724739789962769,
                                    -0.04479900002479553,
                                    0.2286670058965683,
                                    -0.2356870025396347],
                                   [-0.11432900279760361,
                                    0.7633640170097351,
                                    0.6357709765434265,
                                    -0.26565900444984436],
                                   [-0.20303800702095032,
                                    -0.6444140076637268,
                                    0.7372289896011353,
                                    -1.1958600282669067],
                                   [0.0, 0.0, 0.0, 1.0]],
               'mHandRing3Left': [[0.9637609720230103,
                                   0.018911000341176987,
                                   0.2660970091819763,
                                   -0.2549220025539398],
                                  [0.15707699954509735,
                                   0.7660049796104431,
                                   -0.6233490109443665,
                                   0.23242099583148956],
                                  [-0.2156199961900711,
                                   0.6425570249557495,
                                   0.7352749705314636,
                                   -1.188689947128296],
                                  [0.0, 0.0, 0.0, 1.0]],
               'mHandRing3Right': [[0.9637609720230103,
                                    -0.018911000341176987,
                                    0.2660970091819763,
                                    -0.2549220025539398],
                                   [-0.15707699954509735,
                                    0.7660049796104431,
                                    0.6233490109443665,
                                    -0.23242099583148956],
                                   [-0.2156199961900711,
                                    -0.6425570249557495,
                                    0.7352749705314636,
                                    -1.188689947128296],
                                   [0.0, 0.0, 0.0, 1.0]],
               'mHandThumb1Left': [[0.9163669943809509,
                                    -0.1188109964132309,
                                    -0.38230299949645996,
                                    0.51316899061203],
                                   [-0.07201699912548065,
                                    0.8904470205307007,
                                    -0.4493519961833954,
                                    0.0907440036535263],
                                   [0.3938089907169342,
                                    0.439303994178772,
                                    0.807420015335083,
                                    -1.1683000326156616],
                                   [0.0, 0.0, 0.0, 1.0]],
               'mHandThumb1Right': [[0.9163669943809509,
                                     0.1188109964132309,
                                     -0.38230299949645996,
                                     0.51316899061203],
                                    [0.07201699912548065,
                                     0.8904470205307007,
                                     0.4493519961833954,
                                     -0.0907440036535263],
                                    [0.3938089907169342,
                                     -0.439303994178772,
                                     0.807420015335083,
                                     -1.1683000326156616],
                                    [0.0, 0.0, 0.0, 1.0]],
               'mHandThumb2Left': [[0.9283679723739624,
                                    -0.16619600355625153,
                                    -0.33243298530578613,
                                    0.45058199763298035],
                                   [-0.020161999389529228,
                                    0.8706110119819641,
                                    -0.4915589988231659,
                                    0.11499100178480148],
                                   [0.3711149990558624,
                                    0.4630500078201294,
                                    0.8048970103263855,
                                    -1.1762100458145142],
                                   [0.0, 0.0, 0.0, 1.0]],
               'mHandThumb2Right': [[0.9283679723739624,
                                     0.16619600355625153,
                                     -0.33243298530578613,
                                     0.45058199763298035],
                                    [0.020161999389529228,
                                     0.8706110119819641,
                                     0.4915589988231659,
                                     -0.11499100178480148],
                                    [0.3711149990558624,
                                     -0.4630500078201294,
                                     0.8048970103263855,
                                     -1.1762100458145142],
                                    [0.0, 0.0, 0.0, 1.0]],
               'mHandThumb3Left': [[0.928991973400116,
                                    -0.2616580128669739,
                                    -0.2617430090904236,
                                    0.401203989982605],
                                   [0.07955499738454819,
                                    0.8318700194358826,
                                    -0.5492380261421204,
                                    0.1690800040960312],
                                   [0.3614490032196045,
                                    0.4894149899482727,
                                    0.7936170101165771,
                                    -1.1763999462127686],
                                   [0.0, 0.0, 0.0, 1.0]],
               'mHandThumb3Right': [[0.928991973400116,
                                     0.2616580128669739,
                                     -0.2617430090904236,
                                     0.401203989982605],
                                    [-0.07955499738454819,
                                     0.8318700194358826,
                                     0.5492380261421204,
                                     -0.1690800040960312],
                                    [0.3614490032196045,
                                     -0.4894149899482727,
                                     0.7936170101165771,
                                     -1.1763999462127686],
                                    [0.0, 0.0, 0.0, 1.0]],
               'mHipLeft': [[1.0, 0.0, 0.0, -0.03375700116157532],
                            [0.0, 1.0, 0.0, -0.12676499783992767],
                            [0.0, 0.0, 1.0, -1.0260200500488281],
                            [0.0, 0.0, 0.0, 1.0]],
               'mHipRight': [[1.0, 0.0, 0.0, -0.03375700116157532],
                             [0.0, 1.0, 0.0, 0.12676499783992767],
                             [0.0, 0.0, 1.0, -1.0260200500488281],
                             [0.0, 0.0, 0.0, 1.0]],
               'mKneeLeft': [[1.0, 0.0, 0.0, -0.03286999836564064],
                             [0.0, 1.0, 0.0, -0.08119700103998184],
                             [0.0, 0.0, 1.0, -0.5349640250205994],
                             [0.0, 0.0, 0.0, 1.0]],
               'mKneeRight': [[1.0, 0.0, 0.0, -0.03286999836564064],
                              [0.0, 1.0, 0.0, 0.08119700103998184],
                              [0.0, 0.0, 1.0, -0.5349640250205994],
                              [0.0, 0.0, 0.0, 1.0]],
               'mNeck': [[1.0, 0.0, 0.0, 0.02487500011920929],
                         [0.0, 1.0, 0.0, 0.0],
                         [0.0, 0.0, 1.0, -1.607069969177246],
                         [0.0, 0.0, 0.0, 1.0]],
               'mPelvis': [[1.0, 0.0, 0.0, 0.0],
                           [0.0, 1.0, 0.0, 0.0],
                           [0.0, 0.0, 1.0, -1.067020058631897],
                           [0.0, 0.0, 0.0, 1.0]],
               'mShoulderLeft': [[1.0, 0.0, -0.0, 0.036295000463724136],
                                 [-0.0,
                                  0.7071070075035095,
                                  -0.7071070075035095,
                                  0.9595040082931519],
                                 [-0.0,
                                  0.7071070075035095,
                                  0.7071070075035095,
                                  -1.1920299530029297],
                                 [0.0, 0.0, 0.0, 1.0]],
               'mShoulderRight': [[1.0, -0.0, -0.0, 0.036295000463724136],
                                  [0.0,
                                   0.7071070075035095,
                                   0.7071070075035095,
                                   -0.9595040082931519],
                                  [-0.0,
                                   -0.7071070075035095,
                                   0.7071070075035095,
                                   -1.1920299530029297],
                                  [0.0, 0.0, 0.0, 1.0]],
               'mTorso': [[1.0, 0.0, 0.0, 0.0],
                          [0.0, 1.0, 0.0, 0.0],
                          [0.0, 0.0, 1.0, -1.1510900259017944],
                          [0.0, 0.0, 0.0, 1.0]],
               'mWristLeft': [[0.9999979734420776,
                               -0.002004999900236726,
                               0.000830999983008951,
                               0.03585899993777275],
