# Preset data auto-generated by Bento Budddy

presets = {'apply_location': True,
 'apply_rotation': True,
 'apply_scale': True,
 'blank': False,
 'dae_apply_modifiers': False,
 'dae_deform_bones_only': True,
 'dae_include_animations': False,
 'dae_include_armatures': True,
 'dae_include_children': False,
 'dae_include_shapekeys': False,
 'dae_open_sim': True,
 'dae_selected': True,
 'dae_sort_by_name': True,
 'dae_triangulate': False,
 'dae_use_blender_profile': False,
 'dae_use_object_instantiation': False,
 'devkit_poll': 1,
 'devkit_state': False,
 'export_advanced': False,
 'export_apply_modifiers': False,
 'export_blank': False,
 'export_full_rig': False,
 'export_menu_enabled': True,
 'export_path_to_pelvis': False,
 'export_reset': False,
 'fix_broken_bones': False,
 'process_attachment_bones': False,
 'process_volume_bones': True,
 'remove_empty_groups': True,
 'rig_class_default': False,
 'rig_class_male_default': False,
 'rig_class_male_neutral': False,
 'rig_class_name': 'default',
 'rig_class_neutral': False,
 'rotate_for_sl': True,
 'use_app_compatible_data': True,
 'use_bind_data': False,
 'use_offset_location': False,
 'use_offset_rotation': False,
 'use_offset_scale': False,
 'use_rig_data': False,
 'use_sl_compatible_data': False,
 'volume_bone_location': True,
 'volume_bone_rotation': True,
 'volume_bone_scale': True}
matrices = {'bind_data': {'BELLY': [[11.003000259399414,
                          0.0,
                          -1.546370029449463,
                          1.5338900089263916],
                         [0.0, 7.930210113525391, 0.0, 0.0],
                         [0.9278209805488586,
                          0.0,
                          6.601789951324463,
                          -7.889770030975342],
                         [0.0, 0.0, 0.0, 1.0]],
               'BUTT': [[10.0, 0.0, 0.0, 0.6000000238418579],
                        [0.0, 10.0, 0.0, 0.0],
                        [0.0, 0.0, 10.0, -9.670149803161621],
                        [0.0, 0.0, 0.0, 1.0]],
               'CHEST': [[9.281880378723145,
                          0.0,
                          1.6366499662399292,
                          -2.454669952392578],
                         [0.0, 6.844629764556885, 0.0, 0.0],
                         [-0.868241012096405,
                          0.0,
                          4.924039840698242,
                          -7.010819911956787],
                         [0.0, 0.0, 0.0, 1.0]],
               'HEAD': [[9.090909957885742, 0.0, 0.0, 0.044318001717329025],
                        [0.0, 11.111100196838379, 0.0, 0.0],
                        [0.0, 0.0, 8.333330154418945, -14.605899810791016],
                        [0.0, 0.0, 0.0, 1.0]],
               'LEFT_HANDLE': [[20.0, 0.0, 0.0, 0.0],
                               [0.0, 20.0, 0.0, -2.0],
                               [0.0, 0.0, 20.0, -24.181800842285156],
                               [0.0, 0.0, 0.0, 1.0]],
               'LEFT_PEC': [[17.136899948120117,
                             0.0,
                             -1.2855199575424194,
                             -0.5223810076713562],
                            [0.0,
                             17.185100555419922,
                             -0.0,
                             -1.4540300369262695],
                            [1.2855199575424194,
                             0.0,
                             17.136899948120117,
                             -24.050199508666992],
                            [0.0, 0.0, 0.0, 1.0]],
               'LOWER_BACK': [[11.111100196838379, 0.0, 0.0, 0.0],
                              [0.0, 7.692309856414795, 0.0, 0.0],
                              [0.0, 0.0, 6.666669845581055, -7.82774019241333],
                              [0.0, 0.0, 0.0, 1.0]],
               'L_CLAVICLE': [[14.285699844360352,
                               0.0,
                               0.0,
                               0.22857099771499634],
                              [0.0,
                               7.794229984283447,
                               0.0,
                               -0.6625099778175354],
                              [0.0,
                               0.0,
                               20.81170082092285,
                               -32.072601318359375],
                              [0.0, 0.0, 0.0, 1.0]],
               'L_FOOT': [[6.565390110015869,
                           0.0,
                           -1.1576600074768066,
                           -0.5678009986877441],
                          [0.0, 16.66670036315918, 0.0, -1.3762500286102295],
                          [3.4729599952697754,
                           0.0,
                           19.696199417114258,
                           -0.8185250163078308],
                          [0.0, 0.0, 0.0, 1.0]],
               'L_HAND': [[19.696199417114258,
                           -2.4557600021362305,
                           2.4557600021362305,
                           -1.0742100477218628],
                          [2.1676299571990967,
                           8.230030059814453,
                           -9.1552095413208,
                           6.450920104980469],
                          [0.30293500423431396,
                           24.75279998779297,
                           22.32309913635254,
                           -38.87089920043945],
                          [0.0, 0.0, 0.0, 1.0]],
               'L_LOWER_ARM': [[26.281200408935547,
                                0.0,
                                0.0,
                                0.9461240172386169],
                               [0.0,
                                4.7795000076293945,
                                -5.30817985534668,
                                4.808060169219971],
                               [0.0,
                                20.5856990814209,
                                18.535499572753906,
                                -32.07469940185547],
                               [0.0, 0.0, 0.0, 1.0]],
               'L_LOWER_LEG': [[18.01799964904785,
                                0.0,
                                0.0,
                                -0.23189200460910797],
                               [0.0,
                                18.01799964904785,
                                0.0,
                                -1.4630099534988403],
                               [0.0, 0.0, 4.0, -1.3398499488830566],
                               [0.0, 0.0, 0.0, 1.0]],
               'L_UPPER_ARM': [[21.691999435424805,
                                0.0,
                                -0.0,
                                0.7809110283851624],
                               [0.0,
                                3.869879961013794,
                                -4.611949920654297,
                                5.666059970855713],
                               [0.0,
                                18.152700424194336,
                                15.231900215148926,
                                -26.63010025024414],
                               [0.0, 0.0, 0.0, 1.0]],
               'L_UPPER_LEG': [[12.34570026397705,
                                0.0,
                                0.0,
                                -0.1698399931192398],
                               [0.0,
                                12.34570026397705,
                                0.0,
                                -0.9477159976959229],
                               [0.0, 0.0, 3.125, -2.5188000202178955],
                               [0.0, 0.0, 0.0, 1.0]],
               'NECK': [[20.0, 0.0, 0.0, 0.5],
                        [0.0, 16.66670036315918, 0.0, 0.0],
                        [0.0, 0.0, 12.5, -20.338600158691406],
                        [0.0, 0.0, 0.0, 1.0]],
               'PELVIS': [[8.252229690551758,
                           0.0,
                           -1.1597700119018555,
                           1.296820044517517],
                          [0.0, 5.526989936828613, 0.0, 0.0],
                          [0.8186650276184082,
                           0.0,
                           5.825109958648682,
                           -6.090789794921875],
                          [0.0, 0.0, 0.0, 1.0]],
               'RIGHT_HANDLE': [[20.0, 0.0, 0.0, 0.0],
                                [0.0, 20.0, 0.0, 2.0],
                                [0.0, 0.0, 20.0, -24.181800842285156],
                                [0.0, 0.0, 0.0, 1.0]],
               'RIGHT_PEC': [[17.136899948120117,
                              0.0,
                              -1.2855199575424194,
                              -0.5223810076713562],
                             [-0.0,
                              17.185100555419922,
                              0.0,
                              1.4540300369262695],
                             [1.2855199575424194,
                              0.0,
                              17.136899948120117,
                              -24.050199508666992],
                             [0.0, 0.0, 0.0, 1.0]],
               'R_CLAVICLE': [[14.285699844360352,
                               0.0,
                               0.0,
                               0.22857099771499634],
                              [0.0, 7.794229984283447, 0.0, 0.6625099778175354],
                              [0.0,
                               0.0,
                               20.81170082092285,
                               -32.072601318359375],
                              [0.0, 0.0, 0.0, 1.0]],
               'R_FOOT': [[6.565390110015869,
                           0.0,
                           -1.1576600074768066,
                           -0.5677250027656555],
                          [0.0, 16.66670036315918, 0.0, 1.3361799716949463],
                          [3.4729599952697754,
                           0.0,
                           19.696199417114258,
                           -0.8184450268745422],
                          [0.0, 0.0, 0.0, 1.0]],
               'R_HAND': [[19.696199417114258,
                           2.4557600021362305,
                           2.4557600021362305,
                           -1.0726499557495117],
                          [-2.1676299571990967,
                           8.230030059814453,
                           9.1552095413208,
                           -6.445580005645752],
                          [0.30293500423431396,
                           -24.75279998779297,
                           22.32309913635254,
                           -38.881500244140625],
                          [0.0, 0.0, 0.0, 1.0]],
               'R_LOWER_ARM': [[26.315799713134766,
                                0.0,
                                0.0,
                                0.9473680257797241],
                               [0.0,
                                4.7795000076293945,
                                5.30817985534668,
                                -4.808060169219971],
                               [0.0,
                                -20.642900466918945,
                                18.586999893188477,
                                -32.16379928588867],
                               [0.0, 0.0, 0.0, 1.0]],
               'R_LOWER_LEG': [[18.01799964904785,
                                0.0,
                                0.0,
                                -0.23135100305080414],
                               [0.0,
                                18.01799964904785,
                                0.0,
                                1.4445199966430664],
                               [0.0, 0.0, 4.0, -1.3400299549102783],
                               [0.0, 0.0, 0.0, 1.0]],
               'R_UPPER_ARM': [[21.739099502563477,
                                -0.0,
                                0.0,
                                0.7826089859008789],
                               [0.0,
                                3.872220039367676,
                                4.614729881286621,
                                -5.669469833374023],
                               [0.0,
                                -18.239200592041016,
                                15.304499626159668,
                                -26.756900787353516],
                               [0.0, 0.0, 0.0, 1.0]],
               'R_UPPER_LEG': [[12.34570026397705,
                                0.0,
                                0.0,
                                -0.1681479960680008],
                               [0.0,
                                12.34570026397705,
                                0.0,
                                0.9729139804840088],
                               [0.0, 0.0, 3.125, -2.5185298919677734],
                               [0.0, 0.0, 0.0, 1.0]],
               'UPPER_BACK': [[11.614399909973145,
                               0.0,
                               -0.0,
                               0.17421600222587585],
                              [0.0, 7.930210113525391, 0.0, 0.0],
                              [0.0, 0.0, 6.666669845581055, -9.15392017364502],
                              [0.0, 0.0, 0.0, 1.0]],
               'mAnkleLeft': [[1.0, 0.0, 0.0, -0.003982999827712774],
                              [0.0, 1.0, 0.0, -0.0825750008225441],
                              [0.0, 0.0, 1.0, -0.0665149986743927],
                              [0.0, 0.0, 0.0, 1.0]],
               'mAnkleRight': [[1.0, 0.0, 0.0, -0.003971000202000141],
                               [0.0, 1.0, 0.0, 0.08017099648714066],
                               [0.0, 0.0, 1.0, -0.06651300191879272],
                               [0.0, 0.0, 0.0, 1.0]],
               'mChest': [[1.0, 0.0, 0.0, 0.014999999664723873],
                          [0.0, 1.0, 0.0, 0.0],
                          [0.0, 0.0, 1.0, -1.3560899496078491],
                          [0.0, 0.0, 0.0, 1.0]],
               'mCollarLeft': [[1.0, 0.0, 0.0, 0.035999998450279236],
                               [0.0, 1.0, 0.0, -0.08500000089406967],
                               [0.0, 0.0, 1.0, -1.521090030670166],
                               [0.0, 0.0, 0.0, 1.0]],
               'mCollarRight': [[1.0, 0.0, 0.0, 0.035999998450279236],
                                [0.0, 1.0, 0.0, 0.08500000089406967],
                                [0.0, 0.0, 1.0, -1.521090030670166],
                                [0.0, 0.0, 0.0, 1.0]],
               'mElbowLeft': [[1.0, -0.0, 0.0, 0.035999998450279236],
                              [0.0,
                               0.7071070075035095,
                               -0.7071070075035095,
                               0.7116060256958008],
                              [0.0,
                               0.7071070075035095,
                               0.7071070075035095,
                               -1.191540002822876],
                              [0.0, 0.0, 0.0, 1.0]],
               'mElbowRight': [[1.0, 0.0, 0.0, 0.035999998450279236],
                               [0.0,
                                0.7071070075035095,
                                0.7071070075035095,
                                -0.7116060256958008],
                               [0.0,
                                -0.7071070075035095,
                                0.7071070075035095,
                                -1.191540002822876],
                               [0.0, 0.0, 0.0, 1.0]],
               'mEyeLeft': [[1.0, 0.0, 0.0, -0.07358600199222565],
                            [0.0, 1.0, 0.0, -0.035999998450279236],
                            [0.0, 0.0, 1.0, -1.7617000341415405],
                            [0.0, 0.0, 0.0, 1.0]],
               'mEyeRight': [[1.0, 0.0, 0.0, -0.07359100133180618],
                             [0.0, 1.0, 0.0, 0.035999998450279236],
                             [0.0, 0.0, 1.0, -1.7617000341415405],
                             [0.0, 0.0, 0.0, 1.0]],
               'mFaceCheekLowerLeft': [[1.0, 0.0, 0.0, -0.05012499913573265],
                                       [0.0, 1.0, 0.0, -0.03400000184774399],
                                       [0.0, 0.0, 1.0, -1.6966999769210815],
                                       [0.0, 0.0, 0.0, 1.0]],
               'mFaceCheekLowerRight': [[1.0, 0.0, 0.0, -0.05012499913573265],
                                        [0.0, 1.0, 0.0, 0.03400000184774399],
                                        [0.0, 0.0, 1.0, -1.6966999769210815],
                                        [0.0, 0.0, 0.0, 1.0]],
               'mFaceCheekUpperLeft': [[1.0, 0.0, 0.0, -0.07012499868869781],
                                       [0.0, 1.0, 0.0, -0.03400000184774399],
                                       [0.0, 0.0, 1.0, -1.7226999998092651],
                                       [0.0, 0.0, 0.0, 1.0]],
               'mFaceCheekUpperRight': [[1.0, 0.0, 0.0, -0.07012499868869781],
                                        [0.0, 1.0, 0.0, 0.03400000184774399],
                                        [0.0, 0.0, 1.0, -1.7226999998092651],
                                        [0.0, 0.0, 0.0, 1.0]],
               'mFaceChin': [[1.0, 0.0, 0.0, -0.07312499731779099],
                             [0.0, 1.0, 0.0, 0.0],
                             [0.0, 0.0, 1.0, -1.6586999893188477],
                             [0.0, 0.0, 0.0, 1.0]],
               'mFaceEar1Left': [[1.0, 0.0, 0.0, -0.0001250000059371814],
                                 [0.0, 1.0, 0.0, -0.07999999821186066],
                                 [0.0, 0.0, 1.0, -1.729699969291687],
                                 [0.0, 0.0, 0.0, 1.0]],
               'mFaceEar1Right': [[1.0, 0.0, 0.0, -0.0001250000059371814],
                                  [0.0, 1.0, 0.0, 0.07999999821186066],
                                  [0.0, 0.0, 1.0, -1.729699969291687],
                                  [0.0, 0.0, 0.0, 1.0]],
               'mFaceEar2Left': [[1.0, 0.0, 0.0, 0.01887499913573265],
                                 [0.0, 1.0, 0.0, -0.09799999743700027],
                                 [0.0, 0.0, 1.0, -1.754699945449829],
                                 [0.0, 0.0, 0.0, 1.0]],
               'mFaceEar2Right': [[1.0, 0.0, 0.0, 0.01887499913573265],
                                  [0.0, 1.0, 0.0, 0.09799999743700027],
                                  [0.0, 0.0, 1.0, -1.754699945449829],
                                  [0.0, 0.0, 0.0, 1.0]],
               'mFaceEyeAltLeft': [[1.0, 0.0, 0.0, -0.07358600199222565],
                                   [0.0, 1.0, 0.0, -0.035999998450279236],
                                   [0.0, 0.0, 1.0, -1.7616300582885742],
                                   [0.0, 0.0, 0.0, 1.0]],
               'mFaceEyeAltRight': [[1.0, 0.0, 0.0, -0.07359100133180618],
                                    [0.0, 1.0, 0.0, 0.035999998450279236],
                                    [0.0, 0.0, 1.0, -1.7616300582885742],
                                    [0.0, 0.0, 0.0, 1.0]],
               'mFaceEyeLidLowerLeft': [[1.0, 0.0, 0.0, -0.07312499731779099],
                                        [0.0, 1.0, 0.0, -0.035999998450279236],
                                        [0.0, 0.0, 1.0, -1.7617000341415405],
                                        [0.0, 0.0, 0.0, 1.0]],
               'mFaceEyeLidLowerRight': [[1.0, 0.0, 0.0, -0.07312499731779099],
                                         [0.0, 1.0, 0.0, 0.035999998450279236],
                                         [0.0, 0.0, 1.0, -1.7617000341415405],
                                         [0.0, 0.0, 0.0, 1.0]],
               'mFaceEyeLidUpperLeft': [[1.0, 0.0, 0.0, -0.07312499731779099],
                                        [0.0, 1.0, 0.0, -0.035999998450279236],
                                        [0.0, 0.0, 1.0, -1.7617000341415405],
                                        [0.0, 0.0, 0.0, 1.0]],
               'mFaceEyeLidUpperRight': [[1.0, 0.0, 0.0, -0.07312499731779099],
                                         [0.0, 1.0, 0.0, 0.035999998450279236],
                                         [0.0, 0.0, 1.0, -1.7617000341415405],
                                         [0.0, 0.0, 0.0, 1.0]],
               'mFaceEyebrowCenterLeft': [[1.0, 0.0, 0.0, -0.07000000029802322],
                                          [0.0, 1.0, 0.0, -0.0430000014603138],
                                          [0.0, 0.0, 1.0, -1.7837200164794922],
                                          [0.0, 0.0, 0.0, 1.0]],
               'mFaceEyebrowCenterRight': [[1.0,
                                            0.0,
                                            0.0,
                                            -0.07000000029802322],
                                           [0.0, 1.0, 0.0, 0.0430000014603138],
                                           [0.0, 0.0, 1.0, -1.7837200164794922],
                                           [0.0, 0.0, 0.0, 1.0]],
               'mFaceEyebrowInnerLeft': [[1.0, 0.0, 0.0, -0.07512500137090683],
                                         [0.0, 1.0, 0.0, -0.02199999988079071],
                                         [0.0, 0.0, 1.0, -1.7791999578475952],
                                         [0.0, 0.0, 0.0, 1.0]],
               'mFaceEyebrowInnerRight': [[1.0, 0.0, 0.0, -0.07512500137090683],
                                          [0.0, 1.0, 0.0, 0.02199999988079071],
                                          [0.0, 0.0, 1.0, -1.7791999578475952],
                                          [0.0, 0.0, 0.0, 1.0]],
               'mFaceEyebrowOuterLeft': [[1.0, 0.0, 0.0, -0.06412500143051147],
                                         [0.0, 1.0, 0.0, -0.050999999046325684],
                                         [0.0, 0.0, 1.0, -1.7756999731063843],
                                         [0.0, 0.0, 0.0, 1.0]],
               'mFaceEyebrowOuterRight': [[1.0, 0.0, 0.0, -0.06412500143051147],
                                          [0.0, 1.0, 0.0, 0.050999999046325684],
                                          [0.0, 0.0, 1.0, -1.7756999731063843],
                                          [0.0, 0.0, 0.0, 1.0]],
               'mFaceEyecornerInnerLeft': [[1.0,
                                            0.0,
                                            0.0,
                                            -0.07512500137090683],
                                           [0.0,
                                            1.0,
                                            0.0,
                                            -0.017000000923871994],
                                           [0.0, 0.0, 1.0, -1.7596999406814575],
                                           [0.0, 0.0, 0.0, 1.0]],
               'mFaceEyecornerInnerRight': [[1.0,
                                             0.0,
                                             0.0,
                                             -0.07512500137090683],
                                            [0.0,
                                             1.0,
                                             0.0,
                                             0.017000000923871994],
                                            [0.0,
                                             0.0,
                                             1.0,
                                             -1.7596999406814575],
                                            [0.0, 0.0, 0.0, 1.0]],
               'mFaceForeheadCenter': [[1.0, 0.0, 0.0, -0.06912499666213989],
                                       [0.0, 1.0, 0.0, 0.0],
                                       [0.0, 0.0, 1.0, -1.7927000522613525],
                                       [0.0, 0.0, 0.0, 1.0]],
               'mFaceForeheadLeft': [[1.0, 0.0, 0.0, -0.061124999076128006],
                                     [0.0, 1.0, 0.0, -0.03500000014901161],
                                     [0.0, 0.0, 1.0, -1.8107000589370728],
                                     [0.0, 0.0, 0.0, 1.0]],
               'mFaceForeheadRight': [[1.0, 0.0, 0.0, -0.061124999076128006],
                                      [0.0, 1.0, 0.0, 0.03500000014901161],
                                      [0.0, 0.0, 1.0, -1.8107000589370728],
                                      [0.0, 0.0, 0.0, 1.0]],
               'mFaceJaw': [[1.0, 0.0, 0.0, 0.0008750000270083547],
                            [0.0, 1.0, 0.0, 0.0],
                            [0.0, 0.0, 1.0, -1.7127000093460083],
                            [0.0, 0.0, 0.0, 1.0]],
               'mFaceJawShaper': [[1.0, 0.0, 0.0, -0.0001250000059371814],
                                  [0.0, 1.0, 0.0, 0.0],
                                  [0.0, 0.0, 1.0, -1.7276999950408936],
                                  [0.0, 0.0, 0.0, 1.0]],
               'mFaceLipCornerLeft': [[1.0, 0.0, 0.0, -0.048124998807907104],
                                      [0.0, 1.0, 0.0, 0.01899999938905239],
                                      [0.0, 0.0, 1.0, -1.6877000331878662],
                                      [0.0, 0.0, 0.0, 1.0]],
               'mFaceLipCornerRight': [[1.0, 0.0, 0.0, -0.048124998807907104],
                                       [0.0, 1.0, 0.0, -0.01899999938905239],
                                       [0.0, 0.0, 1.0, -1.6877000331878662],
                                       [0.0, 0.0, 0.0, 1.0]],
               'mFaceLipLowerCenter': [[1.0, 0.0, 0.0, -0.0651250034570694],
                                       [0.0, 1.0, 0.0, 0.0],
                                       [0.0, 0.0, 1.0, -1.673699975013733],
                                       [0.0, 0.0, 0.0, 1.0]],
               'mFaceLipLowerLeft': [[1.0, 0.0, 0.0, -0.0651250034570694],
                                     [0.0, 1.0, 0.0, 0.0],
                                     [0.0, 0.0, 1.0, -1.673699975013733],
                                     [0.0, 0.0, 0.0, 1.0]],
               'mFaceLipLowerRight': [[1.0, 0.0, 0.0, -0.0651250034570694],
                                      [0.0, 1.0, 0.0, 0.0],
                                      [0.0, 0.0, 1.0, -1.673699975013733],
                                      [0.0, 0.0, 0.0, 1.0]],
               'mFaceLipUpperCenter': [[1.0, 0.0, 0.0, -0.0651250034570694],
                                       [0.0, 1.0, 0.0, 0.0],
                                       [0.0, 0.0, 1.0, -1.694700002670288],
                                       [0.0, 0.0, 0.0, 1.0]],
               'mFaceLipUpperLeft': [[1.0, 0.0, 0.0, -0.0651250034570694],
                                     [0.0, 1.0, 0.0, 0.0],
                                     [0.0, 0.0, 1.0, -1.694700002670288],
                                     [0.0, 0.0, 0.0, 1.0]],
               'mFaceLipUpperRight': [[1.0, 0.0, 0.0, -0.0651250034570694],
                                      [0.0, 1.0, 0.0, 0.0],
                                      [0.0, 0.0, 1.0, -1.694700002670288],
                                      [0.0, 0.0, 0.0, 1.0]],
               'mFaceNoseBase': [[1.0, 0.0, 0.0, -0.09412500262260437],
                                 [0.0, 1.0, 0.0, 0.0],
                                 [0.0, 0.0, 1.0, -1.7116999626159668],
                                 [0.0, 0.0, 0.0, 1.0]],
               'mFaceNoseBridge': [[1.0, 0.0, 0.0, -0.0911249965429306],
                                   [0.0, 1.0, 0.0, 0.0],
                                   [0.0, 0.0, 1.0, -1.7476999759674072],
                                   [0.0, 0.0, 0.0, 1.0]],
               'mFaceNoseCenter': [[1.0, 0.0, 0.0, -0.10212499648332596],
                                   [0.0, 1.0, 0.0, 0.0],
                                   [0.0, 0.0, 1.0, -1.7276999950408936],
                                   [0.0, 0.0, 0.0, 1.0]],
               'mFaceNoseLeft': [[1.0, 0.0, 0.0, -0.08612500131130219],
                                 [0.0, 1.0, 0.0, -0.014999999664723873],
                                 [0.0, 0.0, 1.0, -1.7237000465393066],
                                 [0.0, 0.0, 0.0, 1.0]],
               'mFaceNoseRight': [[1.0, 0.0, 0.0, -0.08612500131130219],
                                  [0.0, 1.0, 0.0, 0.014999999664723873],
                                  [0.0, 0.0, 1.0, -1.7237000465393066],
                                  [0.0, 0.0, 0.0, 1.0]],
               'mFaceRoot': [[1.0, 0.0, 0.0, -0.0001250000059371814],
                             [0.0, 1.0, 0.0, 0.0],
                             [0.0, 0.0, 1.0, -1.7276999950408936],
                             [0.0, 0.0, 0.0, 1.0]],
               'mFaceTeethLower': [[1.0, 0.0, 0.0, -0.020124999806284904],
                                   [0.0, 1.0, 0.0, 0.0],
                                   [0.0, 0.0, 1.0, -1.673699975013733],
                                   [0.0, 0.0, 0.0, 1.0]],
               'mFaceTeethUpper': [[1.0, 0.0, 0.0, -0.020124999806284904],
                                   [0.0, 1.0, 0.0, 0.0],
                                   [0.0, 0.0, 1.0, -1.697700023651123],
                                   [0.0, 0.0, 0.0, 1.0]],
               'mFaceTongueBase': [[1.0, 0.0, 0.0, -0.05912499874830246],
                                   [0.0, 1.0, 0.0, 0.0],
                                   [0.0, 0.0, 1.0, -1.6786999702453613],
                                   [0.0, 0.0, 0.0, 1.0]],
               'mFaceTongueTip': [[1.0, 0.0, 0.0, -0.08112499862909317],
                                  [0.0, 1.0, 0.0, 0.0],
                                  [0.0, 0.0, 1.0, -1.6857000589370728],
                                  [0.0, 0.0, 0.0, 1.0]],
               'mFootLeft': [[0.9984580278396606,
                              4.099999932805076e-05,
                              0.05551699921488762,
                              -0.11964800208806992],
                             [-0.00027600000612437725,
                              0.9999909996986389,
                              0.004224000032991171,
                              -0.08259300142526627],
                             [-0.05551600083708763,
                              -0.0042329998686909676,
                              0.9984490275382996,
                              -0.005257999990135431],
                             [0.0, 0.0, 0.0, 1.0]],
               'mFootRight': [[0.9984610080718994,
                               -9.999999974752427e-07,
                               0.05545400083065033,
                               -0.11964000016450882],
                              [0.00029399999766610563,
                               0.9999859929084778,
                               -0.005276999901980162,
                               0.08019900321960449],
                              [-0.05545299872756004,
                               0.005284999962896109,
                               0.9984470009803772,
                               -0.005185999907553196],
                              [0.0, 0.0, 0.0, 1.0]],
               'mGroin': [[1.0, 0.0, 0.0, -0.06400000303983688],
                          [0.0, 1.0, 0.0, 0.0],
                          [0.0, 0.0, 1.0, -0.9700149893760681],
                          [0.0, 0.0, 0.0, 1.0]],
               'mHandIndex1Left': [[0.9512209892272949,
                                    -0.2371550053358078,
                                    -0.19731900095939636,
                                    0.35722699761390686],
                                   [0.0729919970035553,
                                    0.7944350242614746,
                                    -0.6029469966888428,
                                    0.24136799573898315],
                                   [0.2997489869594574,
                                    0.559132993221283,
                                    0.7729939818382263,
                                    -1.1990699768066406],
                                   [0.0, 0.0, 0.0, 1.0]],
               'mHandIndex1Right': [[0.9514139890670776,
                                     0.23644499480724335,
                                     -0.19724400341510773,
                                     0.35688701272010803],
                                    [-0.07280699908733368,
                                     0.7951639890670776,
                                     0.6020079851150513,
                                     -0.23940299451351166],
                                    [0.2991830110549927,
                                     -0.5583980083465576,
                                     0.7737450003623962,
                                     -1.1998599767684937],
                                    [0.0, 0.0, 0.0, 1.0]],
               'mHandIndex2Left': [[0.9577900171279907,
                                    -0.221669003367424,
                                    -0.1830350011587143,
                                    0.3151470124721527],
                                   [0.0663599967956543,
                                    0.7900019884109497,
                                    -0.6095020174980164,
                                    0.21538400650024414],
                                   [0.2797049880027771,
                                    0.571628987789154,
                                    0.7713660001754761,
                                    -1.1981799602508545],
                                   [0.0, 0.0, 0.0, 1.0]],
               'mHandIndex2Right': [[0.9579560160636902,
                                     0.22100399434566498,
                                     -0.18296900391578674,
                                     0.31483399868011475],
                                    [-0.06619399785995483,
                                     0.7907450199127197,
                                     0.6085559725761414,
                                     -0.21340499818325043],
                                    [0.2791750133037567,
                                     -0.5708590149879456,
                                     0.7721279859542847,
                                     -1.1989699602127075],
                                    [0.0, 0.0, 0.0, 1.0]],
               'mHandIndex3Left': [[0.956305980682373,
                                    -0.22519899904727936,
                                    -0.1864520013332367,
                                    0.3070389926433563],
                                   [0.0677649974822998,
                                    0.7910929918289185,
                                    -0.6079310178756714,
                                    0.18097199499607086],
                                   [0.28440600633621216,
                                    0.5687329769134521,
                                    0.7717880010604858,
                                    -1.1910500526428223],
                                   [0.0, 0.0, 0.0, 1.0]],
               'mHandIndex3Right': [[0.956479012966156,
                                     0.2245209962129593,
                                     -0.18637999892234802,
                                     0.3067130148410797],
                                    [-0.0675939992070198,
                                     0.7918310165405273,
                                     0.6069869995117188,
                                     -0.1789969950914383],
                                    [0.28386300802230835,
                                     -0.5679730176925659,
                                     0.7725470066070557,
                                     -1.1918400526046753],
                                    [0.0, 0.0, 0.0, 1.0]],
               'mHandMiddle1Left': [[0.9997900128364563,
                                     0.0164560005068779,
                                     0.01217000000178814,
                                     -0.00019700000120792538],
                                    [-0.0030410001054406166,
                                     0.7074390053749084,
                                     -0.7067670226097107,
                                     0.405115008354187],
                                    [-0.020239999517798424,
                                     0.7065820097923279,
                                     0.7073410153388977,
                                     -1.206969976425171],
                                    [0.0, 0.0, 0.0, 1.0]],
               'mHandMiddle1Right': [[0.9997910261154175,
                                      -0.016404999420046806,
                                      0.01216800045222044,
                                      -0.00017699999443721026],
                                     [0.0030350000597536564,
                                      0.7084559798240662,
                                      0.705748975276947,
                                      -0.4029490053653717],
                                     [-0.0201990008354187,
                                      -0.705564022064209,
                                      0.7083579897880554,
                                      -1.207990050315857],
                                     [0.0, 0.0, 0.0, 1.0]],
               'mHandMiddle2Left': [[0.9998630285263062,
                                     0.013291999697685242,
                                     0.009890999644994736,
                                     0.00519599998369813],
                                    [-0.0024109999649226665,
                                     0.707394003868103,
                                     -0.7068150043487549,
                                     0.36520999670028687],
                                    [-0.016392000019550323,
                                     0.7066940069198608,
                                     0.7073289752006531,
                                     -1.2009299993515015],
                                    [0.0, 0.0, 0.0, 1.0]],
               'mHandMiddle2Right': [[0.9998630285263062,
                                      -0.013251000083982944,
                                      0.009890000335872173,
                                      0.005212000105530024],
                                     [0.002406999934464693,
                                      0.7084090113639832,
                                      0.7057979702949524,
                                      -0.36304500699043274],
                                     [-0.0163589995354414,
                                      -0.7056769728660583,
                                      0.7083449959754944,
                                      -1.201949954032898],
                                     [0.0, 0.0, 0.0, 1.0]],
               'mHandMiddle3Left': [[0.9987990260124207,
                                     0.03993700072169304,
                                     0.02839300036430359,
                                     -0.030076999217271805],
                                    [-0.008276999928057194,
                                     0.708607017993927,
                                     -0.7055550217628479,
                                     0.3139669895172119],
                                    [-0.04829699918627739,
                                     0.7044730186462402,
                                     0.7080860137939453,
                                     -1.193160057067871],
                                    [0.0, 0.0, 0.0, 1.0]],
               'mHandMiddle3Right': [[0.998803973197937,
                                      -0.0398159995675087,
                                      0.02839300036430359,
