# Preset data auto-generated by Bento Budddy

presets = {'apply_location': True,
 'apply_rotation': True,
 'apply_scale': True,
 'blank': False,
 'dae_apply_modifiers': False,
 'dae_deform_bones_only': True,
 'dae_include_animations': False,
 'dae_include_armatures': True,
 'dae_include_children': False,
 'dae_include_shapekeys': False,
 'dae_open_sim': True,
 'dae_selected': True,
 'dae_sort_by_name': True,
 'dae_triangulate': False,
 'dae_use_blender_profile': False,
 'dae_use_object_instantiation': False,
 'devkit_poll': 1,
 'devkit_state': False,
 'export_advanced': False,
 'export_apply_modifiers': False,
 'export_blank': False,
 'export_full_rig': False,
 'export_menu_enabled': True,
 'export_path_to_pelvis': False,
 'export_reset': False,
 'fix_broken_bones': False,
 'process_attachment_bones': False,
 'process_volume_bones': True,
 'remove_empty_groups': True,
 'rig_class_default': False,
 'rig_class_male_default': False,
 'rig_class_male_neutral': False,
 'rig_class_name': 'default',
 'rig_class_neutral': False,
 'rotate_for_sl': True,
 'use_app_compatible_data': True,
 'use_bind_data': False,
 'use_offset_location': False,
 'use_offset_rotation': False,
 'use_offset_scale': False,
 'use_rig_data': False,
 'use_sl_compatible_data': False,
 'volume_bone_location': True,
 'volume_bone_rotation': True,
 'volume_bone_scale': True}
matrices = {'bind_data': {'BELLY': [[11.003000259399414,
                          0.0,
                          -1.546370029449463,
                          1.5337799787521362],
                         [0.0, 7.692309856414795, 0.0, 0.0],
                         [0.9278240203857422,
                          0.0,
                          6.601799964904785,
                          -7.8892998695373535],
                         [0.0, 0.0, 0.0, 1.0]],
               'BUTT': [[10.0, 0.0, 0.0, 0.6000000238418579],
                        [0.0, 10.0, 0.0, 0.0],
                        [0.0, 0.0, 10.0, -9.670149803161621],
                        [0.0, 0.0, 0.0, 1.0]],
               'CHEST': [[8.952790260314941,
                          0.0,
                          1.5786199569702148,
                          -2.3676300048828125],
                         [0.0, 6.666669845581055, 0.0, 0.0],
                         [-0.8682379722595215,
                          0.0,
                          4.92402982711792,
                          -7.010809898376465],
                         [0.0, 0.0, 0.0, 1.0]],
               'HEAD': [[9.090909957885742, 0.0, 0.0, -0.23287799954414368],
                        [0.0, 11.111100196838379, 0.0, 0.0],
                        [0.0, 0.0, 8.333330154418945, -14.461799621582031],
                        [0.0, 0.0, 0.0, 1.0]],
               'LEFT_HANDLE': [[20.0, 0.0, 0.0, 0.0],
                               [0.0, 20.0, 0.0, -2.0],
                               [0.0, 0.0, 20.0, -24.181800842285156],
                               [0.0, 0.0, 0.0, 1.0]],
               'LEFT_PEC': [[19.944000244140625,
                             0.0,
                             -1.496090054512024,
                             0.017495999112725258],
                            [0.0, 20.0, 0.0, -1.6399999856948853],
                            [1.496090054512024,
                             0.0,
                             19.944000244140625,
                             -28.038999557495117],
                            [0.0, 0.0, 0.0, 1.0]],
               'LOWER_BACK': [[11.111100196838379, 0.0, 0.0, 0.0],
                              [0.0, 7.692309856414795, 0.0, 0.0],
                              [0.0, 0.0, 6.666669845581055, -7.827250003814697],
                              [0.0, 0.0, 0.0, 1.0]],
               'L_CLAVICLE': [[14.285699844360352,
                               0.0,
                               0.0,
                               0.22857099771499634],
                              [0.0, 7.142859935760498, 0.0, -0.607142984867096],
                              [0.0, 0.0, 20.0, -30.821800231933594],
                              [0.0, 0.0, 0.0, 1.0]],
               'L_FOOT': [[6.565390110015869,
                           0.0,
                           -1.1576600074768066,
                           -0.5678020119667053],
                          [0.0, 16.66670036315918, 0.0, -1.3762500286102295],
                          [3.4729599952697754,
                           0.0,
                           19.696199417114258,
                           -0.8185279965400696],
                          [0.0, 0.0, 0.0, 1.0]],
               'L_HAND': [[19.696199417114258,
                           -2.4557600021362305,
                           2.4557600021362305,
                           -1.0742100477218628],
                          [2.1676299571990967,
                           8.230030059814453,
                           -9.1552095413208,
                           6.450920104980469],
                          [0.30293598771095276,
                           24.752700805664062,
                           22.32309913635254,
                           -38.87080001831055],
                          [0.0, 0.0, 0.0, 1.0]],
               'L_LOWER_ARM': [[25.0, 0.0, 0.0, 0.8999999761581421],
                               [0.0,
                                4.779510021209717,
                                -5.30817985534668,
                                4.808060169219971],
                               [0.0,
                                18.57859992980957,
                                16.728300094604492,
                                -28.947399139404297],
                               [0.0, 0.0, 0.0, 1.0]],
               'L_LOWER_LEG': [[16.66670036315918,
                                0.0,
                                0.0,
                                -0.21449999511241913],
                               [0.0,
                                16.66670036315918,
                                0.0,
                                -1.353279948234558],
                               [0.0, 0.0, 4.0, -1.339859962463379],
                               [0.0, 0.0, 0.0, 1.0]],
               'L_UPPER_ARM': [[20.0, -0.0, -0.0, 0.7200000286102295],
                               [0.0,
                                3.781090021133423,
                                -4.506130218505859,
                                5.536059856414795],
                               [0.0,
                                15.320899963378906,
                                12.85569953918457,
                                -22.475799560546875],
                               [0.0, 0.0, 0.0, 1.0]],
               'L_UPPER_LEG': [[11.111100196838379,
                                0.0,
                                0.0,
                                -0.1528560072183609],
                               [0.0,
                                11.111100196838379,
                                0.0,
                                -0.852944016456604],
                               [0.0, 0.0, 3.125, -2.5188000202178955],
                               [0.0, 0.0, 0.0, 1.0]],
               'NECK': [[20.0, 0.0, 0.0, 0.5],
                        [0.0, 16.66670036315918, 0.0, 0.0],
                        [0.0, 0.0, 12.5, -20.338600158691406],
                        [0.0, 0.0, 0.0, 1.0]],
               'PELVIS': [[8.252249717712402,
                           0.0,
                           -1.1597800254821777,
                           1.2968300580978394],
                          [0.0, 6.25, 0.0, 0.0],
                          [0.8186659812927246,
                           0.0,
                           5.825089931488037,
                           -6.0907697677612305],
                          [0.0, 0.0, 0.0, 1.0]],
               'RIGHT_HANDLE': [[20.0, 0.0, 0.0, 0.0],
                                [0.0, 20.0, 0.0, 2.0],
                                [0.0, 0.0, 20.0, -24.181800842285156],
                                [0.0, 0.0, 0.0, 1.0]],
               'RIGHT_PEC': [[19.944000244140625,
                              0.0,
                              -1.496090054512024,
                              0.017495999112725258],
                             [-0.0, 20.0, -0.0, 1.6399999856948853],
                             [1.496090054512024,
                              0.0,
                              19.944000244140625,
                              -28.038999557495117],
                             [0.0, 0.0, 0.0, 1.0]],
               'R_CLAVICLE': [[14.285699844360352,
                               0.0,
                               0.0,
                               0.22857099771499634],
                              [0.0, 7.142859935760498, -0.0, 0.607142984867096],
                              [0.0, 0.0, 20.0, -30.821800231933594],
                              [0.0, 0.0, 0.0, 1.0]],
               'R_FOOT': [[6.565390110015869,
                           0.0,
                           -1.1576600074768066,
                           -0.5677250027656555],
                          [0.0, 16.66670036315918, 0.0, 1.3361799716949463],
                          [3.4729599952697754,
                           0.0,
                           19.696199417114258,
                           -0.8184490203857422],
                          [0.0, 0.0, 0.0, 1.0]],
               'R_HAND': [[19.696199417114258,
                           2.4557600021362305,
                           2.4557600021362305,
                           -1.0726499557495117],
                          [-2.1676299571990967,
                           8.230030059814453,
                           9.1552095413208,
                           -6.445580005645752],
                          [0.30293598771095276,
                           -24.752700805664062,
                           22.32309913635254,
                           -38.88140106201172],
                          [0.0, 0.0, 0.0, 1.0]],
               'R_LOWER_ARM': [[25.0, 0.0, 0.0, 0.8999999761581421],
                               [0.0,
                                4.779510021209717,
                                5.30817985534668,
                                -4.808060169219971],
                               [0.0,
                                -18.57859992980957,
                                16.728300094604492,
                                -28.947399139404297],
                               [0.0, 0.0, 0.0, 1.0]],
               'R_LOWER_LEG': [[16.66670036315918,
                                0.0,
                                0.0,
                                -0.21400000154972076],
                               [0.0,
                                16.66670036315918,
                                0.0,
                                1.3361799716949463],
                               [0.0, 0.0, 4.0, -1.3400299549102783],
                               [0.0, 0.0, 0.0, 1.0]],
               'R_UPPER_ARM': [[20.0, 0.0, -0.0, 0.7200000286102295],
                               [0.0,
                                3.781090021133423,
                                4.506130218505859,
                                -5.536059856414795],
                               [0.0,
                                -15.320899963378906,
                                12.85569953918457,
                                -22.475799560546875],
                               [0.0, 0.0, 0.0, 1.0]],
               'R_UPPER_LEG': [[11.111100196838379,
                                0.0,
                                0.0,
                                -0.1513330042362213],
                               [0.0,
                                11.111100196838379,
                                0.0,
                                0.8756219744682312],
                               [0.0, 0.0, 3.125, -2.5185298919677734],
                               [0.0, 0.0, 0.0, 1.0]],
               'UPPER_BACK': [[11.111100196838379,
                               0.0,
                               0.0,
                               0.16666699945926666],
                              [0.0, 7.692309856414795, 0.0, 0.0],
                              [0.0, 0.0, 6.666669845581055, -9.15392017364502],
                              [0.0, 0.0, 0.0, 1.0]],
               'mAnkleLeft': [[1.0, 0.0, 0.0, -0.003982999827712774],
                              [0.0, 1.0, 0.0, -0.0825750008225441],
                              [0.0, 0.0, 1.0, -0.0665149986743927],
                              [0.0, 0.0, 0.0, 1.0]],
               'mAnkleRight': [[1.0, 0.0, 0.0, -0.003971000202000141],
                               [0.0, 1.0, 0.0, 0.08017099648714066],
                               [0.0, 0.0, 1.0, -0.06651300191879272],
                               [0.0, 0.0, 0.0, 1.0]],
               'mChest': [[1.0, 0.0, 0.0, 0.014999999664723873],
                          [0.0, 1.0, 0.0, 0.0],
                          [0.0, 0.0, 1.0, -1.3560899496078491],
                          [0.0, 0.0, 0.0, 1.0]],
               'mCollarLeft': [[1.0, 0.0, 0.0, 0.035999998450279236],
                               [0.0, 1.0, 0.0, -0.08500000089406967],
                               [0.0, 0.0, 1.0, -1.521090030670166],
                               [0.0, 0.0, 0.0, 1.0]],
               'mCollarRight': [[1.0, 0.0, 0.0, 0.035999998450279236],
                                [0.0, 1.0, 0.0, 0.08500000089406967],
                                [0.0, 0.0, 1.0, -1.521090030670166],
                                [0.0, 0.0, 0.0, 1.0]],
               'mElbowLeft': [[1.0, 0.0, -0.0, 0.035999998450279236],
                              [0.0,
                               0.7071070075035095,
                               -0.7071070075035095,
                               0.7116069793701172],
                              [0.0,
                               0.7071070075035095,
                               0.7071070075035095,
                               -1.191540002822876],
                              [0.0, 0.0, 0.0, 1.0]],
               'mElbowRight': [[1.0, 0.0, 0.0, 0.035999998450279236],
                               [0.0,
                                0.7071070075035095,
                                0.7071070075035095,
                                -0.7116060256958008],
                               [0.0,
                                -0.7071070075035095,
                                0.7071070075035095,
                                -1.191540002822876],
                               [0.0, 0.0, 0.0, 1.0]],
               'mEyeLeft': [[0.882099986076355,
                             0.0,
                             -0.4710629880428314,
                             0.7164319753646851],
                            [0.0, 1.0, 0.0, -0.035999998450279236],
                            [0.4710629880428314,
                             0.0,
                             0.882099986076355,
                             -1.5518699884414673],
                            [0.0, 0.0, 0.0, 1.0]],
               'mEyeRight': [[0.882099986076355,
                              0.0,
                              -0.4710629880428314,
                              0.7164270281791687],
                             [0.0, 1.0, 0.0, 0.035999998450279236],
                             [0.4710629880428314,
                              0.0,
                              0.882099986076355,
                              -1.5518699884414673],
                             [0.0, 0.0, 0.0, 1.0]],
               'mFaceCheekLowerLeft': [[0.9037399888038635,
                                        0.35775700211524963,
                                        -0.23508299887180328,
                                        0.4142259955406189],
                                       [-0.42046400904655457,
                                        0.8449720144271851,
                                        -0.330502986907959,
                                        0.5127969980239868],
                                       [0.08039899915456772,
                                        0.39753299951553345,
                                        0.9140589833259583,
                                        -1.5482800006866455],
                                       [0.0, 0.0, 0.0, 1.0]],
               'mFaceCheekLowerRight': [[0.9037399888038635,
                                         -0.35775700211524963,
                                         -0.23508299887180328,
                                         0.4142259955406189],
                                        [0.42046400904655457,
                                         0.8449720144271851,
                                         0.330502986907959,
                                         -0.5127969980239868],
                                        [0.08039899915456772,
                                         -0.39753299951553345,
                                         0.9140589833259583,
                                         -1.5482800006866455],
                                        [0.0, 0.0, 0.0, 1.0]],
               'mFaceCheekUpperLeft': [[0.44148001074790955,
                                        0.24772199988365173,
                                        -0.8623970150947571,
                                        1.4277499914169312],
                                       [-0.7451289892196655,
                                        0.6366750001907349,
                                        -0.19856399297714233,
                                        0.3008579909801483],
                                       [0.4998779892921448,
                                        0.7302600145339966,
                                        0.46566399931907654,
                                        -0.7931900024414062],
                                       [0.0, 0.0, 0.0, 1.0]],
               'mFaceCheekUpperRight': [[0.44148001074790955,
                                         -0.24772199988365173,
                                         -0.8623970150947571,
                                         1.4277499914169312],
                                        [0.7451289892196655,
                                         0.6366750001907349,
                                         0.19856399297714233,
                                         -0.3008579909801483],
                                        [0.4998779892921448,
                                         -0.7302600145339966,
                                         0.46566399931907654,
                                         -0.7931900024414062],
                                        [0.0, 0.0, 0.0, 1.0]],
               'mFaceChin': [[0.9990490078926086,
                              0.0,
                              -0.04361899942159653,
                              0.00724400021135807],
                             [0.0, 1.0, 0.0, 0.0],
                             [0.04361899942159653,
                              0.0,
                              0.9990490078926086,
                              -1.6574100255966187],
                             [0.0, 0.0, 0.0, 1.0]],
               'mFaceEar1Left': [[0.20659400522708893,
                                  -0.6876159906387329,
                                  -0.6960620284080505,
                                  1.258620023727417],
                                 [0.5547749996185303,
                                  0.6683210134506226,
                                  -0.4955520033836365,
                                  0.8026180267333984],
                                 [0.8059430122375488,
                                  -0.2837800085544586,
                                  0.5195429921150208,
                                  -0.8775960206985474],
                                 [0.0, 0.0, 0.0, 1.0]],
               'mFaceEar1Right': [[0.20659400522708893,
                                   0.6876159906387329,
                                   -0.6960620284080505,
                                   1.258620023727417],
                                  [-0.5547749996185303,
                                   0.6683210134506226,
                                   0.4955520033836365,
                                   -0.8026180267333984],
                                  [0.8059430122375488,
                                   0.2837800085544586,
                                   0.5195429921150208,
                                   -0.8775960206985474],
                                  [0.0, 0.0, 0.0, 1.0]],
               'mFaceEar2Left': [[0.5725399851799011,
                                  0.1505119949579239,
                                  -0.8059430122375488,
                                  1.3771300315856934],
                                 [0.1505119949579239,
                                  0.9470030069351196,
                                  0.2837800085544586,
                                  -0.5928320288658142],
                                 [0.8059430122375488,
                                  -0.2837800085544586,
                                  0.5195429921150208,
                                  -0.9025949835777283],
                                 [0.0, 0.0, 0.0, 1.0]],
               'mFaceEar2Right': [[0.5725399851799011,
                                   -0.1505119949579239,
                                   -0.8059430122375488,
                                   1.3771300315856934],
                                  [-0.1505119949579239,
                                   0.9470030069351196,
                                   -0.2837800085544586,
                                   0.5928320288658142],
                                  [0.8059430122375488,
                                   0.2837800085544586,
                                   0.5195429921150208,
                                   -0.9025949835777283],
                                  [0.0, 0.0, 0.0, 1.0]],
               'mFaceEyeAltLeft': [[-0.0665619969367981,
                                    0.0,
                                    -0.9977819919586182,
                                    1.6526000499725342],
                                   [0.0, 1.0, 0.0, -0.035999998450279236],
                                   [0.9977819919586182,
                                    0.0,
                                    -0.0665619969367981,
                                    0.081216000020504],
                                   [0.0, 0.0, 0.0, 1.0]],
               'mFaceEyeAltRight': [[-0.0665619969367981,
                                     0.0,
                                     -0.9977819919586182,
                                     1.6526000499725342],
                                    [0.0, 1.0, 0.0, 0.035999998450279236],
                                    [0.9977819919586182,
                                     0.0,
                                     -0.0665619969367981,
                                     0.081216000020504],
                                    [0.0, 0.0, 0.0, 1.0]],
               'mFaceEyeLidLowerLeft': [[-0.06656099855899811,
                                         0.0,
                                         -0.9977819919586182,
                                         1.6530699729919434],
                                        [0.0, 1.0, 0.0, -0.035999998450279236],
                                        [0.9977819919586182,
                                         0.0,
                                         -0.06656099855899811,
                                         0.08114500343799591],
                                        [0.0, 0.0, 0.0, 1.0]],
               'mFaceEyeLidLowerRight': [[-0.06656099855899811,
                                          0.0,
                                          -0.9977819919586182,
                                          1.6530699729919434],
                                         [0.0, 1.0, 0.0, 0.035999998450279236],
                                         [0.9977819919586182,
                                          0.0,
                                          -0.06656099855899811,
                                          0.08114500343799591],
                                         [0.0, 0.0, 0.0, 1.0]],
               'mFaceEyeLidUpperLeft': [[-0.0665619969367981,
                                         0.0,
                                         -0.9977819919586182,
                                         1.6530699729919434],
                                        [0.0, 1.0, 0.0, -0.035999998450279236],
                                        [0.9977819919586182,
                                         0.0,
                                         -0.0665619969367981,
                                         0.08114700019359589],
                                        [0.0, 0.0, 0.0, 1.0]],
               'mFaceEyeLidUpperRight': [[-0.0665619969367981,
                                          0.0,
                                          -0.9977819919586182,
                                          1.6530699729919434],
                                         [0.0, 1.0, 0.0, 0.035999998450279236],
                                         [0.9977819919586182,
                                          0.0,
                                          -0.0665619969367981,
                                          0.08114700019359589],
                                         [0.0, 0.0, 0.0, 1.0]],
               'mFaceEyebrowCenterLeft': [[-0.0665619969367981,
                                           0.0,
                                           -0.9977819919586182,
                                           1.6560699939727783],
                                          [0.0, 1.0, 0.0, -0.0430000014603138],
                                          [0.9977819919586182,
                                           0.0,
                                           -0.0665619969367981,
                                           0.059147000312805176],
                                          [0.0, 0.0, 0.0, 1.0]],
               'mFaceEyebrowCenterRight': [[-0.0665619969367981,
                                            0.0,
                                            -0.9977819919586182,
                                            1.6560699939727783],
                                           [0.0, 1.0, 0.0, 0.0430000014603138],
                                           [0.9977819919586182,
                                            0.0,
                                            -0.0665619969367981,
                                            0.059147000312805176],
                                           [0.0, 0.0, 0.0, 1.0]],
               'mFaceEyebrowInnerLeft': [[-0.06656300276517868,
                                          0.0,
                                          -0.9977819919586182,
                                          1.65106999874115],
                                         [-0.0, 1.0, 0.0, -0.02199999988079071],
                                         [0.9977819919586182,
                                          0.0,
                                          -0.06656300276517868,
                                          0.06414700299501419],
                                         [0.0, 0.0, 0.0, 1.0]],
               'mFaceEyebrowInnerRight': [[-0.06656300276517868,
                                           0.0,
                                           -0.9977819919586182,
                                           1.65106999874115],
                                          [-0.0, 1.0, 0.0, 0.02199999988079071],
                                          [0.9977819919586182,
                                           0.0,
                                           -0.06656300276517868,
                                           0.06414700299501419],
                                          [0.0, 0.0, 0.0, 1.0]],
               'mFaceEyebrowOuterLeft': [[0.344976007938385,
                                          0.18565499782562256,
                                          -0.9200670123100281,
                                          1.5054099559783936],
                                         [-0.7281050086021423,
                                          0.67153400182724,
                                          -0.1374949961900711,
                                          0.22615499794483185],
                                         [0.5923299789428711,
                                          0.7173380255699158,
                                          0.3668389916419983,
                                          -0.6724280118942261],
                                         [0.0, 0.0, 0.0, 1.0]],
               'mFaceEyebrowOuterRight': [[0.34497499465942383,
                                           -0.18565499782562256,
                                           -0.9200680255889893,
                                           1.5054099559783936],
                                          [0.7281050086021423,
                                           0.67153400182724,
                                           0.1374949961900711,
                                           -0.22615499794483185],
                                          [0.5923299789428711,
                                           -0.7173380255699158,
                                           0.3668389916419983,
                                           -0.6724269986152649],
                                          [0.0, 0.0, 0.0, 1.0]],
               'mFaceEyecornerInnerLeft': [[-0.0665619969367981,
                                            0.0,
                                            -0.9977819919586182,
                                            1.65106999874115],
                                           [0.0,
                                            1.0,
                                            0.0,
                                            -0.017000000923871994],
                                           [0.9977819919586182,
                                            0.0,
                                            -0.0665619969367981,
                                            0.08314699679613113],
                                           [0.0, 0.0, 0.0, 1.0]],
               'mFaceEyecornerInnerRight': [[-0.0665619969367981,
                                             0.0,
                                             -0.9977819919586182,
                                             1.65106999874115],
                                            [0.0,
                                             1.0,
                                             0.0,
                                             0.017000000923871994],
                                            [0.9977819919586182,
                                             0.0,
                                             -0.0665619969367981,
                                             0.08314699679613113],
                                            [0.0, 0.0, 0.0, 1.0]],
               'mFaceForeheadCenter': [[-0.0665619969367981,
                                        0.0,
                                        -0.9977819919586182,
                                        1.6570700407028198],
                                       [-0.0, 1.0, 0.0, -0.0],
                                       [0.9977819919586182,
                                        0.0,
                                        -0.0665619969367981,
                                        0.05014700070023537],
                                       [0.0, 0.0, 0.0, 1.0]],
               'mFaceForeheadLeft': [[-0.01064900029450655,
                                      -0.16065199673175812,
                                      -0.9869539737701416,
                                      1.6482700109481812],
                                     [-0.2273540049791336,
                                      0.9615479707717896,
                                      -0.15406399965286255,
                                      0.24053800106048584],
                                     [0.9737539887428284,
                                      0.22274799644947052,
                                      -0.04676499962806702,
                                      -0.006690999958664179],
                                     [0.0, 0.0, 0.0, 1.0]],
               'mFaceForeheadRight': [[-0.01064900029450655,
                                       0.16065199673175812,
                                       -0.9869539737701416,
                                       1.6482700109481812],
                                      [0.2273540049791336,
                                       0.9615479707717896,
                                       0.15406399965286255,
                                       -0.24053800106048584],
                                      [0.9737539887428284,
                                       -0.22274799644947052,
                                       -0.04676499962806702,
                                       -0.006690999958664179],
                                      [0.0, 0.0, 0.0, 1.0]],
               'mFaceJaw': [[0.9990479946136475,
                             0.0,
                             -0.04361899942159653,
                             0.07580199837684631],
                            [0.0, 1.0, 0.0, 0.0],
                            [0.04361899942159653,
                             0.0,
                             0.9990479946136475,
                             -1.713230013847351],
                            [0.0, 0.0, 0.0, 1.0]],
               'mFaceJawShaper': [[-0.0665619969367981,
                                   0.0,
                                   -0.9977819919586182,
                                   1.7260700464248657],
                                  [-0.0, 1.0, 0.0, -0.0],
                                  [0.9977819919586182,
                                   0.0,
                                   -0.0665619969367981,
                                   0.11514600366353989],
                                  [0.0, 0.0, 0.0, 1.0]],
               'mFaceLipCornerLeft': [[0.6929460167884827,
                                       0.3881079852581024,
                                       -0.6076170206069946,
                                       1.0608799457550049],
                                      [-0.6701549887657166,
                                       0.6575520038604736,
                                       -0.3442640006542206,
                                       0.5635769963264465],
                                      [0.2659280002117157,
                                       0.6457539796829224,
                                       0.715740978717804,
                                       -1.1820499897003174],
                                      [0.0, 0.0, 0.0, 1.0]],
               'mFaceLipCornerRight': [[0.6929460167884827,
                                        -0.3881079852581024,
                                        -0.6076160073280334,
                                        1.0608799457550049],
                                       [0.6701549887657166,
                                        0.6575520038604736,
                                        0.3442640006542206,
                                        -0.5635769963264465],
                                       [0.2659280002117157,
                                        -0.645753026008606,
                                        0.715740978717804,
                                        -1.1820600032806396],
                                       [0.0, 0.0, 0.0, 1.0]],
               'mFaceLipLowerCenter': [[0.9898149967193604,
                                        -0.0,
                                        -0.14236100018024445,
                                        0.17912499606609344],
                                       [0.0, 1.0, -0.0, 0.0],
                                       [0.14236100018024445,
                                        -0.0,
                                        0.9898149967193604,
                                        -1.6582900285720825],
                                       [0.0, 0.0, 0.0, 1.0]],
               'mFaceLipLowerLeft': [[0.9934239983558655,
                                      -0.007474999874830246,
                                      -0.1142520010471344,
                                      0.1320589929819107],
                                     [0.0009790000040084124,
                                      0.9983850121498108,
                                      -0.05680700019001961,
                                      0.09463399648666382],
                                     [0.11449199914932251,
                                      0.05632200092077255,
                                      0.9918259978294373,
                                      -1.6600099802017212],
                                     [0.0, 0.0, 0.0, 1.0]],
               'mFaceLipLowerRight': [[0.9934239983558655,
                                       0.007474999874830246,
                                       -0.1142520010471344,
                                       0.1320589929819107],
                                      [-0.0009790000040084124,
                                       0.9983850121498108,
                                       0.05680700019001961,
                                       -0.0946350023150444],
                                      [0.11449199914932251,
                                       -0.05632200092077255,
                                       0.9918259978294373,
                                       -1.6600099802017212],
                                      [0.0, 0.0, 0.0, 1.0]],
               'mFaceLipUpperCenter': [[-0.06656300276517868,
                                        0.0,
                                        -0.9977819919586182,
                                        1.6610699892044067],
                                       [-0.0, 1.0, 0.0, -0.0],
                                       [0.9977819919586182,
                                        0.0,
                                        -0.06656300276517868,
                                        0.14814700186252594],
                                       [0.0, 0.0, 0.0, 1.0]],
               'mFaceLipUpperLeft': [[0.15718799829483032,
                                      0.07670000195503235,
                                      -0.9845860004425049,
                                      1.6474000215530396],
                                     [-0.6115859746932983,
                                      0.7903550267219543,
                                      -0.036070000380277634,
                                      0.0373539999127388],
                                     [0.775406002998352,
                                      0.6078289747238159,
                                      0.17114299535751343,
                                      -0.25644999742507935],
                                     [0.0, 0.0, 0.0, 1.0]],
               'mFaceLipUpperRight': [[0.15718799829483032,
                                       -0.07670000195503235,
                                       -0.9845860004425049,
                                       1.6474000215530396],
                                      [0.6115859746932983,
