# Preset data auto-generated by Bento Budddy

presets = {'apply_location': True,
 'apply_rotation': True,
 'apply_scale': True,
 'blank': False,
 'dae_apply_modifiers': False,
 'dae_deform_bones_only': True,
 'dae_include_animations': False,
 'dae_include_armatures': True,
 'dae_include_children': False,
 'dae_include_shapekeys': False,
 'dae_open_sim': True,
 'dae_selected': True,
 'dae_sort_by_name': True,
 'dae_triangulate': False,
 'dae_use_blender_profile': False,
 'dae_use_object_instantiation': False,
 'devkit_poll': 1,
 'devkit_state': False,
 'export_advanced': False,
 'export_apply_modifiers': False,
 'export_blank': False,
 'export_full_rig': False,
 'export_menu_enabled': True,
 'export_path_to_pelvis': False,
 'export_reset': False,
 'fix_broken_bones': False,
 'process_attachment_bones': False,
 'process_volume_bones': True,
 'remove_empty_groups': True,
 'rig_class_default': False,
 'rig_class_male_default': False,
 'rig_class_male_neutral': False,
 'rig_class_name': 'default',
 'rig_class_neutral': False,
 'rotate_for_sl': True,
 'use_app_compatible_data': True,
 'use_bind_data': False,
 'use_offset_location': False,
 'use_offset_rotation': False,
 'use_offset_scale': False,
 'use_rig_data': False,
 'use_sl_compatible_data': False,
 'volume_bone_location': True,
 'volume_bone_rotation': True,
 'volume_bone_scale': True}
matrices = {'bind_data': {'BELLY': [[8.252229690551758,
                          0.0,
                          -1.1597800254821777,
                          1.424489974975586],
                         [0.0, 6.25, 0.0, 0.0],
                         [0.927823007106781,
                          0.0,
                          6.601789951324463,
                          -8.012809753417969],
                         [0.0, 0.0, 0.0, 1.0]],
               'BUTT': [[10.0, 0.0, 0.0, 0.6000000238418579],
                        [0.0, 10.0, 0.0, 0.0],
                        [0.0, 0.0, 10.0, -9.670149803161621],
                        [0.0, 0.0, 0.0, 1.0]],
               'CHEST': [[7.034339904785156,
                          0.0,
                          1.240339994430542,
                          -1.6494699716567993],
                         [0.0, 5.263160228729248, 0.0, 0.0],
                         [-0.789309024810791,
                          0.0,
                          4.476399898529053,
                          -6.397950172424316],
                         [0.0, 0.0, 0.0, 1.0]],
               'HEAD': [[9.116649627685547, 0.0, 0.0, 0.04622500017285347],
                        [0.0, 11.142600059509277, 0.0, 0.0],
                        [0.0, 0.0, 7.37870979309082, -12.93529987335205],
                        [0.0, 0.0, 0.0, 1.0]],
               'LEFT_HANDLE': [[19.99970054626465,
                                -0.0,
                                -0.10546299815177917,
                                0.1275150030851364],
                               [0.0, 20.0, -0.0, -2.0],
                               [0.10546299815177917,
                                0.0,
                                19.99970054626465,
                                -24.181400299072266],
                               [0.0, 0.0, 0.0, 1.0]],
               'LEFT_PEC': [[19.944000244140625,
                             0.0,
                             -1.496090054512024,
                             -0.11186700314283371],
                            [-0.0, 20.0, -0.0, -1.0399999618530273],
                            [1.496090054512024,
                             0.0,
                             19.944000244140625,
                             -28.453399658203125],
                            [0.0, 0.0, 0.0, 1.0]],
               'LOWER_BACK': [[11.111100196838379, 0.0, 0.0, 0.0],
                              [0.0, 7.692309856414795, 0.0, 0.0],
                              [0.0, 0.0, 6.349209785461426, -7.461359977722168],
                              [0.0, 0.0, 0.0, 1.0]],
               'L_CLAVICLE': [[11.111100196838379,
                               0.0,
                               0.0,
                               0.4000000059604645],
                              [0.0,
                               5.102039813995361,
                               0.0,
                               -0.4336729943752289],
                              [0.0,
                               0.0,
                               16.66670036315918,
                               -25.854400634765625],
                              [0.0, 0.0, 0.0, 1.0]],
               'L_FOOT': [[7.5754499435424805,
                           0.0,
                           -1.3357599973678589,
                           -0.6517879962921143],
                          [-9.999999974752427e-07,
                           20.0,
                           -3.999999989900971e-06,
                           -1.610640048980713],
                          [3.4729700088500977,
                           3.999999989900971e-06,
                           19.696199417114258,
                           -0.8169829845428467],
                          [0.0, 0.0, 0.0, 1.0]],
               'L_HAND': [[19.696199417114258,
                           -3.0076699256896973,
                           1.7364799976348877,
                           0.7389320135116577],
                          [2.1676299571990967,
                           10.319100379943848,
                           -6.713170051574707,
                           0.18498000502586365],
                          [0.30293500423431396,
                           18.13170051574707,
                           27.968900680541992,
                           -47.50310134887695],
                          [0.0, 0.0, 0.0, 1.0]],
               'L_LOWER_ARM': [[22.222200393676758,
                                -4.199999966658652e-05,
                                7.000000096013537e-06,
                                0.8000209927558899],
                               [9.000000318337698e-06,
                                4.323040008544922,
                                -2.807420015335083,
                                1.0336400270462036],
                               [1.700000029813964e-05,
                                12.103099822998047,
                                18.637100219726562,
                                -31.341100692749023],
                               [0.0, 0.0, 0.0, 1.0]],
               'L_LOWER_LEG': [[16.66670036315918,
                                0.0,
                                0.0,
                                -0.21376200020313263],
                               [0.0,
                                16.66670036315918,
                                -4.999999873689376e-06,
                                -1.3192299604415894],
                               [0.0,
                                9.999999974752427e-07,
                                4.0,
                                -1.3398499488830566],
                               [0.0, 0.0, 0.0, 1.0]],
               'L_UPPER_ARM': [[16.66670036315918,
                                0.0,
                                -0.0,
                                0.6000000238418579],
                               [0.0,
                                3.577080011367798,
                                -2.504699945449829,
                                2.430959939956665],
                               [0.0,
                                9.559619903564453,
                                13.65250015258789,
                                -23.010799407958984],
                               [0.0, 0.0, 0.0, 1.0]],
               'L_UPPER_LEG': [[11.111100196838379,
                                -1.1000000085914508e-05,
                                -0.000986000057309866,
                                -0.15206000208854675],
                               [7.000000096013537e-06,
                                11.111000061035156,
                                -0.04581199958920479,
                                -0.8160120248794556],
                               [0.0002770000137388706,
                                0.012884999625384808,
                                3.124969959259033,
                                -2.5197699069976807],
                               [0.0, 0.0, 0.0, 1.0]],
               'NECK': [[15.384599685668945, 0.0, 0.0, 0.3846150040626526],
                        [0.0, 14.285699844360352, 0.0, 0.0],
                        [0.0, 0.0, 12.5, -20.46579933166504],
                        [0.0, 0.0, 0.0, 1.0]],
               'PELVIS': [[8.252229690551758,
                           0.0,
                           -1.1597800254821777,
                           1.2968300580978394],
                          [0.0, 6.25, 0.0, 0.0],
                          [0.818668007850647,
                           0.0,
                           5.825109958648682,
                           -6.090789794921875],
                          [0.0, 0.0, 0.0, 1.0]],
               'RIGHT_HANDLE': [[19.99970054626465,
                                 -0.0,
                                 -0.10546299815177917,
                                 0.1275150030851364],
                                [0.0, 20.0, -0.0, 2.0],
                                [0.10546299815177917,
                                 0.0,
                                 19.99970054626465,
                                 -24.181400299072266],
                                [0.0, 0.0, 0.0, 1.0]],
               'RIGHT_PEC': [[19.944000244140625,
                              0.0,
                              -1.496090054512024,
                              -0.11186700314283371],
                             [0.0, 20.0, 0.0, 1.0399999618530273],
                             [1.496090054512024,
                              0.0,
                              19.944000244140625,
                              -28.453399658203125],
                             [0.0, 0.0, 0.0, 1.0]],
               'R_CLAVICLE': [[11.111100196838379,
                               0.0,
                               0.0,
                               0.4000000059604645],
                              [0.0, 5.102039813995361, 0.0, 0.4336729943752289],
                              [0.0,
                               0.0,
                               16.66670036315918,
                               -25.854400634765625],
                              [0.0, 0.0, 0.0, 1.0]],
               'R_FOOT': [[7.5754499435424805,
                           0.0,
                           -1.3357599973678589,
                           -0.6517400145530701],
                          [9.999999974752427e-07,
                           20.0,
                           3.999999989900971e-06,
                           1.558650016784668],
                          [3.4729700088500977,
                           -3.999999989900971e-06,
                           19.696199417114258,
                           -0.8169270157814026],
                          [0.0, 0.0, 0.0, 1.0]],
               'R_HAND': [[19.696199417114258,
                           3.0076699256896973,
                           1.7364799976348877,
                           0.7389320135116577],
                          [-2.1676299571990967,
                           10.319100379943848,
                           6.713170051574707,
                           -0.18498000502586365],
                          [0.30293500423431396,
                           -18.13170051574707,
                           27.968900680541992,
                           -47.50310134887695],
                          [0.0, 0.0, 0.0, 1.0]],
               'R_LOWER_ARM': [[22.222200393676758,
                                4.199999966658652e-05,
                                7.000000096013537e-06,
                                0.8000190258026123],
                               [-9.000000318337698e-06,
                                4.323040008544922,
                                2.807420015335083,
                                -1.0336400270462036],
                               [1.700000029813964e-05,
                                -12.103099822998047,
                                18.637100219726562,
                                -31.341100692749023],
                               [0.0, 0.0, 0.0, 1.0]],
               'R_LOWER_LEG': [[16.66670036315918,
                                0.0,
                                0.0,
                                -0.21334999799728394],
                               [0.0,
                                16.66670036315918,
                                4.999999873689376e-06,
                                1.2988699674606323],
                               [0.0,
                                -9.999999974752427e-07,
                                4.0,
                                -1.3400299549102783],
                               [0.0, 0.0, 0.0, 1.0]],
               'R_UPPER_ARM': [[16.66670036315918,
                                -0.0,
                                -0.0,
                                0.6000000238418579],
                               [0.0,
                                3.577080011367798,
                                2.504699945449829,
                                -2.430959939956665],
                               [0.0,
                                -9.559619903564453,
                                13.65250015258789,
                                -23.010799407958984],
                               [0.0, 0.0, 0.0, 1.0]],
               'R_UPPER_LEG': [[11.111100196838379,
                                9.000000318337698e-06,
                                -0.0008740000193938613,
                                -0.150628000497818],
                               [-4.999999873689376e-06,
                                11.111000061035156,
                                0.050136998295784,
                                0.8352059721946716],
                               [0.0002460000105202198,
                                -0.014100999571383,
                                3.124969959259033,
                                -2.519619941711426],
                               [0.0, 0.0, 0.0, 1.0]],
               'UPPER_BACK': [[11.111100196838379,
                               0.0,
                               0.0,
                               0.16666699945926666],
                              [0.0, 7.692309856414795, 0.0, 0.0],
                              [0.0, 0.0, 6.666669845581055, -9.221759796142578],
                              [0.0, 0.0, 0.0, 1.0]],
               'mAnkleLeft': [[1.0, 0.0, 0.0, -0.003938999958336353],
                              [0.0, 1.0, 0.0, -0.08053100109100342],
                              [0.0, 0.0, 1.0, -0.0665149986743927],
                              [0.0, 0.0, 0.0, 1.0]],
               'mAnkleRight': [[1.0, 0.0, 0.0, -0.003932000137865543],
                               [0.0, 1.0, 0.0, 0.07793299853801727],
                               [0.0, 0.0, 1.0, -0.06651300191879272],
                               [0.0, 0.0, 0.0, 1.0]],
               'mChest': [[1.0, 0.0, 0.0, 0.014999999664723873],
                          [0.0, 1.0, 0.0, -0.0],
                          [0.0, 0.0, 1.0, -1.3662699460983276],
                          [0.0, 0.0, 0.0, 1.0]],
               'mCollarLeft': [[1.0, 0.0, 0.0, 0.035999998450279236],
                               [0.0,
                                0.7142860293388367,
                                0.0,
                                -0.0607139989733696],
                               [0.0, 0.0, 1.0, -1.5312600135803223],
                               [0.0, 0.0, 0.0, 1.0]],
               'mCollarRight': [[1.0, 0.0, 0.0, 0.035999998450279236],
                                [0.0,
                                 0.7142860293388367,
                                 0.0,
                                 0.0607139989733696],
                                [0.0, 0.0, 1.0, -1.5312600135803223],
                                [0.0, 0.0, 0.0, 1.0]],
               'mElbowLeft': [[1.0, 0.0, 0.0, 0.035999998450279236],
                              [0.0,
                               0.6414999961853027,
                               -0.3703700006008148,
                               0.1936579942703247],
                              [0.0,
                               0.5,
                               0.8660249710083008,
                               -1.4239100217819214],
                              [0.0, 0.0, 0.0, 1.0]],
               'mElbowRight': [[1.0, 0.0, 0.0, 0.035999998450279236],
                               [0.0,
                                0.6414999961853027,
                                0.3703700006008148,
                                -0.1936579942703247],
                               [0.0,
                                -0.5,
                                0.8660249710083008,
                                -1.4239100217819214],
                               [0.0, 0.0, 0.0, 1.0]],
               'mEyeLeft': [[0.9486830234527588,
                             0.0,
                             -0.316228985786438,
                             0.46071499586105347],
                            [0.0, 1.0, 0.0, -0.035999998450279236],
                            [0.316228985786438,
                             0.0,
                             0.9486830234527588,
                             -1.6774699687957764],
                            [0.0, 0.0, 0.0, 1.0]],
               'mEyeRight': [[0.9486830234527588,
                              0.0,
                              -0.316228985786438,
                              0.46070998907089233],
                             [0.0, 1.0, 0.0, 0.035999998450279236],
                             [0.316228985786438,
                              0.0,
                              0.9486830234527588,
                              -1.6774699687957764],
                             [0.0, 0.0, 0.0, 1.0]],
               'mFaceCheekLowerLeft': [[0.9985690116882324,
                                        0.015825999900698662,
                                        -0.05107700079679489,
                                        0.03491000086069107],
                                       [-0.021617000922560692,
                                        0.9931420087814331,
                                        -0.11489800363779068,
                                        0.16067999601364136],
                                       [0.04890799894928932,
                                        0.11583799868822098,
                                        0.9920629858970642,
                                        -1.6758899688720703],
                                       [0.0, 0.0, 0.0, 1.0]],
               'mFaceCheekLowerRight': [[0.9985690116882324,
                                         -0.015825999900698662,
                                         -0.05107700079679489,
                                         0.03491000086069107],
                                        [0.021617000922560692,
                                         0.9931420087814331,
                                         0.11489800363779068,
                                         -0.16067999601364136],
                                        [0.04890799894928932,
                                         -0.11583799868822098,
                                         0.9920629858970642,
                                         -1.6758899688720703],
                                        [0.0, 0.0, 0.0, 1.0]],
               'mFaceCheekUpperLeft': [[0.9759939908981323,
                                        0.0077149998396635056,
                                        -0.21765999495983124,
                                        0.29410800337791443],
                                       [-0.04005400091409683,
                                        0.9886850118637085,
                                        -0.14456099271774292,
                                        0.21542300283908844],
                                       [0.2140820026397705,
                                        0.14980900287628174,
                                        0.9652600288391113,
                                        -1.6638100147247314],
                                       [0.0, 0.0, 0.0, 1.0]],
               'mFaceCheekUpperRight': [[0.9759939908981323,
                                         -0.0077149998396635056,
                                         -0.21765999495983124,
                                         0.29410800337791443],
                                        [0.04005400091409683,
                                         0.9886850118637085,
                                         0.14456099271774292,
                                         -0.21542300283908844],
                                        [0.2140820026397705,
                                         -0.14980900287628174,
                                         0.9652600288391113,
                                         -1.6638100147247314],
                                        [0.0, 0.0, 0.0, 1.0]],
               'mFaceChin': [[0.9486839771270752,
                              0.0,
                              -0.316226989030838,
                              0.4611720144748688],
                             [-0.0, 1.0, 0.0, -0.0],
                             [0.316226989030838,
                              -0.0,
                              0.9486839771270752,
                              -1.574470043182373],
                             [0.0, 0.0, 0.0, 1.0]],
               'mFaceEar1Left': [[0.9591130018234253,
                                  -0.12346299737691879,
                                  -0.2546730041503906,
                                  0.43805599212646484],
                                 [0.13983100652694702,
                                  0.9890530109405518,
                                  0.047130998224020004,
                                  -0.16247299313545227],
                                 [0.24606600403785706,
                                  -0.08081500232219696,
                                  0.9658780097961426,
                                  -1.667739987373352],
                                 [0.0, 0.0, 0.0, 1.0]],
               'mFaceEar1Right': [[0.9591130018234253,
                                   0.12346299737691879,
                                   -0.2546730041503906,
                                   0.43805599212646484],
                                  [-0.13983100652694702,
                                   0.9890530109405518,
                                   -0.047130998224020004,
                                   0.16247299313545227],
                                  [0.24606600403785706,
                                   0.08081500232219696,
                                   0.9658780097961426,
                                   -1.667739987373352],
                                  [0.0, 0.0, 0.0, 1.0]],
               'mFaceEar2Left': [[0.9721959829330444,
                                  0.009475000202655792,
                                  -0.23397600650787354,
                                  0.40742799639701843],
                                 [0.009475000202655792,
                                  0.996770977973938,
                                  0.07973700016736984,
                                  -0.23802800476551056],
                                 [0.23397600650787354,
                                  -0.07973700016736984,
                                  0.9689670205116272,
                                  -1.6980600357055664],
                                 [0.0, 0.0, 0.0, 1.0]],
               'mFaceEar2Right': [[0.9721959829330444,
                                   -0.009475000202655792,
                                   -0.23397600650787354,
                                   0.40742799639701843],
                                  [-0.009475000202655792,
                                   0.996770977973938,
                                   -0.07973700016736984,
                                   0.23802800476551056],
                                  [0.23397600650787354,
                                   0.07973700016736984,
                                   0.9689670205116272,
                                   -1.6980600357055664],
                                  [0.0, 0.0, 0.0, 1.0]],
               'mFaceEyeAltLeft': [[0.9486830234527588,
                                    0.0,
                                    -0.316228985786438,
                                    0.46071499586105347],
                                   [0.0, 1.0, 0.0, -0.035999998450279236],
                                   [0.316228985786438,
                                    0.0,
                                    0.9486830234527588,
                                    -1.67739999294281],
                                   [0.0, 0.0, 0.0, 1.0]],
               'mFaceEyeAltRight': [[0.9486830234527588,
                                     0.0,
                                     -0.316228985786438,
                                     0.46070998907089233],
                                    [0.0, 1.0, 0.0, 0.035999998450279236],
                                    [0.316228985786438,
                                     0.0,
                                     0.9486830234527588,
                                     -1.67739999294281],
                                    [0.0, 0.0, 0.0, 1.0]],
               'mFaceEyeLidLowerLeft': [[0.9486830234527588,
                                         0.0,
                                         -0.3162280023097992,
                                         0.46117401123046875],
                                        [0.0, 1.0, 0.0, -0.035999998450279236],
                                        [0.3162280023097992,
                                         0.0,
                                         0.9486830234527588,
                                         -1.6774699687957764],
                                        [0.0, 0.0, 0.0, 1.0]],
               'mFaceEyeLidLowerRight': [[0.9486830234527588,
                                          0.0,
                                          -0.3162280023097992,
                                          0.46117401123046875],
                                         [0.0, 1.0, 0.0, 0.035999998450279236],
                                         [0.3162280023097992,
                                          0.0,
                                          0.9486830234527588,
                                          -1.6774699687957764],
                                         [0.0, 0.0, 0.0, 1.0]],
               'mFaceEyeLidUpperLeft': [[0.9486839771270752,
                                         0.0,
                                         -0.3162260055541992,
                                         0.4611699879169464],
                                        [0.0, 1.0, 0.0, -0.035999998450279236],
                                        [0.3162260055541992,
                                         0.0,
                                         0.9486839771270752,
                                         -1.6774699687957764],
                                        [0.0, 0.0, 0.0, 1.0]],
               'mFaceEyeLidUpperRight': [[0.9486839771270752,
                                          0.0,
                                          -0.3162260055541992,
                                          0.4611699879169464],
                                         [0.0, 1.0, 0.0, 0.035999998450279236],
                                         [0.3162260055541992,
                                          0.0,
                                          0.9486839771270752,
                                          -1.6774699687957764],
                                         [0.0, 0.0, 0.0, 1.0]],
               'mFaceEyebrowCenterLeft': [[0.9486839771270752,
                                           0.0,
                                           -0.316226989030838,
                                           0.46417298913002014],
                                          [0.0, 1.0, 0.0, -0.0430000014603138],
                                          [0.316226989030838,
                                           0.0,
                                           0.9486839771270752,
                                           -1.699470043182373],
                                          [0.0, 0.0, 0.0, 1.0]],
               'mFaceEyebrowCenterRight': [[0.9486839771270752,
                                            0.0,
                                            -0.316226989030838,
                                            0.46417298913002014],
                                           [0.0, 1.0, 0.0, 0.0430000014603138],
                                           [0.316226989030838,
                                            0.0,
                                            0.9486839771270752,
                                            -1.699470043182373],
                                           [0.0, 0.0, 0.0, 1.0]],
               'mFaceEyebrowInnerLeft': [[0.9486839771270752,
                                          0.0,
                                          -0.3162260055541992,
                                          0.45917099714279175],
                                         [0.0, 1.0, 0.0, -0.02199999988079071],
                                         [0.3162260055541992,
                                          0.0,
                                          0.9486839771270752,
                                          -1.6944700479507446],
                                         [0.0, 0.0, 0.0, 1.0]],
               'mFaceEyebrowInnerRight': [[0.9486839771270752,
                                           0.0,
                                           -0.3162260055541992,
                                           0.45917099714279175],
                                          [0.0, 1.0, 0.0, 0.02199999988079071],
                                          [0.3162260055541992,
                                           0.0,
                                           0.9486839771270752,
                                           -1.6944700479507446],
                                          [0.0, 0.0, 0.0, 1.0]],
               'mFaceEyebrowOuterLeft': [[0.9704650044441223,
                                          0.005427999887615442,
                                          -0.24118000268936157,
                                          0.33637699484825134],
                                         [-0.03853699937462807,
                                          0.9903969764709473,
                                          -0.1327739953994751,
                                          0.185712993144989],
                                         [0.23814299702644348,
                                          0.1381469964981079,
                                          0.9613549709320068,
                                          -1.7137900590896606],
                                         [0.0, 0.0, 0.0, 1.0]],
               'mFaceEyebrowOuterRight': [[0.9704650044441223,
                                           -0.005427999887615442,
                                           -0.24118000268936157,
                                           0.33637699484825134],
                                          [0.03853699937462807,
                                           0.9903969764709473,
                                           0.1327739953994751,
                                           -0.185712993144989],
                                          [0.23814299702644348,
                                           -0.1381469964981079,
                                           0.9613549709320068,
                                           -1.7137900590896606],
                                          [0.0, 0.0, 0.0, 1.0]],
               'mFaceEyecornerInnerLeft': [[0.9486839771270752,
                                            0.0,
                                            -0.31622499227523804,
                                            0.45917001366615295],
                                           [0.0,
                                            1.0,
                                            0.0,
                                            -0.017000000923871994],
                                           [0.31622499227523804,
                                            0.0,
                                            0.9486839771270752,
                                            -1.675469994544983],
                                           [0.0, 0.0, 0.0, 1.0]],
               'mFaceEyecornerInnerRight': [[0.9486839771270752,
                                             0.0,
                                             -0.31622499227523804,
                                             0.45917001366615295],
                                            [0.0,
                                             1.0,
                                             0.0,
                                             0.017000000923871994],
                                            [0.31622499227523804,
                                             0.0,
                                             0.9486839771270752,
                                             -1.675469994544983],
                                            [0.0, 0.0, 0.0, 1.0]],
               'mFaceForeheadCenter': [[0.9486839771270752,
                                        0.0,
                                        -0.3162260055541992,
                                        0.4651710093021393],
                                       [-0.0, 1.0, 0.0, -0.0],
                                       [0.3162260055541992,
                                        0.0,
                                        0.9486839771270752,
                                        -1.7084699869155884],
                                       [0.0, 0.0, 0.0, 1.0]],
               'mFaceForeheadLeft': [[0.9502890110015869,
                                      -0.02540300041437149,
                                      -0.31033000349998474,
                                      0.46336600184440613],
                                     [0.013554000295698643,
                                      0.9990969896316528,
                                      -0.040279000997543335,
                                      0.035714998841285706],
                                     [0.3110730051994324,
                                      0.034070998430252075,
                                      0.949774980545044,
                                      -1.7291100025177002],
                                     [0.0, 0.0, 0.0, 1.0]],
               'mFaceForeheadRight': [[0.9502890110015869,
                                       0.02540300041437149,
                                       -0.31033000349998474,
                                       0.46336600184440613],
                                      [-0.013554000295698643,
                                       0.9990969896316528,
                                       0.040279000997543335,
                                       -0.035714998841285706],
                                      [0.3110730051994324,
                                       -0.034070998430252075,
                                       0.949774980545044,
                                       -1.7291100025177002],
                                      [0.0, 0.0, 0.0, 1.0]],
               'mFaceJaw': [[0.9486839771270752,
                             0.0,
                             -0.316226989030838,
                             0.5351729989051819],
                            [-0.0, 1.0, 0.0, -0.0],
                            [0.316226989030838,
                             -0.0,
                             0.9486839771270752,
                             -1.6284699440002441],
                            [0.0, 0.0, 0.0, 1.0]],
               'mFaceJawShaper': [[0.9486839771270752,
                                   0.0,
                                   -0.316226989030838,
                                   0.5341730117797852],
                                  [-0.0, 1.0, 0.0, -0.0],
                                  [0.316226989030838,
                                   0.0,
                                   0.9486839771270752,
                                   -1.643470048904419],
                                  [0.0, 0.0, 0.0, 1.0]],
               'mFaceLipCornerLeft': [[0.989982008934021,
                                       0.014476999640464783,
                                       -0.1404460072517395,
                                       0.19013600051403046],
                                      [-0.03644099831581116,
                                       0.9872260093688965,
                                       -0.1551010012626648,
                                       0.2802099883556366],
                                      [0.1364070028066635,
                                       0.1586659997701645,
                                       0.9778640270233154,
                                       -1.6410900354385376],
                                      [0.0, 0.0, 0.0, 1.0]],
               'mFaceLipCornerRight': [[0.989982008934021,
                                        -0.014476999640464783,
                                        -0.1404460072517395,
                                        0.19013600051403046],
                                       [0.03644099831581116,
                                        0.9872260093688965,
                                        0.1551010012626648,
                                        -0.2802099883556366],
                                       [0.1364070028066635,
                                        -0.1586659997701645,
                                        0.9778640270233154,
                                        -1.6410900354385376],
                                       [0.0, 0.0, 0.0, 1.0]],
               'mFaceLipLowerCenter': [[0.9486830234527588,
                                        0.0,
                                        -0.316226989030838,
                                        0.46917399764060974],
                                       [-0.0, 1.0, 0.0, -0.0],
                                       [0.316226989030838,
                                        0.0,
                                        0.9486830234527588,
                                        -1.5894700288772583],
                                       [0.0, 0.0, 0.0, 1.0]],
               'mFaceLipLowerLeft': [[0.9670460224151611,
                                      -0.014619999565184116,
                                      -0.25418201088905334,
                                      0.3653540015220642],
                                     [-0.018404999747872353,
                                      0.9917240142822266,
                                      -0.12706199288368225,
                                      0.21150800585746765],
                                     [0.2539359927177429,
                                      0.12755300104618073,
