# Preset data auto-generated by Bento Budddy

presets = {'apply_location': True,
 'apply_rotation': True,
 'apply_scale': True,
 'blank': False,
 'dae_apply_modifiers': False,
 'dae_deform_bones_only': True,
 'dae_include_animations': False,
 'dae_include_armatures': True,
 'dae_include_children': False,
 'dae_include_shapekeys': False,
 'dae_open_sim': True,
 'dae_selected': True,
 'dae_sort_by_name': True,
 'dae_triangulate': False,
 'dae_use_blender_profile': False,
 'dae_use_object_instantiation': False,
 'devkit_poll': 1,
 'devkit_state': False,
 'export_advanced': False,
 'export_apply_modifiers': False,
 'export_blank': False,
 'export_full_rig': False,
 'export_menu_enabled': True,
 'export_path_to_pelvis': False,
 'export_reset': False,
 'fix_broken_bones': False,
 'process_attachment_bones': False,
 'process_volume_bones': True,
 'remove_empty_groups': True,
 'rig_class_default': False,
 'rig_class_male_default': False,
 'rig_class_male_neutral': False,
 'rig_class_name': 'default',
 'rig_class_neutral': False,
 'rotate_for_sl': True,
 'use_app_compatible_data': True,
 'use_bind_data': False,
 'use_offset_location': False,
 'use_offset_rotation': False,
 'use_offset_scale': False,
 'use_rig_data': False,
 'use_sl_compatible_data': False,
 'volume_bone_location': True,
 'volume_bone_rotation': True,
 'volume_bone_scale': True}
matrices = {'bind_data': {'BELLY': [[11.003000259399414,
                          0.0,
                          -1.546370029449463,
                          1.5337799787521362],
                         [0.0, 7.692309856414795, 0.0, 0.0],
                         [0.9278209805488586,
                          0.0,
                          6.601789951324463,
                          -7.889289855957031],
                         [0.0, 0.0, 0.0, 1.0]],
               'BUTT': [[10.0, 0.0, 0.0, 0.6000000238418579],
                        [0.0, 10.0, 0.0, 0.0],
                        [0.0, 0.0, 10.0, -9.670149803161621],
                        [0.0, 0.0, 0.0, 1.0]],
               'CHEST': [[8.952799797058105,
                          0.0,
                          1.5786199569702148,
                          -2.3676400184631348],
                         [0.0, 6.666669845581055, 0.0, 0.0],
                         [-0.868241012096405,
                          0.0,
                          4.924039840698242,
                          -7.010829925537109],
                         [0.0, 0.0, 0.0, 1.0]],
               'HEAD': [[9.090909957885742, 0.0, 0.0, 0.045455001294612885],
                        [0.0, 11.111100196838379, 0.0, 0.0],
                        [0.0, 0.0, 7.939809799194336, -13.91919994354248],
                        [0.0, 0.0, 0.0, 1.0]],
               'LEFT_HANDLE': [[20.0, 0.0, 0.0, 0.0],
                               [0.0, 20.0, 0.0, -2.0],
                               [0.0, 0.0, 20.0, -24.181800842285156],
                               [0.0, 0.0, 0.0, 1.0]],
               'LEFT_PEC': [[19.944000244140625,
                             0.0,
                             -1.496090054512024,
                             0.017497999593615532],
                            [-0.0, 20.0, 0.0, -1.6399999856948853],
                            [1.496090054512024,
                             0.0,
                             19.944000244140625,
                             -28.038999557495117],
                            [0.0, 0.0, 0.0, 1.0]],
               'LOWER_BACK': [[11.111100196838379, 0.0, 0.0, 0.0],
                              [0.0, 7.692309856414795, 0.0, 0.0],
                              [0.0, 0.0, 6.666669845581055, -7.82774019241333],
                              [0.0, 0.0, 0.0, 1.0]],
               'L_CLAVICLE': [[14.285699844360352,
                               0.0,
                               0.0,
                               0.22857099771499634],
                              [0.0, 7.142859935760498, 0.0, -0.607142984867096],
                              [0.0, 0.0, 20.0, -30.821800231933594],
                              [0.0, 0.0, 0.0, 1.0]],
               'L_FOOT': [[6.565380096435547,
                           0.0,
                           -1.1576499938964844,
                           -0.5678009986877441],
                          [0.0, 16.66670036315918, 0.0, -1.3762500286102295],
                          [3.4729599952697754,
                           0.0,
                           19.696199417114258,
                           -0.8185250163078308],
                          [0.0, 0.0, 0.0, 1.0]],
               'L_HAND': [[19.696199417114258,
                           -2.4557600021362305,
                           2.4557600021362305,
                           -1.0742100477218628],
                          [2.1676299571990967,
                           8.230030059814453,
                           -9.1552095413208,
                           6.450920104980469],
                          [0.30293500423431396,
                           24.75279998779297,
                           22.32309913635254,
                           -38.87089920043945],
                          [0.0, 0.0, 0.0, 1.0]],
               'L_LOWER_ARM': [[25.0, 0.0, 0.0, 0.8999999761581421],
                               [0.0,
                                4.7795000076293945,
                                -5.30817985534668,
                                4.808060169219971],
                               [0.0,
                                18.57859992980957,
                                16.728300094604492,
                                -28.947399139404297],
                               [0.0, 0.0, 0.0, 1.0]],
               'L_LOWER_LEG': [[16.66670036315918,
                                0.0,
                                0.0,
                                -0.21449999511241913],
                               [0.0,
                                16.66670036315918,
                                0.0,
                                -1.353279948234558],
                               [0.0, 0.0, 4.0, -1.3398499488830566],
                               [0.0, 0.0, 0.0, 1.0]],
               'L_UPPER_ARM': [[20.0, 0.0, -0.0, 0.7200000286102295],
                               [0.0,
                                3.781100034713745,
                                -4.506140232086182,
                                5.536069869995117],
                               [0.0,
                                15.320899963378906,
                                12.855799674987793,
                                -22.475799560546875],
                               [0.0, 0.0, 0.0, 1.0]],
               'L_UPPER_LEG': [[11.111100196838379,
                                0.0,
                                0.0,
                                -0.1528560072183609],
                               [0.0,
                                11.111100196838379,
                                0.0,
                                -0.852944016456604],
                               [0.0, 0.0, 3.125, -2.5188000202178955],
                               [0.0, 0.0, 0.0, 1.0]],
               'NECK': [[20.0, 0.0, 0.0, 0.5],
                        [0.0, 16.66670036315918, 0.0, 0.0],
                        [0.0, 0.0, 12.5, -20.338600158691406],
                        [0.0, 0.0, 0.0, 1.0]],
               'PELVIS': [[8.252229690551758,
                           0.0,
                           -1.1597800254821777,
                           1.296820044517517],
                          [0.0, 6.25, 0.0, 0.0],
                          [0.8186650276184082,
                           0.0,
                           5.825109958648682,
                           -6.090789794921875],
                          [0.0, 0.0, 0.0, 1.0]],
               'RIGHT_HANDLE': [[20.0, 0.0, 0.0, 0.0],
                                [0.0, 20.0, 0.0, 2.0],
                                [0.0, 0.0, 20.0, -24.181800842285156],
                                [0.0, 0.0, 0.0, 1.0]],
               'RIGHT_PEC': [[19.944000244140625,
                              0.0,
                              -1.496090054512024,
                              0.017497999593615532],
                             [0.0, 20.0, -0.0, 1.6399999856948853],
                             [1.496090054512024,
                              0.0,
                              19.944000244140625,
                              -28.038999557495117],
                             [0.0, 0.0, 0.0, 1.0]],
               'R_CLAVICLE': [[14.285699844360352,
                               0.0,
                               0.0,
                               0.22857099771499634],
                              [0.0, 7.142859935760498, -0.0, 0.607142984867096],
                              [0.0, 0.0, 20.0, -30.821800231933594],
                              [0.0, 0.0, 0.0, 1.0]],
               'R_FOOT': [[6.565390110015869,
                           0.0,
                           -1.1576600074768066,
                           -0.5677250027656555],
                          [0.0, 16.66670036315918, 0.0, 1.3361799716949463],
                          [3.4729599952697754,
                           0.0,
                           19.696199417114258,
                           -0.8184450268745422],
                          [0.0, 0.0, 0.0, 1.0]],
               'R_HAND': [[19.696199417114258,
                           2.4557600021362305,
                           2.4557600021362305,
                           -1.0726499557495117],
                          [-2.1676299571990967,
                           8.230030059814453,
                           9.1552095413208,
                           -6.445580005645752],
                          [0.30293500423431396,
                           -24.75279998779297,
                           22.32309913635254,
                           -38.881500244140625],
                          [0.0, 0.0, 0.0, 1.0]],
               'R_LOWER_ARM': [[25.0, 0.0, 0.0, 0.8999999761581421],
                               [0.0,
                                4.7795000076293945,
                                5.30817985534668,
                                -4.808060169219971],
                               [0.0,
                                -18.57859992980957,
                                16.728300094604492,
                                -28.947399139404297],
                               [0.0, 0.0, 0.0, 1.0]],
               'R_LOWER_LEG': [[16.66670036315918,
                                0.0,
                                0.0,
                                -0.21400000154972076],
                               [0.0,
                                16.66670036315918,
                                0.0,
                                1.3361799716949463],
                               [0.0, 0.0, 4.0, -1.3400299549102783],
                               [0.0, 0.0, 0.0, 1.0]],
               'R_UPPER_ARM': [[20.0, -0.0, -0.0, 0.7200000286102295],
                               [0.0,
                                3.781100034713745,
                                4.506140232086182,
                                -5.536069869995117],
                               [0.0,
                                -15.320899963378906,
                                12.855799674987793,
                                -22.475799560546875],
                               [0.0, 0.0, 0.0, 1.0]],
               'R_UPPER_LEG': [[11.111100196838379,
                                0.0,
                                0.0,
                                -0.1513330042362213],
                               [0.0,
                                11.111100196838379,
                                0.0,
                                0.8756219744682312],
                               [0.0, 0.0, 3.125, -2.5185298919677734],
                               [0.0, 0.0, 0.0, 1.0]],
               'UPPER_BACK': [[11.111100196838379,
                               0.0,
                               0.0,
                               0.16666699945926666],
                              [0.0, 7.692309856414795, 0.0, 0.0],
                              [0.0, 0.0, 6.666669845581055, -9.15392017364502],
                              [0.0, 0.0, 0.0, 1.0]],
               'mAnkleLeft': [[1.0, 0.0, 0.0, -0.003982999827712774],
                              [0.0, 1.0, 0.0, -0.0825750008225441],
                              [0.0, 0.0, 1.0, -0.0665149986743927],
                              [0.0, 0.0, 0.0, 1.0]],
               'mAnkleRight': [[1.0, 0.0, 0.0, -0.003971000202000141],
                               [0.0, 1.0, 0.0, 0.08017099648714066],
                               [0.0, 0.0, 1.0, -0.06651300191879272],
                               [0.0, 0.0, 0.0, 1.0]],
               'mChest': [[1.0, 0.0, 0.0, 0.014999999664723873],
                          [0.0, 1.0, 0.0, 0.0],
                          [0.0, 0.0, 1.0, -1.3560899496078491],
                          [0.0, 0.0, 0.0, 1.0]],
               'mCollarLeft': [[1.0, 0.0, 0.0, 0.035999998450279236],
                               [0.0, 1.0, 0.0, -0.08500000089406967],
                               [0.0, 0.0, 1.0, -1.521090030670166],
                               [0.0, 0.0, 0.0, 1.0]],
               'mCollarRight': [[1.0, 0.0, 0.0, 0.035999998450279236],
                                [0.0, 1.0, 0.0, 0.08500000089406967],
                                [0.0, 0.0, 1.0, -1.521090030670166],
                                [0.0, 0.0, 0.0, 1.0]],
               'mElbowLeft': [[1.0, -0.0, 0.0, 0.035999998450279236],
                              [0.0,
                               0.7071070075035095,
                               -0.7071070075035095,
                               0.7116060256958008],
                              [0.0,
                               0.7071070075035095,
                               0.7071070075035095,
                               -1.191540002822876],
                              [0.0, 0.0, 0.0, 1.0]],
               'mElbowRight': [[1.0, 0.0, 0.0, 0.035999998450279236],
                               [0.0,
                                0.7071070075035095,
                                0.7071070075035095,
                                -0.7116060256958008],
                               [0.0,
                                -0.7071070075035095,
                                0.7071070075035095,
                                -1.191540002822876],
                               [0.0, 0.0, 0.0, 1.0]],
               'mEyeLeft': [[0.8820970058441162,
                             0.0,
                             -0.47106701135635376,
                             0.7164390087127686],
                            [0.0, 1.0, 0.0, -0.035999998450279236],
                            [0.47106701135635376,
                             0.0,
                             0.8820970058441162,
                             -1.5518699884414673],
                            [0.0, 0.0, 0.0, 1.0]],
               'mEyeRight': [[0.8820970058441162,
                              0.0,
                              -0.47106701135635376,
                              0.7164340019226074],
                             [0.0, 1.0, 0.0, 0.035999998450279236],
                             [0.47106701135635376,
                              0.0,
                              0.8820970058441162,
                              -1.5518699884414673],
                             [0.0, 0.0, 0.0, 1.0]],
               'mFaceCheekLowerLeft': [[0.9034559726715088,
                                        0.35839998722076416,
                                        -0.23519399762153625,
                                        0.41447100043296814],
                                       [-0.42110198736190796,
                                        0.8446940183639526,
                                        -0.33040300011634827,
                                        0.5126019716262817],
                                       [0.08025000244379044,
                                        0.3975450098514557,
                                        0.9140660166740417,
                                        -1.5483399629592896],
                                       [0.0, 0.0, 0.0, 1.0]],
               'mFaceCheekLowerRight': [[0.9034559726715088,
                                         -0.35839998722076416,
                                         -0.23519399762153625,
                                         0.41447100043296814],
                                        [0.42110198736190796,
                                         0.8446940183639526,
                                         0.33040300011634827,
                                         -0.5126019716262817],
                                        [0.08025000244379044,
                                         -0.3975450098514557,
                                         0.9140660166740417,
                                         -1.5483399629592896],
                                        [0.0, 0.0, 0.0, 1.0]],
               'mFaceCheekUpperLeft': [[0.44040200114250183,
                                        0.24836300313472748,
                                        -0.8627640008926392,
                                        1.4284000396728516],
                                       [-0.7461209893226624,
                                        0.6357340216636658,
                                        -0.1978529989719391,
                                        0.29961100220680237],
                                       [0.4993489980697632,
                                        0.7308610081672668,
                                        0.4652880132198334,
                                        -0.7925379872322083],
                                       [0.0, 0.0, 0.0, 1.0]],
               'mFaceCheekUpperRight': [[0.44040200114250183,
                                         -0.24836300313472748,
                                         -0.8627640008926392,
                                         1.4284000396728516],
                                        [0.7461209893226624,
                                         0.6357340216636658,
                                         0.1978529989719391,
                                         -0.29961100220680237],
                                        [0.4993489980697632,
                                         -0.7308610081672668,
                                         0.4652880132198334,
                                         -0.7925379872322083],
                                        [0.0, 0.0, 0.0, 1.0]],
               'mFaceChin': [[0.9990479946136475,
                              0.0,
                              -0.04361899942159653,
                              0.007259999867528677],
                             [0.0, 1.0, 0.0, 0.0],
                             [0.04361899942159653,
                              0.0,
                              0.9990479946136475,
                              -1.657789945602417],
                             [0.0, 0.0, 0.0, 1.0]],
               'mFaceEar1Left': [[0.20539699494838715,
                                  -0.688497006893158,
                                  -0.6955459713935852,
                                  1.2577999830245972],
                                 [0.5547289848327637,
                                  0.6674079895019531,
                                  -0.496832013130188,
                                  0.8049039840698242],
                                 [0.8062809705734253,
                                  -0.2837910056114197,
                                  0.519012987613678,
                                  -0.876675009727478],
                                 [0.0, 0.0, 0.0, 1.0]],
               'mFaceEar1Right': [[0.20539699494838715,
                                   0.688497006893158,
                                   -0.6955459713935852,
                                   1.2577999830245972],
                                  [-0.5547289848327637,
                                   0.6674079895019531,
                                   0.496832013130188,
                                   -0.8049039840698242],
                                  [0.8062809705734253,
                                   0.2837910056114197,
                                   0.519012987613678,
                                   -0.876675009727478],
                                  [0.0, 0.0, 0.0, 1.0]],
               'mFaceEar2Left': [[0.5720319747924805,
                                  0.1506350040435791,
                                  -0.8062809705734253,
                                  1.3776700496673584],
                                 [0.1506350040435791,
                                  0.9469799995422363,
                                  0.28379198908805847,
                                  -0.5928450226783752],
                                 [0.8062809705734253,
                                  -0.28379198908805847,
                                  0.5190119743347168,
                                  -0.9016739726066589],
                                 [0.0, 0.0, 0.0, 1.0]],
               'mFaceEar2Right': [[0.5720319747924805,
                                   -0.1506350040435791,
                                   -0.8062809705734253,
                                   1.3776700496673584],
                                  [-0.1506350040435791,
                                   0.9469799995422363,
                                   -0.28379198908805847,
                                   0.5928450226783752],
                                  [0.8062809705734253,
                                   0.28379198908805847,
                                   0.5190119743347168,
                                   -0.9016739726066589],
                                  [0.0, 0.0, 0.0, 1.0]],
               'mFaceEyeAltLeft': [[-0.0683170035481453,
                                    0.0,
                                    -0.9976639747619629,
                                    1.652400016784668],
                                   [0.0, 1.0, 0.0, -0.035999998450279236],
                                   [0.9976639747619629,
                                    0.0,
                                    -0.0683170035481453,
                                    0.08425100147724152],
                                   [0.0, 0.0, 0.0, 1.0]],
               'mFaceEyeAltRight': [[-0.0683170035481453,
                                     0.0,
                                     -0.9976639747619629,
                                     1.6523900032043457],
                                    [0.0, 1.0, 0.0, 0.035999998450279236],
                                    [0.9976639747619629,
                                     0.0,
                                     -0.0683170035481453,
                                     0.08425100147724152],
                                    [0.0, 0.0, 0.0, 1.0]],
               'mFaceEyeLidLowerLeft': [[-0.06831599771976471,
                                         0.0,
                                         -0.9976639747619629,
                                         1.6528600454330444],
                                        [0.0, 1.0, 0.0, -0.035999998450279236],
                                        [0.9976639747619629,
                                         0.0,
                                         -0.06831599771976471,
                                         0.08417899906635284],
                                        [0.0, 0.0, 0.0, 1.0]],
               'mFaceEyeLidLowerRight': [[-0.06831599771976471,
                                          0.0,
                                          -0.9976639747619629,
                                          1.6528600454330444],
                                         [0.0, 1.0, 0.0, 0.035999998450279236],
                                         [0.9976639747619629,
                                          0.0,
                                          -0.06831599771976471,
                                          0.08417899906635284],
                                         [0.0, 0.0, 0.0, 1.0]],
               'mFaceEyeLidUpperLeft': [[-0.0683170035481453,
                                         0.0,
                                         -0.9976639747619629,
                                         1.6528600454330444],
                                        [0.0, 1.0, 0.0, -0.035999998450279236],
                                        [0.9976639747619629,
                                         0.0,
                                         -0.0683170035481453,
                                         0.08418100327253342],
                                        [0.0, 0.0, 0.0, 1.0]],
               'mFaceEyeLidUpperRight': [[-0.0683170035481453,
                                          0.0,
                                          -0.9976639747619629,
                                          1.6528600454330444],
                                         [0.0, 1.0, 0.0, 0.035999998450279236],
                                         [0.9976639747619629,
                                          0.0,
                                          -0.0683170035481453,
                                          0.08418100327253342],
                                         [0.0, 0.0, 0.0, 1.0]],
               'mFaceEyebrowCenterLeft': [[-0.0683170035481453,
                                           0.0,
                                           -0.9976639747619629,
                                           1.6558599472045898],
                                          [0.0, 1.0, 0.0, -0.0430000014603138],
                                          [0.9976639747619629,
                                           0.0,
                                           -0.0683170035481453,
                                           0.06218099966645241],
                                          [0.0, 0.0, 0.0, 1.0]],
               'mFaceEyebrowCenterRight': [[-0.0683170035481453,
                                            0.0,
                                            -0.9976639747619629,
                                            1.6558599472045898],
                                           [0.0, 1.0, 0.0, 0.0430000014603138],
                                           [0.9976639747619629,
                                            0.0,
                                            -0.0683170035481453,
                                            0.06218099966645241],
                                           [0.0, 0.0, 0.0, 1.0]],
               'mFaceEyebrowInnerLeft': [[-0.0683170035481453,
                                          0.0,
                                          -0.9976639747619629,
                                          1.6508599519729614],
                                         [0.0, 1.0, 0.0, -0.02199999988079071],
                                         [0.9976639747619629,
                                          0.0,
                                          -0.0683170035481453,
                                          0.06718099862337112],
                                         [0.0, 0.0, 0.0, 1.0]],
               'mFaceEyebrowInnerRight': [[-0.0683170035481453,
                                           0.0,
                                           -0.9976639747619629,
                                           1.6508599519729614],
                                          [0.0, 1.0, 0.0, 0.02199999988079071],
                                          [0.9976639747619629,
                                           0.0,
                                           -0.0683170035481453,
                                           0.06718099862337112],
                                          [0.0, 0.0, 0.0, 1.0]],
               'mFaceEyebrowOuterLeft': [[0.3437809944152832,
                                          0.18616800010204315,
                                          -0.9204109907150269,
                                          1.5059800148010254],
                                         [-0.7290949821472168,
                                          0.6706259846687317,
                                          -0.13667699694633484,
                                          0.22478899359703064],
                                         [0.5918070077896118,
                                          0.7180539965629578,
                                          0.36628299951553345,
                                          -0.6714180111885071],
                                         [0.0, 0.0, 0.0, 1.0]],
               'mFaceEyebrowOuterRight': [[0.3437809944152832,
                                           -0.18616800010204315,
                                           -0.9204109907150269,
                                           1.5059800148010254],
                                          [0.7290949821472168,
                                           0.6706259846687317,
                                           0.13667699694633484,
                                           -0.22478899359703064],
                                          [0.5918070077896118,
                                           -0.7180539965629578,
                                           0.36628299951553345,
                                           -0.6714180111885071],
                                          [0.0, 0.0, 0.0, 1.0]],
               'mFaceEyecornerInnerLeft': [[-0.0683170035481453,
                                            0.0,
                                            -0.9976639747619629,
                                            1.6508599519729614],
                                           [0.0,
                                            1.0,
                                            0.0,
                                            -0.017000000923871994],
                                           [0.9976639747619629,
                                            0.0,
                                            -0.0683170035481453,
                                            0.08618099987506866],
                                           [0.0, 0.0, 0.0, 1.0]],
               'mFaceEyecornerInnerRight': [[-0.0683170035481453,
                                             0.0,
                                             -0.9976639747619629,
                                             1.6508599519729614],
                                            [0.0,
                                             1.0,
                                             0.0,
                                             0.017000000923871994],
                                            [0.9976639747619629,
                                             0.0,
                                             -0.0683170035481453,
                                             0.08618099987506866],
                                            [0.0, 0.0, 0.0, 1.0]],
               'mFaceForeheadCenter': [[-0.0683170035481453,
                                        0.0,
                                        -0.9976639747619629,
                                        1.6568599939346313],
                                       [-0.0, 1.0, 0.0, -0.0],
                                       [0.9976639747619629,
                                        0.0,
                                        -0.0683170035481453,
                                        0.0531810000538826],
                                       [0.0, 0.0, 0.0, 1.0]],
               'mFaceForeheadLeft': [[-0.012256000190973282,
                                      -0.1609169989824295,
                                      -0.9868919849395752,
                                      1.648169994354248],
                                     [-0.2280060052871704,
                                      0.9614149928092957,
                                      -0.15393200516700745,
                                      0.24032600224018097],
                                     [0.9735829830169678,
                                      0.223131000995636,
                                      -0.04847300052642822,
                                      -0.003742000088095665],
                                     [0.0, 0.0, 0.0, 1.0]],
               'mFaceForeheadRight': [[-0.012256000190973282,
                                       0.1609169989824295,
                                       -0.9868919849395752,
                                       1.648169994354248],
                                      [0.2280060052871704,
                                       0.9614149928092957,
                                       0.15393200516700745,
                                       -0.24032600224018097],
                                      [0.9735829830169678,
                                       -0.223131000995636,
                                       -0.04847300052642822,
                                       -0.003742000088095665],
                                      [0.0, 0.0, 0.0, 1.0]],
               'mFaceJaw': [[0.9990479946136475,
                             0.0,
                             -0.04361899942159653,
                             0.0758190006017685],
                            [0.0, 1.0, 0.0, 0.0],
                            [0.04361899942159653,
                             0.0,
                             0.9990479946136475,
                             -1.713610053062439],
                            [0.0, 0.0, 0.0, 1.0]],
               'mFaceJawShaper': [[-0.0683170035481453,
                                   0.0,
                                   -0.9976639747619629,
                                   1.7258599996566772],
                                  [-0.0, 1.0, 0.0, -0.0],
                                  [0.9976639747619629,
                                   0.0,
                                   -0.0683170035481453,
                                   0.11818099766969681],
                                  [0.0, 0.0, 0.0, 1.0]],
               'mFaceLipCornerLeft': [[0.6922209858894348,
                                       0.3889409899711609,
                                       -0.6079109907150269,
                                       1.061460018157959],
                                      [-0.6710619926452637,
                                       0.6568170189857483,
                                       -0.3438990116119385,
                                       0.5628820061683655],
                                      [0.265529990196228,
                                       0.6460000276565552,
                                       0.7156659960746765,
                                       -1.181980013847351],
                                      [0.0, 0.0, 0.0, 1.0]],
               'mFaceLipCornerRight': [[0.6922209858894348,
                                        -0.3889409899711609,
                                        -0.6079109907150269,
                                        1.061460018157959],
                                       [0.6710619926452637,
                                        0.6568170189857483,
                                        0.3438990116119385,
                                        -0.5628820061683655],
                                       [0.265529990196228,
                                        -0.6460000276565552,
                                        0.7156659960746765,
                                        -1.181980013847351],
                                       [0.0, 0.0, 0.0, 1.0]],
               'mFaceLipLowerCenter': [[0.41471201181411743,
                                        -0.0,
                                        -0.9099529981613159,
                                        1.4699900150299072],
                                       [0.0, 1.0, -0.0, 0.0],
                                       [0.9099529981613159,
                                        -0.0,
                                        0.41471201181411743,
                                        -0.710436999797821],
                                       [0.0, 0.0, 0.0, 1.0]],
               'mFaceLipLowerLeft': [[0.6300399899482727,
                                      -0.009638999588787556,
                                      -0.7765030264854431,
                                      1.244230031967163],
                                     [-0.364672988653183,
                                      0.8791400194168091,
                                      -0.3068009912967682,
                                      0.5142109990119934],
                                     [0.6856120228767395,
                                      0.4764670133590698,
                                      0.5503780245780945,
                                      -0.9236119985580444],
                                     [0.0, 0.0, 0.0, 1.0]],
               'mFaceLipLowerRight': [[0.6300399899482727,
                                       0.009638999588787556,
                                       -0.7765030264854431,
                                       1.244230031967163],
                                      [0.364672988653183,
                                       0.8791400194168091,
                                       0.3068009912967682,
                                       -0.5142109990119934],
                                      [0.6856120228767395,
                                       -0.4764670133590698,
                                       0.5503780245780945,
                                       -0.9236119985580444],
                                      [0.0, 0.0, 0.0, 1.0]],
               'mFaceLipUpperCenter': [[-0.0683170035481453,
                                        0.0,
                                        -0.9976639747619629,
                                        1.6608599424362183],
                                       [-0.0, 1.0, 0.0, -0.0],
                                       [0.9976639747619629,
                                        0.0,
                                        -0.0683170035481453,
                                        0.15118099749088287],
                                       [0.0, 0.0, 0.0, 1.0]],
               'mFaceLipUpperLeft': [[0.1557610034942627,
                                      0.07693800330162048,
                                      -0.984794020652771,
                                      1.6477700471878052],
                                     [-0.6124799847602844,
                                      0.7897030115127563,
                                      -0.03517699986696243,
                                      0.035767000168561935],
                                     [0.7749879956245422,
                                      0.6086459755897522,
                                      0.1701280027627945,
                                      -0.2547000050544739],
                                     [0.0, 0.0, 0.0, 1.0]],
               'mFaceLipUpperRight': [[0.1557610034942627,
                                       -0.07693800330162048,
                                       -0.984794020652771,
                                       1.6477700471878052],
                                      [0.6124799847602844,
