# Preset data auto-generated by Bento Budddy

presets = {'apply_location': True,
 'apply_rotation': True,
 'apply_scale': True,
 'blank': False,
 'dae_apply_modifiers': False,
 'dae_deform_bones_only': True,
 'dae_include_animations': False,
 'dae_include_armatures': True,
 'dae_include_children': False,
 'dae_include_shapekeys': False,
 'dae_open_sim': True,
 'dae_selected': True,
 'dae_sort_by_name': True,
 'dae_triangulate': False,
 'dae_use_blender_profile': False,
 'dae_use_object_instantiation': False,
 'devkit_poll': 1,
 'devkit_state': False,
 'export_advanced': False,
 'export_apply_modifiers': False,
 'export_blank': False,
 'export_full_rig': False,
 'export_menu_enabled': True,
 'export_path_to_pelvis': False,
 'export_reset': False,
 'fix_broken_bones': False,
 'process_attachment_bones': False,
 'process_volume_bones': True,
 'remove_empty_groups': True,
 'rig_class_default': False,
 'rig_class_male_default': False,
 'rig_class_male_neutral': False,
 'rig_class_name': 'default',
 'rig_class_neutral': False,
 'rotate_for_sl': True,
 'use_app_compatible_data': True,
 'use_bind_data': False,
 'use_offset_location': False,
 'use_offset_rotation': False,
 'use_offset_scale': False,
 'use_rig_data': False,
 'use_sl_compatible_data': False,
 'volume_bone_location': True,
 'volume_bone_rotation': True,
 'volume_bone_scale': True}
matrices = {'bind_data': {'BELLY': [[8.25223445892334,
                          -0.0,
                          -1.159775972366333,
                          1.4210779666900635],
                         [-0.0, 6.25, -0.0, -0.0],
                         [0.9278209805488586,
                          -0.0,
                          6.601787090301514,
                          -7.993391036987305],
                         [0.0, 0.0, 0.0, 1.0]],
               'BUTT': [[10.0, 0.0, 0.0, 0.6000000238418579],
                        [-0.0, 10.0, 0.0, -0.0],
                        [0.0, -0.0, 10.0, -9.670000076293945],
                        [0.0, 0.0, 0.0, 1.0]],
               'CHEST': [[7.034340858459473,
                          -0.0,
                          1.2403440475463867,
                          -1.6368340253829956],
                         [-0.0, 5.263157844543457, -0.0, -0.0],
                         [-0.7893099784851074,
                          -0.0,
                          4.476398944854736,
                          -6.352325916290283],
                         [0.0, 0.0, 0.0, 1.0]],
               'HEAD': [[9.090909004211426, 0.0, 0.0, 0.045455001294612885],
                        [-0.0, 11.11111068725586, 0.0, -0.0],
                        [0.0, -0.0, 7.692307949066162, -13.40825366973877],
                        [0.0, 0.0, 0.0, 1.0]],
               'LEFT_HANDLE': [[20.0, 0.0, 0.0, -0.0],
                               [-0.0, 20.0, 0.0, -2.0],
                               [0.0, -0.0, 20.0, -24.181461334228516],
                               [0.0, 0.0, 0.0, 1.0]],
               'LEFT_PEC': [[19.9439640045166,
                             -0.0,
                             -1.496093988418579,
                             -0.12711499631404877],
                            [-0.0, 20.0, -0.0, -1.0399999618530273],
                            [1.496093988418579,
                             -0.0,
                             19.9439640045166,
                             -28.2501220703125],
                            [0.0, 0.0, 0.0, 1.0]],
               'LOWER_BACK': [[11.11111068725586, 0.0, 0.0, -0.0],
                              [-0.0, 7.692307949066162, 0.0, -0.0],
                              [0.0,
                               -0.0,
                               6.6666669845581055,
                               -7.827154159545898],
                              [0.0, 0.0, 0.0, 1.0]],
               'L_CLAVICLE': [[11.11111068725586, 0.0, 0.0, 0.4000000059604645],
                              [-0.0,
                               7.142857074737549,
                               0.0,
                               -0.607142984867096],
                              [0.0, -0.0, 20.0, -30.821462631225586],
                              [0.0, 0.0, 0.0, 1.0]],
               'L_FOOT': [[7.575444221496582,
                           0.1164190024137497,
                           -1.330672025680542,
                           -0.5993930101394653],
                          [0.0,
                           19.92389488220215,
                           1.743114948272705,
                           -3.4302918910980225],
                          [3.47296404838562,
                           -1.7166329622268677,
                           19.621204376220703,
                           -0.4889970123767853],
                          [0.0, 0.0, 0.0, 1.0]],
               'L_HAND': [[19.696155548095703,
                           -3.0076749324798584,
                           1.73648202419281,
                           0.11040899902582169],
                          [2.1676270961761475,
                           10.319147109985352,
                           -6.713167190551758,
                           2.3936359882354736],
                          [0.30293500423431396,
                           18.131681442260742,
                           27.968936920166016,
                           -46.37242126464844],
                          [0.0, 0.0, 0.0, 1.0]],
               'L_LOWER_ARM': [[22.22222137451172,
                                -0.0,
                                -0.0,
                                0.800000011920929],
                               [-0.0,
                                5.9480180740356445,
                                -3.8626880645751953,
                                2.4333980083465576],
                               [0.0,
                                12.103090286254883,
                                18.637123107910156,
                                -30.627107620239258],
                               [0.0, 0.0, 0.0, 1.0]],
               'L_LOWER_LEG': [[16.666667938232422,
                                0.0,
                                0.0,
                                -0.21449999511241913],
                               [-0.0,
                                16.60324478149414,
                                1.4525959491729736,
                                -2.8356099128723145],
                               [0.0,
                                -0.34862300753593445,
                                3.984778881072998,
                                -1.279986023902893],
                               [0.0, 0.0, 0.0, 1.0]],
               'L_UPPER_ARM': [[16.666667938232422,
                                -0.0,
                                -0.0,
                                0.6000000238418579],
                               [-0.0,
                                4.818541049957275,
                                -3.373979091644287,
                                3.63863205909729],
                               [0.0,
                                9.559606552124023,
                                13.652533531188965,
                                -22.508588790893555],
                               [0.0, 0.0, 0.0, 1.0]],
               'L_UPPER_LEG': [[11.11111068725586,
                                0.0,
                                0.0,
                                -0.1528560072183609],
                               [-0.0,
                                11.068829536437988,
                                0.9683970212936401,
                                -1.8411619663238525],
                               [0.0,
                                -0.27236199378967285,
                                3.113107919692993,
                                -2.4720299243927],
                               [0.0, 0.0, 0.0, 1.0]],
               'NECK': [[15.384614944458008, 0.0, 0.0, 0.3846150040626526],
                        [-0.0, 14.285714149475098, 0.0, -0.0],
                        [0.0, -0.0, 12.5, -20.27591323852539],
                        [0.0, 0.0, 0.0, 1.0]],
               'PELVIS': [[8.25223445892334,
                           -0.0,
                           -1.159775972366333,
                           1.2968080043792725],
                          [-0.0, 6.25, -0.0, -0.0],
                          [0.8186650276184082,
                           -0.0,
                           5.825106143951416,
                           -6.090700149536133],
                          [0.0, 0.0, 0.0, 1.0]],
               'RIGHT_HANDLE': [[20.0, 0.0, 0.0, -0.0],
                                [-0.0, 20.0, 0.0, 2.0],
                                [0.0, -0.0, 20.0, -24.181461334228516],
                                [0.0, 0.0, 0.0, 1.0]],
               'RIGHT_PEC': [[19.9439640045166,
                              -0.0,
                              -1.496093988418579,
                              -0.12711499631404877],
                             [-0.0, 20.0, -0.0, 1.0399999618530273],
                             [1.496093988418579,
                              -0.0,
                              19.9439640045166,
                              -28.2501220703125],
                             [0.0, 0.0, 0.0, 1.0]],
               'R_CLAVICLE': [[11.11111068725586, 0.0, 0.0, 0.4000000059604645],
                              [-0.0, 7.142857074737549, 0.0, 0.607142984867096],
                              [0.0, -0.0, 20.0, -30.821462631225586],
                              [0.0, 0.0, 0.0, 1.0]],
               'R_FOOT': [[7.575444221496582,
                           -0.1164190024137497,
                           -1.330672025680542,
                           -0.5995420217514038],
                          [-0.0,
                           19.92389488220215,
                           -1.743114948272705,
                           3.3819029331207275],
                          [3.47296404838562,
                           1.7166329622268677,
                           19.621204376220703,
                           -0.48541900515556335],
                          [0.0, 0.0, 0.0, 1.0]],
               'R_HAND': [[19.696155548095703,
                           3.0076749324798584,
                           1.73648202419281,
                           0.11220099776983261],
                          [-2.1676270961761475,
                           10.319147109985352,
                           6.713167190551758,
                           -2.3874289989471436],
                          [0.30293500423431396,
                           -18.131681442260742,
                           27.968936920166016,
                           -46.38026428222656],
                          [0.0, 0.0, 0.0, 1.0]],
               'R_LOWER_ARM': [[22.22222137451172,
                                -0.0,
                                0.0,
                                0.800000011920929],
                               [-0.0,
                                5.9480180740356445,
                                3.8626880645751953,
                                -2.430911064147949],
                               [-0.0,
                                -12.103090286254883,
                                18.637123107910156,
                                -30.632165908813477],
                               [0.0, 0.0, 0.0, 1.0]],
               'R_LOWER_LEG': [[16.666667938232422,
                                -0.0,
                                0.0,
                                -0.21400000154972076],
                               [-0.0,
                                16.60324478149414,
                                -1.4525959491729736,
                                2.8182530403137207],
                               [-0.0,
                                0.34862300753593445,
                                3.984778881072998,
                                -1.2794480323791504],
                               [0.0, 0.0, 0.0, 1.0]],
               'R_UPPER_ARM': [[16.666667938232422,
                                -0.0,
                                0.0,
                                0.6000000238418579],
                               [-0.0,
                                4.818541049957275,
                                3.373979091644287,
                                -3.63661789894104],
                               [-0.0,
                                -9.559606552124023,
                                13.652533531188965,
                                -22.512584686279297],
                               [0.0, 0.0, 0.0, 1.0]],
               'R_UPPER_LEG': [[11.11111068725586,
                                -0.0,
                                0.0,
                                -0.1513330042362213],
                               [-0.0,
                                11.068829536437988,
                                -0.9683970212936401,
                                1.8636679649353027],
                               [-0.0,
                                0.27236199378967285,
                                3.113107919692993,
                                -2.4711999893188477],
                               [0.0, 0.0, 0.0, 1.0]],
               'UPPER_BACK': [[11.11111068725586,
                               0.0,
                               0.0,
                               0.16666699945926666],
                              [-0.0, 7.692307949066162, 0.0, -0.0],
                              [0.0,
                               -0.0,
                               6.6666669845581055,
                               -9.153820991516113],
                              [0.0, 0.0, 0.0, 1.0]],
               'mAnkleLeft': [[1.0, 0.0, 0.0, -0.003982999827712774],
                              [-0.0,
                               0.9961950182914734,
                               0.08715599775314331,
                               -0.17151500284671783],
                              [0.0,
                               -0.08715599775314331,
                               0.9961950182914734,
                               -0.05154800042510033],
                              [0.0, 0.0, 0.0, 1.0]],
               'mAnkleRight': [[1.0, -0.0, 0.0, -0.003971000202000141],
                               [-0.0,
                                0.9961950182914734,
                                -0.08715599775314331,
                                0.1690949946641922],
                               [-0.0,
                                0.08715599775314331,
                                0.9961950182914734,
                                -0.051368001848459244],
                               [0.0, 0.0, 0.0, 1.0]],
               'mChest': [[1.0, 0.0, 0.0, 0.014999999664723873],
                          [-0.0, 1.0, 0.0, -0.0],
                          [0.0, -0.0, 1.0, -1.356073021888733],
                          [0.0, 0.0, 0.0, 1.0]],
               'mCollarLeft': [[1.0, 0.0, 0.0, 0.035999998450279236],
                               [-0.0, 1.0, 0.0, -0.08500000089406967],
                               [0.0, -0.0, 1.0, -1.5210729837417603],
                               [0.0, 0.0, 0.0, 1.0]],
               'mCollarRight': [[1.0, 0.0, 0.0, 0.035999998450279236],
                                [-0.0, 1.0, 0.0, 0.08500000089406967],
                                [0.0, -0.0, 1.0, -1.5210729837417603],
                                [0.0, 0.0, 0.0, 1.0]],
               'mElbowLeft': [[1.0, -0.0, 0.0, 0.035999998450279236],
                              [-0.0,
                               0.8660249710083008,
                               -0.5,
                               0.37050798535346985],
                              [-0.0,
                               0.5,
                               0.8660249710083008,
                               -1.3992880582809448],
                              [0.0, 0.0, 0.0, 1.0]],
               'mElbowRight': [[1.0, 0.0, 0.0, 0.035999998450279236],
                               [-0.0,
                                0.8660249710083008,
                                0.5,
                                -0.3701460063457489],
                               [0.0,
                                -0.5,
                                0.8660249710083008,
                                -1.3994970321655273],
                               [0.0, 0.0, 0.0, 1.0]],
               'mEyeLeft': [[1.0, 0.0, 0.0, -0.0729999989271164],
                            [-0.0, 1.0, 0.0, -0.035999998450279236],
                            [0.0, -0.0, 1.0, -1.762073040008545],
                            [0.0, 0.0, 0.0, 1.0]],
               'mEyeRight': [[1.0, 0.0, 0.0, -0.0729999989271164],
                             [-0.0, 1.0, 0.0, 0.035999998450279236],
                             [0.0, -0.0, 1.0, -1.762073040008545],
                             [0.0, 0.0, 0.0, 1.0]],
               'mFootLeft': [[1.0, 0.0, 0.0, -0.11593899875879288],
                             [-0.0,
                              0.9961950182914734,
                              0.08715599775314331,
                              -0.17151500284671783],
                             [0.0,
                              -0.08715599775314331,
                              0.9961950182914734,
                              0.009072000160813332],
                             [0.0, 0.0, 0.0, 1.0]],
               'mFootRight': [[1.0, -0.0, 0.0, -0.11592700332403183],
                              [-0.0,
                               0.9961950182914734,
                               -0.08715599775314331,
                               0.1690949946641922],
                              [-0.0,
                               0.08715599775314331,
                               0.9961950182914734,
                               0.00926900003105402],
                              [0.0, 0.0, 0.0, 1.0]],
               'mHandIndex1Left': [[1.0, -0.0, 0.0, -0.0020000000949949026],
                                   [-0.0,
                                    0.8660249710083008,
                                    -0.5,
                                    0.06866200268268585],
                                   [-0.0,
                                    0.5,
                                    0.8660249710083008,
                                    -1.41428804397583],
                                   [0.0, 0.0, 0.0, 1.0]],
               'mHandIndex1Right': [[1.0, 0.0, 0.0, -0.0020000000949949026],
                                    [-0.0,
                                     0.8660249710083008,
                                     0.5,
                                     -0.0681459978222847],
                                    [0.0,
                                     -0.5,
                                     0.8660249710083008,
                                     -1.4144970178604126],
                                    [0.0, 0.0, 0.0, 1.0]],
               'mHandIndex2Left': [[1.0, -0.0, 0.0, -0.01899999938905239],
                                   [-0.0,
                                    0.8660249710083008,
                                    -0.5,
                                    0.03066200017929077],
                                   [-0.0,
                                    0.5,
                                    0.8660249710083008,
                                    -1.4082880020141602],
                                   [0.0, 0.0, 0.0, 1.0]],
               'mHandIndex2Right': [[1.0, 0.0, 0.0, -0.01899999938905239],
                                    [-0.0,
                                     0.8660249710083008,
                                     0.5,
                                     -0.030146000906825066],
                                    [0.0,
                                     -0.5,
                                     0.8660249710083008,
                                     -1.4114969968795776],
                                    [0.0, 0.0, 0.0, 1.0]],
               'mHandIndex3Left': [[1.0, -0.0, 0.0, -0.03200000151991844],
                                   [-0.0,
                                    0.8660249710083008,
                                    -0.5,
                                    0.002662000013515353],
                                   [-0.0,
                                    0.5,
                                    0.8660249710083008,
                                    -1.4052879810333252],
                                   [0.0, 0.0, 0.0, 1.0]],
               'mHandIndex3LeftEffector': [[1.0,
                                            -0.0,
                                            0.0,
                                            -0.0430000014603138],
                                           [-0.0,
                                            0.8660249710083008,
                                            -0.5,
                                            -0.017338000237941742],
                                           [-0.0,
                                            0.5,
                                            0.8660249710083008,
                                            -1.4022879600524902],
                                           [0.0, 0.0, 0.0, 1.0]],
               'mHandIndex3Right': [[1.0, 0.0, 0.0, -0.03200000151991844],
                                    [-0.0,
                                     0.8660249710083008,
                                     0.5,
                                     -0.0021460000425577164],
                                    [0.0,
                                     -0.5,
                                     0.8660249710083008,
                                     -1.4084969758987427],
                                    [0.0, 0.0, 0.0, 1.0]],
               'mHandIndex3RightEffector': [[1.0,
                                             0.0,
                                             0.0,
                                             -0.0430000014603138],
                                            [-0.0,
                                             0.8660249710083008,
                                             0.5,
                                             0.017853999510407448],
                                            [0.0,
                                             -0.5,
                                             0.8660249710083008,
                                             -1.4054969549179077],
                                            [0.0, 0.0, 0.0, 1.0]],
               'mHandMiddle1Left': [[1.0, -0.0, 0.0, 0.023000000044703484],
                                    [-0.0,
                                     0.8660249710083008,
                                     -0.5,
                                     0.06466200202703476],
                                    [-0.0,
                                     0.5,
                                     0.8660249710083008,
                                     -1.41428804397583],
                                    [0.0, 0.0, 0.0, 1.0]],
               'mHandMiddle1Right': [[1.0, 0.0, 0.0, 0.023000000044703484],
                                     [-0.0,
                                      0.8660249710083008,
                                      0.5,
                                      -0.0641459971666336],
                                     [0.0,
                                      -0.5,
                                      0.8660249710083008,
                                      -1.4144970178604126],
                                     [0.0, 0.0, 0.0, 1.0]],
               'mHandMiddle2Left': [[1.0, -0.0, 0.0, 0.024135999381542206],
                                    [-0.0,
                                     0.8660249710083008,
                                     -0.5,
                                     0.01766199991106987],
                                    [-0.0,
                                     0.5,
                                     0.8660249710083008,
                                     -1.4082880020141602],
                                    [0.0, 0.0, 0.0, 1.0]],
               'mHandMiddle2Right': [[1.0, 0.0, 0.0, 0.024000000208616257],
                                     [-0.0,
                                      0.8660249710083008,
                                      0.5,
                                      -0.017146000638604164],
                                     [0.0,
                                      -0.5,
                                      0.8660249710083008,
                                      -1.4094970226287842],
                                     [0.0, 0.0, 0.0, 1.0]],
               'mHandMiddle3Left': [[1.0, -0.0, 0.0, 0.024135999381542206],
                                    [-0.0,
                                     0.8660249710083008,
                                     -0.5,
                                     -0.015337999910116196],
                                    [-0.0,
                                     0.5,
                                     0.8660249710083008,
                                     -1.4042880535125732],
                                    [0.0, 0.0, 0.0, 1.0]],
               'mHandMiddle3LeftEffector': [[1.0,
                                             -0.0,
                                             0.0,
                                             0.024135999381542206],
                                            [-0.0,
                                             0.8660249710083008,
                                             -0.5,
                                             -0.040337998420000076],
                                            [-0.0,
                                             0.5,
                                             0.8660249710083008,
                                             -1.3998090028762817],
                                            [0.0, 0.0, 0.0, 1.0]],
               'mHandMiddle3Right': [[1.0, 0.0, 0.0, 0.024000000208616257],
                                     [-0.0,
                                      0.8660249710083008,
                                      0.5,
                                      0.0158539991825819],
                                     [0.0,
                                      -0.5,
                                      0.8660249710083008,
                                      -1.4054969549179077],
                                     [0.0, 0.0, 0.0, 1.0]],
               'mHandMiddle3RightEffector': [[1.0,
                                              0.0,
                                              0.0,
                                              0.024000000208616257],
                                             [-0.0,
                                              0.8660249710083008,
                                              0.5,
                                              0.04085399955511093],
                                             [0.0,
                                              -0.5,
                                              0.8660249710083008,
                                              -1.4014970064163208],
                                             [0.0, 0.0, 0.0, 1.0]],
               'mHandPinky1Left': [[1.0, -0.0, 0.0, 0.06700000166893005],
                                   [-0.0,
                                    0.8660249710083008,
                                    -0.5,
                                    0.0706619992852211],
                                   [-0.0,
                                    0.5,
                                    0.8660249710083008,
                                    -1.4022879600524902],
                                   [0.0, 0.0, 0.0, 1.0]],
               'mHandPinky1Right': [[1.0, 0.0, 0.0, 0.06700000166893005],
                                    [-0.0,
                                     0.8660249710083008,
                                     0.5,
                                     -0.07014600187540054],
                                    [0.0,
                                     -0.5,
                                     0.8660249710083008,
                                     -1.4024970531463623],
                                    [0.0, 0.0, 0.0, 1.0]],
               'mHandPinky2Left': [[1.0, -0.0, 0.0, 0.09099999815225601],
                                   [-0.0,
                                    0.8660249710083008,
                                    -0.5,
                                    0.04666199907660484],
                                   [-0.0,
                                    0.5,
                                    0.8660249710083008,
                                    -1.3962880373001099],
                                   [0.0, 0.0, 0.0, 1.0]],
               'mHandPinky2Right': [[1.0, 0.0, 0.0, 0.09099999815225601],
                                    [-0.0,
                                     0.8660249710083008,
                                     0.5,
                                     -0.046146001666784286],
                                    [0.0,
                                     -0.5,
                                     0.8660249710083008,
                                     -1.3964970111846924],
                                    [0.0, 0.0, 0.0, 1.0]],
               'mHandPinky3Left': [[1.0, -0.0, 0.0, 0.10599999874830246],
                                   [-0.0,
                                    0.8660249710083008,
                                    -0.5,
                                    0.03066200017929077],
                                   [-0.0,
                                    0.5,
                                    0.8660249710083008,
                                    -1.3922879695892334],
                                   [0.0, 0.0, 0.0, 1.0]],
               'mHandPinky3LeftEffector': [[1.0,
                                            -0.0,
                                            0.0,
                                            0.11699999868869781],
                                           [-0.0,
                                            0.8660249710083008,
                                            -0.5,
                                            0.01766199991106987],
                                           [-0.0,
                                            0.5,
                                            0.8660249710083008,
                                            -1.387287974357605],
                                           [0.0, 0.0, 0.0, 1.0]],
               'mHandPinky3Right': [[1.0, 0.0, 0.0, 0.10599999874830246],
                                    [-0.0,
                                     0.8660249710083008,
                                     0.5,
                                     -0.030146000906825066],
                                    [0.0,
                                     -0.5,
                                     0.8660249710083008,
                                     -1.392496943473816],
                                    [0.0, 0.0, 0.0, 1.0]],
               'mHandPinky3RightEffector': [[1.0,
                                             0.0,
                                             0.0,
                                             0.11699999868869781],
                                            [-0.0,
                                             0.8660249710083008,
                                             0.5,
                                             -0.017146000638604164],
                                            [0.0,
                                             -0.5,
                                             0.8660249710083008,
                                             -1.3874969482421875],
                                            [0.0, 0.0, 0.0, 1.0]],
               'mHandRing1Left': [[1.0, -0.0, 0.0, 0.04600000008940697],
                                  [-0.0,
                                   0.8660249710083008,
                                   -0.5,
                                   0.06666199862957001],
                                  [-0.0,
                                   0.5,
                                   0.8660249710083008,
                                   -1.4082880020141602],
                                  [0.0, 0.0, 0.0, 1.0]],
               'mHandRing1Right': [[1.0, 0.0, 0.0, 0.04600000008940697],
                                   [-0.0,
                                    0.8660249710083008,
                                    0.5,
                                    -0.06614600121974945],
                                   [0.0,
                                    -0.5,
                                    0.8660249710083008,
                                    -1.4084969758987427],
                                   [0.0, 0.0, 0.0, 1.0]],
               'mHandRing2Left': [[1.0, -0.0, 0.0, 0.05900000035762787],
                                  [-0.0,
                                   0.8660249710083008,
                                   -0.5,
                                   0.028661999851465225],
                                  [-0.0,
                                   0.5,
                                   0.8660249710083008,
                                   -1.4002879858016968],
                                  [0.0, 0.0, 0.0, 1.0]],
               'mHandRing2Right': [[1.0, 0.0, 0.0, 0.05999999865889549],
                                   [-0.0,
                                    0.8660249710083008,
                                    0.5,
                                    -0.02814600057899952],
                                   [0.0,
                                    -0.5,
                                    0.8660249710083008,
                                    -1.4034969806671143],
                                   [0.0, 0.0, 0.0, 1.0]],
               'mHandRing3Left': [[1.0, -0.0, 0.0, 0.0689999982714653],
                                  [-0.0,
                                   0.8660249710083008,
                                   -0.5,
                                   0.0006619999767281115],
                                  [-0.0,
                                   0.5,
                                   0.8660249710083008,
                                   -1.3942879438400269],
                                  [0.0, 0.0, 0.0, 1.0]],
               'mHandRing3LeftEffector': [[1.0, -0.0, 0.0, 0.07599999755620956],
                                          [-0.0,
                                           0.8660249710083008,
                                           -0.5,
                                           -0.019338000565767288],
                                          [-0.0,
                                           0.5,
                                           0.8660249710083008,
                                           -1.3912880420684814],
                                          [0.0, 0.0, 0.0, 1.0]],
               'mHandRing3Right': [[1.0, 0.0, 0.0, 0.07000000029802322],
                                   [-0.0,
                                    0.8660249710083008,
                                    0.5,
                                    -0.00014600000577047467],
                                   [0.0,
                                    -0.5,
                                    0.8660249710083008,
                                    -1.3974970579147339],
                                   [0.0, 0.0, 0.0, 1.0]],
               'mHandRing3RightEffector': [[1.0, 0.0, 0.0, 0.07699999958276749],
                                           [-0.0,
                                            0.8660249710083008,
                                            0.5,
                                            0.019853999838232994],
                                           [0.0,
                                            -0.5,
                                            0.8660249710083008,
                                            -1.394497036933899],
                                           [0.0, 0.0, 0.0, 1.0]],
               'mHandThumb1Left': [[1.0, -0.0, 0.0, 0.004999999888241291],
                                   [-0.0,
                                    0.8660249710083008,
                                    -0.5,
                                    0.1396619975566864],
                                   [-0.0,
                                    0.5,
                                    0.8660249710083008,
                                    -1.4032880067825317],
                                   [0.0, 0.0, 0.0, 1.0]],
               'mHandThumb1Right': [[1.0, 0.0, 0.0, 0.004999999888241291],
                                    [-0.0,
                                     0.8660249710083008,
                                     0.5,
                                     -0.13914600014686584],
                                    [0.0,
                                     -0.5,
                                     0.8660249710083008,
                                     -1.4034969806671143],
                                    [0.0, 0.0, 0.0, 1.0]],
               'mHandThumb2Left': [[1.0, -0.0, 0.0, -0.023000000044703484],
                                   [-0.0,
                                    0.8660249710083008,
                                    -0.5,
                                    0.10766199976205826],
                                   [-0.0,
                                    0.5,
                                    0.8660249710083008,
                                    -1.4022879600524902],
                                   [0.0, 0.0, 0.0, 1.0]],
               'mHandThumb2Right': [[1.0, 0.0, 0.0, -0.023000000044703484],
                                    [-0.0,
                                     0.8660249710083008,
                                     0.5,
                                     -0.1071460023522377],
                                    [0.0,
                                     -0.5,
                                     0.8660249710083008,
                                     -1.4024970531463623],
                                    [0.0, 0.0, 0.0, 1.0]],
               'mHandThumb3Left': [[1.0, -0.0, 0.0, -0.04600000008940697],
                                   [-0.0,
                                    0.8660249710083008,
                                    -0.5,
                                    0.07666199654340744],
                                   [-0.0,
                                    0.5,
                                    0.8660249710083008,
                                    -1.4012880325317383],
                                   [0.0, 0.0, 0.0, 1.0]],
               'mHandThumb3LeftEffector': [[1.0,
                                            -0.0,
                                            0.0,
                                            -0.06300000101327896],
                                           [-0.0,
                                            0.8660249710083008,
                                            -0.5,
                                            0.05566199868917465],
                                           [-0.0,
                                            0.5,
                                            0.8660249710083008,
                                            -1.4022879600524902],
                                           [0.0, 0.0, 0.0, 1.0]],
