# Preset data auto-generated by Bento Budddy

presets = {'apply_location': True,
 'apply_rotation': True,
 'apply_scale': True,
 'blank': False,
 'dae_apply_modifiers': False,
 'dae_deform_bones_only': True,
 'dae_include_animations': False,
 'dae_include_armatures': True,
 'dae_include_children': False,
 'dae_include_shapekeys': False,
 'dae_open_sim': True,
 'dae_selected': True,
 'dae_sort_by_name': True,
 'dae_triangulate': False,
 'dae_use_blender_profile': False,
 'dae_use_object_instantiation': False,
 'devkit_poll': 1,
 'devkit_state': False,
 'export_advanced': False,
 'export_apply_modifiers': False,
 'export_blank': False,
 'export_full_rig': False,
 'export_menu_enabled': True,
 'export_path_to_pelvis': False,
 'export_reset': False,
 'fix_broken_bones': False,
 'process_attachment_bones': False,
 'process_volume_bones': True,
 'remove_empty_groups': True,
 'rig_class_default': False,
 'rig_class_male_default': False,
 'rig_class_male_neutral': False,
 'rig_class_name': 'default',
 'rig_class_neutral': False,
 'rotate_for_sl': True,
 'use_app_compatible_data': True,
 'use_bind_data': False,
 'use_offset_location': False,
 'use_offset_rotation': False,
 'use_offset_scale': False,
 'use_rig_data': False,
 'use_sl_compatible_data': False,
 'volume_bone_location': True,
 'volume_bone_rotation': True,
 'volume_bone_scale': True}
matrices = {'bind_data': {'BELLY': [[8.25223445892334,
                          -0.0,
                          -1.159775972366333,
                          1.4210950136184692],
                         [-0.0, 6.25, -0.0, 0.0],
                         [0.9278209805488586,
                          -0.0,
                          6.601787090301514,
                          -7.99348783493042],
                         [0.0, 0.0, 0.0, 1.0]],
               'BUTT': [[10.0, 0.0, 0.0, 0.6000000238418579],
                        [-0.0, 10.0, 0.0, -0.0],
                        [0.0, -0.0, 10.0, -9.670147895812988],
                        [0.0, 0.0, 0.0, 1.0]],
               'CHEST': [[7.034340858459473,
                          -0.0,
                          1.2403440475463867,
                          -1.6367429494857788],
                         [-0.0, 5.263157844543457, -0.0, -0.0],
                         [-0.7893099784851074,
                          -0.0,
                          4.476398944854736,
                          -6.351998805999756],
                         [0.0, 0.0, 0.0, 1.0]],
               'HEAD': [[9.090909004211426, 0.0, 0.0, 0.045455001294612885],
                        [-0.0, 11.11111068725586, 0.0, -0.0],
                        [0.0, -0.0, 7.692307949066162, -13.407691955566406],
                        [0.0, 0.0, 0.0, 1.0]],
               'LEFT_HANDLE': [[20.0, 0.0, 0.0, -0.0],
                               [-0.0, 20.0, 0.0, -2.0],
                               [0.0, -0.0, 20.0, -24.1817569732666],
                               [0.0, 0.0, 0.0, 1.0]],
               'LEFT_PEC': [[19.9439640045166,
                             -0.0,
                             -1.496093988418579,
                             -0.12722399830818176],
                            [-0.0, 20.0, -0.0, -1.0399999618530273],
                            [1.496093988418579,
                             -0.0,
                             19.9439640045166,
                             -28.2486629486084],
                            [0.0, 0.0, 0.0, 1.0]],
               'LOWER_BACK': [[11.11111068725586, 0.0, 0.0, -0.0],
                              [-0.0, 7.692307949066162, 0.0, -0.0],
                              [0.0, -0.0, 6.666666030883789, -7.82725191116333],
                              [0.0, 0.0, 0.0, 1.0]],
               'L_CLAVICLE': [[11.11111068725586, 0.0, 0.0, 0.4000000059604645],
                              [-0.0,
                               7.142857074737549,
                               0.0,
                               -0.607142984867096],
                              [0.0,
                               -0.0,
                               16.666667938232422,
                               -25.683332443237305],
                              [0.0, 0.0, 0.0, 1.0]],
               'L_FOOT': [[7.575445175170898,
                           0.1164190024137497,
                           -1.330672025680542,
                           -0.599373996257782],
                          [0.0,
                           19.92389488220215,
                           1.743114948272705,
                           -3.4303181171417236],
                          [3.47296404838562,
                           -1.7166329622268677,
                           19.621204376220703,
                           -0.48928698897361755],
                          [0.0, 0.0, 0.0, 1.0]],
               'L_HAND': [[19.696155548095703,
                           -3.0076749324798584,
                           1.73648202419281,
                           0.11053600162267685],
                          [2.167628049850464,
                           10.319147109985352,
                           -6.713167190551758,
                           2.3931450843811035],
                          [0.30293500423431396,
                           18.131681442260742,
                           27.96893882751465,
                           -46.37037658691406],
                          [0.0, 0.0, 0.0, 1.0]],
               'L_LOWER_ARM': [[22.22222137451172,
                                -0.0,
                                -0.0,
                                0.800000011920929],
                               [-0.0,
                                5.990503787994385,
                                -3.8902790546417236,
                                2.4504950046539307],
                               [0.0,
                                12.103090286254883,
                                18.637123107910156,
                                -30.625743865966797],
                               [0.0, 0.0, 0.0, 1.0]],
               'L_LOWER_LEG': [[16.666667938232422,
                                0.0,
                                0.0,
                                -0.21449999511241913],
                               [-0.0,
                                16.60324478149414,
                                1.4525959491729736,
                                -2.8356308937072754],
                               [0.0,
                                -0.34862300753593445,
                                3.984778881072998,
                                -1.2800450325012207],
                               [0.0, 0.0, 0.0, 1.0]],
               'L_UPPER_ARM': [[16.666667938232422,
                                -0.0,
                                -0.0,
                                0.6000000238418579],
                               [-0.0,
                                4.818541049957275,
                                -3.373979091644287,
                                3.638385057449341],
                               [0.0,
                                9.559606552124023,
                                13.652533531188965,
                                -22.507591247558594],
                               [0.0, 0.0, 0.0, 1.0]],
               'L_UPPER_LEG': [[11.11111068725586,
                                0.0,
                                0.0,
                                -0.1528560072183609],
                               [-0.0,
                                11.068829536437988,
                                0.9683970212936401,
                                -1.8411760330200195],
                               [0.0,
                                -0.27236199378967285,
                                3.1131091117858887,
                                -2.472075939178467],
                               [0.0, 0.0, 0.0, 1.0]],
               'NECK': [[15.384614944458008, 0.0, 0.0, 0.3846150040626526],
                        [-0.0, 14.285714149475098, 0.0, -0.0],
                        [0.0, -0.0, 12.5, -20.274999618530273],
                        [0.0, 0.0, 0.0, 1.0]],
               'PELVIS': [[8.333333969116211, 0.0, 0.0, 0.08333300054073334],
                          [-0.0, 6.25, 0.0, -0.0],
                          [0.0, -0.0, 5.882352828979492, -6.158911228179932],
                          [0.0, 0.0, 0.0, 1.0]],
               'RIGHT_HANDLE': [[20.0, 0.0, 0.0, -0.0],
                                [-0.0, 20.0, 0.0, 2.0],
                                [0.0, -0.0, 20.0, -24.1817569732666],
                                [0.0, 0.0, 0.0, 1.0]],
               'RIGHT_PEC': [[19.9439640045166,
                              -0.0,
                              -1.496093988418579,
                              -0.12722399830818176],
                             [-0.0, 20.0, -0.0, 1.0399999618530273],
                             [1.496093988418579,
                              -0.0,
                              19.9439640045166,
                              -28.2486629486084],
                             [0.0, 0.0, 0.0, 1.0]],
               'R_CLAVICLE': [[11.11111068725586, 0.0, 0.0, 0.4000000059604645],
                              [-0.0, 7.142857074737549, 0.0, 0.607142984867096],
                              [0.0,
                               -0.0,
                               16.666667938232422,
                               -25.683332443237305],
                              [0.0, 0.0, 0.0, 1.0]],
               'R_FOOT': [[7.575445175170898,
                           -0.1164190024137497,
                           -1.330672025680542,
                           -0.5995230078697205],
                          [-0.0,
                           19.92389488220215,
                           -1.743114948272705,
                           3.3819289207458496],
                          [3.47296404838562,
                           1.7166329622268677,
                           19.621204376220703,
                           -0.485709011554718],
                          [0.0, 0.0, 0.0, 1.0]],
               'R_HAND': [[19.696155548095703,
                           3.0076749324798584,
                           1.73648202419281,
                           0.11107099801301956],
                          [-2.167628049850464,
                           10.319147109985352,
                           6.713167190551758,
                           -2.3912510871887207],
                          [0.30293500423431396,
                           -18.131681442260742,
                           27.96893882751465,
                           -46.370643615722656],
                          [0.0, 0.0, 0.0, 1.0]],
               'R_LOWER_ARM': [[22.22222137451172,
                                -0.0,
                                0.0,
                                0.800000011920929],
                               [-0.0,
                                5.990503787994385,
                                3.8902790546417236,
                                -2.4504940509796143],
                               [-0.0,
                                -12.103090286254883,
                                18.637123107910156,
                                -30.625743865966797],
                               [0.0, 0.0, 0.0, 1.0]],
               'R_LOWER_LEG': [[16.666667938232422,
                                -0.0,
                                0.0,
                                -0.21400000154972076],
                               [-0.0,
                                16.60324478149414,
                                -1.4525959491729736,
                                2.8182740211486816],
                               [-0.0,
                                0.34862300753593445,
                                3.984778881072998,
                                -1.279507040977478],
                               [0.0, 0.0, 0.0, 1.0]],
               'R_UPPER_ARM': [[16.666667938232422,
                                -0.0,
                                0.0,
                                0.6000000238418579],
                               [-0.0,
                                4.818541049957275,
                                3.373979091644287,
                                -3.638385057449341],
                               [-0.0,
                                -9.559606552124023,
                                13.652533531188965,
                                -22.507591247558594],
                               [0.0, 0.0, 0.0, 1.0]],
               'R_UPPER_LEG': [[11.11111068725586,
                                -0.0,
                                0.0,
                                -0.1513330042362213],
                               [-0.0,
                                11.068829536437988,
                                -0.9683970212936401,
                                1.8636829853057861],
                               [-0.0,
                                0.27236199378967285,
                                3.1131091117858887,
                                -2.4712460041046143],
                               [0.0, 0.0, 0.0, 1.0]],
               'UPPER_BACK': [[11.11111068725586,
                               0.0,
                               0.0,
                               0.16666699945926666],
                              [-0.0, 7.692307949066162, 0.0, -0.0],
                              [0.0,
                               -0.0,
                               6.666666030883789,
                               -9.153332710266113],
                              [0.0, 0.0, 0.0, 1.0]],
               'mAnkleLeft': [[1.0, 0.0, 0.0, -0.003982999827712774],
                              [-0.0,
                               0.9961950182914734,
                               0.08715599775314331,
                               -0.17151600122451782],
                              [0.0,
                               -0.08715599775314331,
                               0.9961950182914734,
                               -0.051562000066041946],
                              [0.0, 0.0, 0.0, 1.0]],
               'mAnkleRight': [[1.0, -0.0, 0.0, -0.003971000202000141],
                               [-0.0,
                                0.9961950182914734,
                                -0.08715599775314331,
                                0.1690959930419922],
                               [-0.0,
                                0.08715599775314331,
                                0.9961950182914734,
                                -0.05138299986720085],
                               [0.0, 0.0, 0.0, 1.0]],
               'mChest': [[1.0, 0.0, 0.0, 0.014999999664723873],
                          [-0.0, 1.0, 0.0, -0.0],
                          [0.0, -0.0, 1.0, -1.3559999465942383],
                          [0.0, 0.0, 0.0, 1.0]],
               'mCollarLeft': [[1.0, 0.0, 0.0, 0.035999998450279236],
                               [-0.0, 1.0, 0.0, -0.08500000089406967],
                               [0.0, -0.0, 1.0, -1.5210000276565552],
                               [0.0, 0.0, 0.0, 1.0]],
               'mCollarRight': [[1.0, 0.0, 0.0, 0.035999998450279236],
                                [-0.0, 1.0, 0.0, 0.08500000089406967],
                                [0.0, -0.0, 1.0, -1.5210000276565552],
                                [0.0, 0.0, 0.0, 1.0]],
               'mElbowLeft': [[1.0, -0.0, 0.0, 0.035999998450279236],
                              [-0.0,
                               0.8660249710083008,
                               -0.5,
                               0.3704720139503479],
                              [-0.0,
                               0.5,
                               0.8660249710083008,
                               -1.3992249965667725],
                              [0.0, 0.0, 0.0, 1.0]],
               'mElbowRight': [[1.0, 0.0, 0.0, 0.035999998450279236],
                               [-0.0,
                                0.8660249710083008,
                                0.5,
                                -0.3704720139503479],
                               [0.0,
                                -0.5,
                                0.8660249710083008,
                                -1.3992249965667725],
                               [0.0, 0.0, 0.0, 1.0]],
               'mFootLeft': [[1.0, 0.0, 0.0, -0.11593899875879288],
                             [-0.0,
                              0.9961950182914734,
                              0.08715599775314331,
                              -0.17151600122451782],
                             [0.0,
                              -0.08715599775314331,
                              0.9961950182914734,
                              0.009057999588549137],
                             [0.0, 0.0, 0.0, 1.0]],
               'mFootRight': [[1.0, -0.0, 0.0, -0.11592700332403183],
                              [-0.0,
                               0.9961950182914734,
                               -0.08715599775314331,
                               0.1690959930419922],
                              [-0.0,
                               0.08715599775314331,
                               0.9961950182914734,
                               0.009254000149667263],
                              [0.0, 0.0, 0.0, 1.0]],
               'mHandIndex1Left': [[1.0, -0.0, 0.0, -0.0020000000949949026],
                                   [-0.0,
                                    0.8660249710083008,
                                    -0.5,
                                    0.06862600147724152],
                                   [-0.0,
                                    0.5,
                                    0.8660249710083008,
                                    -1.4142249822616577],
                                   [0.0, 0.0, 0.0, 1.0]],
               'mHandIndex1Right': [[1.0, 0.0, 0.0, -0.0020000000949949026],
                                    [-0.0,
                                     0.8660249710083008,
                                     0.5,
                                     -0.0684719979763031],
                                    [0.0,
                                     -0.5,
                                     0.8660249710083008,
                                     -1.4142249822616577],
                                    [0.0, 0.0, 0.0, 1.0]],
               'mHandIndex2Left': [[1.0, -0.0, 0.0, -0.01899999938905239],
                                   [-0.0,
                                    0.8660249710083008,
                                    -0.5,
                                    0.030626000836491585],
                                   [-0.0,
                                    0.5,
                                    0.8660249710083008,
                                    -1.4082250595092773],
                                   [0.0, 0.0, 0.0, 1.0]],
               'mHandIndex2Right': [[1.0, 0.0, 0.0, -0.01899999938905239],
                                    [-0.0,
                                     0.8660249710083008,
                                     0.5,
                                     -0.03047199919819832],
                                    [0.0,
                                     -0.5,
                                     0.8660249710083008,
                                     -1.4082250595092773],
                                    [0.0, 0.0, 0.0, 1.0]],
               'mHandIndex3Left': [[1.0, -0.0, 0.0, -0.03099999949336052],
                                   [-0.0,
                                    0.8660249710083008,
                                    -0.5,
                                    0.0026259999722242355],
                                   [-0.0,
                                    0.5,
                                    0.8660249710083008,
                                    -1.4022250175476074],
                                   [0.0, 0.0, 0.0, 1.0]],
               'mHandIndex3Right': [[1.0, 0.0, 0.0, -0.03099999949336052],
                                    [-0.0,
                                     0.8660249710083008,
                                     0.5,
                                     -0.002471999963745475],
                                    [0.0,
                                     -0.5,
                                     0.8660249710083008,
                                     -1.4022250175476074],
                                    [0.0, 0.0, 0.0, 1.0]],
               'mHandMiddle1Left': [[1.0, -0.0, 0.0, 0.023000000044703484],
                                    [-0.0,
                                     0.8660249710083008,
                                     -0.5,
                                     0.06462600082159042],
                                    [-0.0,
                                     0.5,
                                     0.8660249710083008,
                                     -1.4142249822616577],
                                    [0.0, 0.0, 0.0, 1.0]],
               'mHandMiddle1Right': [[1.0, 0.0, 0.0, 0.023000000044703484],
                                     [-0.0,
                                      0.8660249710083008,
                                      0.5,
                                      -0.06447199732065201],
                                     [0.0,
                                      -0.5,
                                      0.8660249710083008,
                                      -1.4142249822616577],
                                     [0.0, 0.0, 0.0, 1.0]],
               'mHandMiddle2Left': [[1.0, -0.0, 0.0, 0.024000000208616257],
                                    [-0.0,
                                     0.8660249710083008,
                                     -0.5,
                                     0.015626000240445137],
                                    [-0.0,
                                     0.5,
                                     0.8660249710083008,
                                     -1.4082250595092773],
                                    [0.0, 0.0, 0.0, 1.0]],
               'mHandMiddle2Right': [[1.0, 0.0, 0.0, 0.024000000208616257],
                                     [-0.0,
                                      0.8660249710083008,
                                      0.5,
                                      -0.01547200046479702],
                                     [0.0,
                                      -0.5,
                                      0.8660249710083008,
                                      -1.4082250595092773],
                                     [0.0, 0.0, 0.0, 1.0]],
               'mHandMiddle3Left': [[1.0, -0.0, 0.0, 0.02500000037252903],
                                    [-0.0,
                                     0.8660249710083008,
                                     -0.5,
                                     -0.020374000072479248],
                                    [-0.0,
                                     0.5,
                                     0.8660249710083008,
                                     -1.400225043296814],
                                    [0.0, 0.0, 0.0, 1.0]],
               'mHandMiddle3Right': [[1.0, 0.0, 0.0, 0.02500000037252903],
                                     [-0.0,
                                      0.8660249710083008,
                                      0.5,
                                      0.020527999848127365],
                                     [0.0,
                                      -0.5,
                                      0.8660249710083008,
                                      -1.400225043296814],
                                     [0.0, 0.0, 0.0, 1.0]],
               'mHandPinky1Left': [[1.0, -0.0, 0.0, 0.07050599902868271],
                                   [-0.0,
                                    0.8660249710083008,
                                    -0.5,
                                    0.07062599807977676],
                                   [-0.0,
                                    0.5,
                                    0.8660249710083008,
                                    -1.4022250175476074],
                                   [0.0, 0.0, 0.0, 1.0]],
               'mHandPinky1Right': [[1.0, 0.0, 0.0, 0.07100000232458115],
                                    [-0.0,
                                     0.8660249710083008,
                                     0.5,
                                     -0.07047200202941895],
                                    [0.0,
                                     -0.5,
                                     0.8660249710083008,
                                     -1.4022250175476074],
                                    [0.0, 0.0, 0.0, 1.0]],
               'mHandPinky2Left': [[1.0, -0.0, 0.0, 0.09450600296258926],
                                   [-0.0,
                                    0.8660249710083008,
                                    -0.5,
                                    0.04562599956989288],
                                   [-0.0,
                                    0.5,
                                    0.8660249710083008,
                                    -1.3962249755859375],
                                   [0.0, 0.0, 0.0, 1.0]],
               'mHandPinky2Right': [[1.0, 0.0, 0.0, 0.0949999988079071],
                                    [-0.0,
                                     0.8660249710083008,
                                     0.5,
                                     -0.045471999794244766],
                                    [0.0,
                                     -0.5,
                                     0.8660249710083008,
                                     -1.3962249755859375],
                                    [0.0, 0.0, 0.0, 1.0]],
               'mHandPinky3Left': [[1.0, -0.0, 0.0, 0.10950600355863571],
                                   [-0.0,
                                    0.8660249710083008,
                                    -0.5,
                                    0.027626000344753265],
                                   [-0.0,
                                    0.5,
                                    0.8660249710083008,
                                    -1.3922250270843506],
                                   [0.0, 0.0, 0.0, 1.0]],
               'mHandPinky3Right': [[1.0, 0.0, 0.0, 0.10999999940395355],
                                    [-0.0,
                                     0.8660249710083008,
                                     0.5,
                                     -0.02747200056910515],
                                    [0.0,
                                     -0.5,
                                     0.8660249710083008,
                                     -1.3922250270843506],
                                    [0.0, 0.0, 0.0, 1.0]],
               'mHandRing1Left': [[1.0, -0.0, 0.0, 0.05000000074505806],
                                  [-0.0,
                                   0.8660249710083008,
                                   -0.5,
                                   0.06662599742412567],
                                  [-0.0,
                                   0.5,
                                   0.8660249710083008,
                                   -1.4082250595092773],
                                  [0.0, 0.0, 0.0, 1.0]],
               'mHandRing1Right': [[1.0, 0.0, 0.0, 0.05000000074505806],
                                   [-0.0,
                                    0.8660249710083008,
                                    0.5,
                                    -0.06647200137376785],
                                   [0.0,
                                    -0.5,
                                    0.8660249710083008,
                                    -1.4082250595092773],
                                   [0.0, 0.0, 0.0, 1.0]],
               'mHandRing2Left': [[1.0, -0.0, 0.0, 0.06400000303983688],
                                  [-0.0,
                                   0.8660249710083008,
                                   -0.5,
                                   0.024625999853014946],
                                  [-0.0,
                                   0.5,
                                   0.8660249710083008,
                                   -1.400225043296814],
                                  [0.0, 0.0, 0.0, 1.0]],
               'mHandRing2Right': [[1.0, 0.0, 0.0, 0.06300000101327896],
                                   [-0.0,
                                    0.8660249710083008,
                                    0.5,
                                    -0.026472000405192375],
                                   [0.0,
                                    -0.5,
                                    0.8660249710083008,
                                    -1.3962249755859375],
                                   [0.0, 0.0, 0.0, 1.0]],
               'mHandRing3Left': [[1.0, -0.0, 0.0, 0.07599999755620956],
                                  [-0.0,
                                   0.8660249710083008,
                                   -0.5,
                                   -0.0073739998042583466],
                                  [-0.0,
                                   0.5,
                                   0.8660249710083008,
                                   -1.394225001335144],
                                  [0.0, 0.0, 0.0, 1.0]],
               'mHandRing3Right': [[1.0, 0.0, 0.0, 0.07500000298023224],
                                   [-0.0,
                                    0.8660249710083008,
                                    0.5,
                                    0.005528000183403492],
                                   [0.0,
                                    -0.5,
                                    0.8660249710083008,
                                    -1.3902250528335571],
                                   [0.0, 0.0, 0.0, 1.0]],
               'mHandThumb1Left': [[1.0, -0.0, 0.0, 0.004999999888241291],
                                   [-0.0,
                                    0.8660249710083008,
                                    -0.5,
                                    0.13962599635124207],
                                   [-0.0,
                                    0.5,
                                    0.8660249710083008,
                                    -1.4032249450683594],
                                   [0.0, 0.0, 0.0, 1.0]],
               'mHandThumb1Right': [[1.0, 0.0, 0.0, 0.004999999888241291],
                                    [-0.0,
                                     0.8660249710083008,
                                     0.5,
                                     -0.13947199285030365],
                                    [0.0,
                                     -0.5,
                                     0.8660249710083008,
                                     -1.4032249450683594],
                                    [0.0, 0.0, 0.0, 1.0]],
               'mHandThumb2Left': [[1.0, -0.0, 0.0, -0.023000000044703484],
                                   [-0.0,
                                    0.8660249710083008,
                                    -0.5,
                                    0.10762599855661392],
                                   [-0.0,
                                    0.5,
                                    0.8660249710083008,
                                    -1.4022250175476074],
                                   [0.0, 0.0, 0.0, 1.0]],
               'mHandThumb2Right': [[1.0, 0.0, 0.0, -0.023000000044703484],
                                    [-0.0,
                                     0.8660249710083008,
                                     0.5,
                                     -0.1074720025062561],
                                    [0.0,
                                     -0.5,
                                     0.8660249710083008,
                                     -1.4022250175476074],
                                    [0.0, 0.0, 0.0, 1.0]],
               'mHandThumb3Left': [[1.0, -0.0, 0.0, -0.04600000008940697],
                                   [-0.0,
                                    0.8660249710083008,
                                    -0.5,
                                    0.0766260027885437],
                                   [-0.0,
                                    0.5,
                                    0.8660249710083008,
                                    -1.401224970817566],
                                   [0.0, 0.0, 0.0, 1.0]],
               'mHandThumb3Right': [[1.0, 0.0, 0.0, -0.04600000008940697],
                                    [-0.0,
                                     0.8660249710083008,
                                     0.5,
                                     -0.07647199928760529],
                                    [0.0,
                                     -0.5,
                                     0.8660249710083008,
                                     -1.401224970817566],
                                    [0.0, 0.0, 0.0, 1.0]],
               'mHead': [[1.0, 0.0, 0.0, 0.02500000037252903],
                         [-0.0, 1.0, 0.0, -0.0],
                         [0.0, -0.0, 1.0, -1.6829999685287476],
                         [0.0, 0.0, 0.0, 1.0]],
               'mHipLeft': [[1.0, 0.0, 0.0, -0.03375700116157532],
                            [-0.0,
                             0.9961950182914734,
                             0.08715599775314331,
                             -0.215706005692482],
                            [0.0,
                             -0.08715599775314331,
                             0.9961950182914734,
                             -1.011064052581787],
                            [0.0, 0.0, 0.0, 1.0]],
               'mHipRight': [[1.0, -0.0, 0.0, -0.03361999988555908],
                             [-0.0,
                              0.9961950182914734,
                              -0.08715599775314331,
                              0.21773099899291992],
                             [-0.0,
                              0.08715599775314331,
                              0.9961950182914734,
                              -1.0107990503311157],
                             [0.0, 0.0, 0.0, 1.0]],
               'mKneeLeft': [[1.0, 0.0, 0.0, -0.03286999836564064],
                             [-0.0,
                              0.9961950182914734,
                              0.08715599775314331,
                              -0.17013800144195557],
                             [0.0,
                              -0.08715599775314331,
                              0.9961950182914734,
                              -0.5200110077857971],
                             [0.0, 0.0, 0.0, 1.0]],
               'mKneeRight': [[1.0, -0.0, 0.0, -0.032839998602867126],
                              [-0.0,
                               0.9961950182914734,
                               -0.08715599775314331,
                               0.1690959930419922],
                              [-0.0,
                               0.08715599775314331,
                               0.9961950182914734,
                               -0.519877016544342],
                              [0.0, 0.0, 0.0, 1.0]],
               'mNeck': [[1.0, 0.0, 0.0, 0.02500000037252903],
                         [-0.0, 1.0, 0.0, -0.0],
                         [0.0, -0.0, 1.0, -1.6069999933242798],
                         [0.0, 0.0, 0.0, 1.0]],
               'mPelvis': [[1.0, 0.0, 0.0, -0.0],
                           [-0.0, 1.0, 0.0, -0.0],
                           [0.0, -0.0, 1.0, -1.0670150518417358],
                           [0.0, 0.0, 0.0, 1.0]],
               'mShoulderLeft': [[1.0, -0.0, 0.0, 0.035999998450279236],
                                 [-0.0,
                                  0.8660249710083008,
                                  -0.5,
                                  0.6184719800949097],
                                 [-0.0,
                                  0.5,
                                  0.8660249710083008,
                                  -1.3992249965667725],
                                 [0.0, 0.0, 0.0, 1.0]],
               'mShoulderRight': [[1.0, 0.0, 0.0, 0.035999998450279236],
                                  [-0.0,
                                   0.8660249710083008,
                                   0.5,
                                   -0.6184719800949097],
                                  [0.0,
                                   -0.5,
                                   0.8660249710083008,
                                   -1.3992249965667725],
                                  [0.0, 0.0, 0.0, 1.0]],
               'mToeLeft': [[1.0, 0.0, 0.0, -0.2249390035867691],
                            [-0.0,
                             0.9961950182914734,
                             0.08715599775314331,
                             -0.17151600122451782],
                            [0.0,
                             -0.08715599775314331,
                             0.9961950182914734,
                             0.009057999588549137],
                            [0.0, 0.0, 0.0, 1.0]],
               'mToeRight': [[1.0, -0.0, 0.0, -0.22492699325084686],
                             [-0.0,
                              0.9961950182914734,
                              -0.08715599775314331,
                              0.1690959930419922],
                             [-0.0,
                              0.08715599775314331,
                              0.9961950182914734,
                              0.009254000149667263],
                             [0.0, 0.0, 0.0, 1.0]],
               'mTorso': [[1.0, 0.0, 0.0, -0.0],
                          [-0.0, 1.0, 0.0, -0.0],
                          [0.0, -0.0, 1.0, -1.151087999343872],
                          [0.0, 0.0, 0.0, 1.0]],
               'mWristLeft': [[1.0, -0.0, 0.0, 0.035999998450279236],
                              [-0.0,
                               0.8660249710083008,
                               -0.5,
                               0.16562600433826447],
                              [-0.0,
                               0.5,
                               0.8660249710083008,
                               -1.3992249965667725],
                              [0.0, 0.0, 0.0, 1.0]],
               'mWristRight': [[1.0, 0.0, 0.0, 0.035999998450279236],
                               [-0.0,
                                0.8660249710083008,
                                0.5,
                                -0.16547200083732605],
                               [0.0,
                                -0.5,
                                0.8660249710083008,
                                -1.3992249965667725],
                               [0.0, 0.0, 0.0, 1.0]]},
 'bind_shape': [[1.0, -0.0, 0.0, 0.0],
                [0.0, 1.0, -0.0, 0.0],
                [0.0, 0.0, 1.0, 0.0],
                [0.0, 0.0, 0.0, 1.0]],
 'bone_data': {'Alt Left Ear': [[1.0,
                                 2.2351738238057806e-08,
                                 -2.2351741790771484e-08,
                                 8.184564137536654e-13],
                                [-2.2351738238057806e-08,
                                 1.0,
                                 7.450583261459087e-09,
                                 -2.0166597280990572e-09],
                                [2.2351741790771484e-08,
