# Preset data auto-generated by Bento Budddy

presets = {'apply_location': True,
 'apply_rotation': True,
 'apply_scale': True,
 'blank': False,
 'dae_apply_modifiers': False,
 'dae_deform_bones_only': True,
 'dae_include_animations': False,
 'dae_include_armatures': True,
 'dae_include_children': False,
 'dae_include_shapekeys': False,
 'dae_open_sim': True,
 'dae_selected': True,
 'dae_sort_by_name': True,
 'dae_triangulate': False,
 'dae_use_blender_profile': False,
 'dae_use_object_instantiation': False,
 'devkit_poll': 1,
 'devkit_state': False,
 'export_advanced': False,
 'export_apply_modifiers': False,
 'export_blank': False,
 'export_full_rig': False,
 'export_menu_enabled': True,
 'export_path_to_pelvis': False,
 'export_reset': False,
 'fix_broken_bones': False,
 'process_attachment_bones': False,
 'process_volume_bones': True,
 'remove_empty_groups': True,
 'rig_class_default': False,
 'rig_class_male_default': False,
 'rig_class_male_neutral': False,
 'rig_class_name': 'default',
 'rig_class_neutral': False,
 'rotate_for_sl': True,
 'use_app_compatible_data': True,
 'use_bind_data': False,
 'use_offset_location': False,
 'use_offset_rotation': False,
 'use_offset_scale': False,
 'use_rig_data': False,
 'use_sl_compatible_data': False,
 'volume_bone_location': True,
 'volume_bone_rotation': True,
 'volume_bone_scale': True}
matrices = {'bind_data': {'BUTT': [[10.0, 0.0, 0.0, 0.550000011920929],
                        [0.0, 8.713330268859863, 0.0, 0.0],
                        [0.0, 0.0, 10.0, -9.670149803161621],
                        [0.0, 0.0, 0.0, 1.0]],
               'Chest': [[0.0, -0.0, -1.0, 1.2559599876403809],
                         [-1.0, -0.0, 0.0, 0.13316799700260162],
                         [-0.0, 1.0, -0.0, 0.0],
                         [0.0, 0.0, 0.0, 1.0]],
               'Chin': [[1.0, 0.0, 0.0, -0.08621799945831299],
                        [0.0, 1.0, 0.0, 0.0],
                        [0.0, 0.0, 1.0, -1.6456999778747559],
                        [0.0, 0.0, 0.0, 1.0]],
               'LEFT_HANDLE': [[20.0, 0.0, 0.0, 0.0],
                               [0.0, 20.0, 0.0, -2.0],
                               [0.0, 0.0, 20.0, -24.181800842285156],
                               [0.0, 0.0, 0.0, 1.0]],
               'LEFT_PEC': [[20.140499114990234,
                             0.0,
                             -1.5108400583267212,
                             0.04828900098800659],
                            [0.0, 20.8125, 0.0, -1.6399999856948853],
                            [1.496090054512024,
                             0.0,
                             19.944000244140625,
                             -28.034299850463867],
                            [0.0, 0.0, 0.0, 1.0]],
               'LOWER_BACK': [[11.111100196838379, 0.0, 0.0, 0.0],
                              [0.0, 7.692309856414795, 0.0, 0.0],
                              [0.0, 0.0, 6.666669845581055, -7.827250003814697],
                              [0.0, 0.0, 0.0, 1.0]],
               'L_CLAVICLE': [[14.285699844360352,
                               0.0,
                               0.0,
                               0.22986799478530884],
                              [0.0,
                               7.142859935760498,
                               0.0,
                               -0.5141479969024658],
                              [0.0, 0.0, 20.0, -30.827199935913086],
                              [0.0, 0.0, 0.0, 1.0]],
               'L_LOWER_LEG': [[16.66670036315918,
                                0.0,
                                0.0,
                                -0.21449999511241913],
                               [0.0,
                                16.66670036315918,
                                0.0,
                                -1.353279948234558],
                               [0.0, 0.0, 4.0, -1.339859962463379],
                               [0.0, 0.0, 0.0, 1.0]],
               'L_UPPER_ARM': [[20.0, 0.0, 0.0, 0.7218149900436401],
                               [0.0,
                                5.232110023498535,
                                -0.45775100588798523,
                                -0.7921630144119263],
                               [0.0,
                                1.743109941482544,
                                19.923900604248047,
                                -31.008100509643555],
                               [0.0, 0.0, 0.0, 1.0]],
               'L_UPPER_LEG': [[11.111100196838379,
                                0.0,
                                0.0,
                                -0.1528560072183609],
                               [0.0,
                                11.111100196838379,
                                0.0,
                                -0.852944016456604],
                               [0.0, 0.0, 3.125, -2.5188000202178955],
                               [0.0, 0.0, 0.0, 1.0]],
               'Mouth': [[1.0, 0.0, 0.0, -0.08621799945831299],
                         [0.0, 1.0, 0.0, 0.0],
                         [0.0, 0.0, 1.0, -1.6836299896240234],
                         [0.0, 0.0, 0.0, 1.0]],
               'Neck': [[1.0, 0.0, 0.0, 0.024782000109553337],
                        [0.0, 1.0, 0.0, 0.0],
                        [0.0, 0.0, 1.0, -1.607069969177246],
                        [0.0, 0.0, 0.0, 1.0]],
               'Nose': [[1.0, 0.0, 0.0, -0.06771799921989441],
                        [0.0, 1.0, 0.0, 0.0],
                        [0.0, 0.0, 1.0, -1.728950023651123],
                        [0.0, 0.0, 0.0, 1.0]],
               'Pelvis': [[1.0, 0.0, 0.0, 0.0],
                          [0.0, 1.0, 0.0, 0.0],
                          [0.0, 0.0, 1.0, -0.917015016078949],
                          [0.0, 0.0, 0.0, 1.0]],
               'RIGHT_HANDLE': [[20.0, 0.0, 0.0, 0.0],
                                [0.0, 20.0, 0.0, 2.0],
                                [0.0, 0.0, 20.0, -24.181800842285156],
                                [0.0, 0.0, 0.0, 1.0]],
               'RIGHT_PEC': [[20.140499114990234,
                              0.0,
                              -1.5108400583267212,
                              0.04828900098800659],
                             [0.0, 20.8125, 0.0, 1.6399999856948853],
                             [1.496090054512024,
                              0.0,
                              19.944000244140625,
                              -28.034299850463867],
                             [0.0, 0.0, 0.0, 1.0]],
               'R_CLAVICLE': [[14.285699844360352,
                               0.0,
                               0.0,
                               0.22986799478530884],
                              [0.0, 7.142859935760498, 0.0, 0.5164470076560974],
                              [0.0, 0.0, 20.0, -30.827199935913086],
                              [0.0, 0.0, 0.0, 1.0]],
               'R_LOWER_LEG': [[16.66670036315918,
                                0.0,
                                0.0,
                                -0.21400000154972076],
                               [0.0,
                                16.66670036315918,
                                0.0,
                                1.3361799716949463],
                               [0.0, 0.0, 4.0, -1.3400299549102783],
                               [0.0, 0.0, 0.0, 1.0]],
               'R_UPPER_ARM': [[20.0, 0.0, 0.0, 0.7218149900436401],
                               [0.0,
                                5.232110023498535,
                                0.45775100588798523,
                                0.7960339784622192],
                               [0.0,
                                -1.743109941482544,
                                19.923900604248047,
                                -31.0093994140625],
                               [0.0, 0.0, 0.0, 1.0]],
               'R_UPPER_LEG': [[11.111100196838379,
                                0.0,
                                0.0,
                                -0.1513330042362213],
                               [0.0,
                                11.111100196838379,
                                0.0,
                                0.8756219744682312],
                               [0.0, 0.0, 3.125, -2.5185298919677734],
                               [0.0, 0.0, 0.0, 1.0]],
               'Skull': [[-0.0, 1.0, 0.0, -0.0],
                         [-1.0, -0.0, 0.0, -0.024782000109553337],
                         [0.0, 0.0, 1.0, -1.8214499950408936],
                         [0.0, 0.0, 0.0, 1.0]],
               'Spine': [[0.0, -0.0, 1.0, -1.2559599876403809],
                         [-1.0, -0.0, 0.0, -0.16390399634838104],
                         [0.0, -1.0, -0.0, 0.0],
                         [0.0, 0.0, 0.0, 1.0]],
               'Stomach': [[1.0, 0.0, 0.0, -0.09200000017881393],
                           [0.0, 1.0, 0.0, 0.0],
                           [0.0, 0.0, 1.0, -1.1550099849700928],
                           [0.0, 0.0, 0.0, 1.0]],
               'UPPER_BACK': [[11.220600128173828,
                               0.0,
                               0.0,
                               0.17243899405002594],
                              [0.0, 8.004819869995117, 0.0, 0.0],
                              [0.0, 0.0, 6.666669845581055, -9.15310001373291],
                              [0.0, 0.0, 0.0, 1.0]],
               'mAnkleLeft': [[1.0, 0.0, 0.0, -0.003982999827712774],
                              [0.0, 1.0, 0.0, -0.0825750008225441],
                              [0.0, 0.0, 1.0, -0.0665149986743927],
                              [0.0, 0.0, 0.0, 1.0]],
               'mAnkleRight': [[1.0, 0.0, 0.0, -0.003971000202000141],
                               [0.0, 1.0, 0.0, 0.08017099648714066],
                               [0.0, 0.0, 1.0, -0.06651300191879272],
                               [0.0, 0.0, 0.0, 1.0]],
               'mChest': [[1.0098600387573242, 0.0, 0.0, 0.015519999898970127],
                          [0.0, 1.0406299829483032, 0.0, 0.0],
                          [0.0, 0.0, 1.0, -1.355970025062561],
                          [0.0, 0.0, 0.0, 1.0]],
               'mCollarLeft': [[1.0, 0.0, 0.0, 0.036090999841690063],
                               [0.0, 1.0, 0.0, -0.07198099792003632],
                               [0.0, 0.0, 1.0, -1.5213600397109985],
                               [0.0, 0.0, 0.0, 1.0]],
               'mCollarRight': [[1.0, 0.0, 0.0, 0.036090999841690063],
                                [0.0, 1.0, 0.0, 0.07230299711227417],
                                [0.0, 0.0, 1.0, -1.5213600397109985],
                                [0.0, 0.0, 0.0, 1.0]],
               'mElbowLeft': [[1.0, 0.0, 0.0, 0.036090999841690063],
                              [0.0,
                               0.847458004951477,
                               0.0,
                               -0.36333999037742615],
                              [0.0, 0.0, 1.0, -1.5213600397109985],
                              [0.0, 0.0, 0.0, 1.0]],
               'mElbowRight': [[1.0, 0.0, 0.0, 0.036090999841690063],
                               [0.0,
                                0.847458004951477,
                                0.0,
                                0.36396700143814087],
                               [0.0, 0.0, 1.0, -1.5213600397109985],
                               [0.0, 0.0, 0.0, 1.0]],
               'mFootLeft': [[1.0, 0.0, 0.0, -0.11593899875879288],
                             [0.0, 1.0, 0.0, -0.0825750008225441],
                             [0.0, 0.0, 1.0, -0.005894999951124191],
                             [0.0, 0.0, 0.0, 1.0]],
               'mFootRight': [[1.0, 0.0, 0.0, -0.11592700332403183],
                              [0.0, 1.0, 0.0, 0.08017099648714066],
                              [0.0, 0.0, 1.0, -0.005876000039279461],
                              [0.0, 0.0, 0.0, 1.0]],
               'mHead': [[1.0810799598693848, 0.0, 0.0, 0.026791999116539955],
                         [0.0, 1.0810799598693848, 0.0, 0.0],
                         [0.0, 0.0, 1.0810799598693848, -1.8191399574279785],
                         [0.0, 0.0, 0.0, 1.0]],
               'mHipLeft': [[1.0, 0.0, 0.0, -0.03375700116157532],
                            [0.0, 1.0, 0.0, -0.12676499783992767],
                            [0.0, 0.0, 1.0, -1.0260200500488281],
                            [0.0, 0.0, 0.0, 1.0]],
               'mHipRight': [[1.0, 0.0, 0.0, -0.03361999988555908],
                             [0.0, 1.0, 0.0, 0.1288059949874878],
                             [0.0, 0.0, 1.0, -1.0259300470352173],
                             [0.0, 0.0, 0.0, 1.0]],
               'mKneeLeft': [[1.0, 0.0, 0.0, -0.03286999836564064],
                             [0.0, 1.0, 0.0, -0.08119700103998184],
                             [0.0, 0.0, 1.0, -0.5349640250205994],
                             [0.0, 0.0, 0.0, 1.0]],
               'mKneeRight': [[1.0, 0.0, 0.0, -0.032839998602867126],
                              [0.0, 1.0, 0.0, 0.08017099648714066],
                              [0.0, 0.0, 1.0, -0.5350069999694824],
                              [0.0, 0.0, 0.0, 1.0]],
               'mNeck': [[1.1832599639892578, 0.0, 0.0, 0.02932400070130825],
                         [0.0, 1.1970900297164917, 0.0, 0.0],
                         [0.0, 0.0, 1.0, -1.607069969177246],
                         [0.0, 0.0, 0.0, 1.0]],
               'mPelvis': [[1.0, 0.0, 0.0, 0.0],
                           [0.0, 1.0, 0.0, 0.0],
                           [0.0, 0.0, 1.0, -1.067020058631897],
                           [0.0, 0.0, 0.0, 1.0]],
               'mShoulderLeft': [[1.0, 0.0, 0.0, 0.036090999841690063],
                                 [0.0,
                                  0.892857015132904,
                                  0.0,
                                  -0.13480399549007416],
                                 [0.0, 0.0, 1.0, -1.5213600397109985],
                                 [0.0, 0.0, 0.0, 1.0]],
               'mShoulderRight': [[1.0, 0.0, 0.0, 0.036090999841690063],
                                  [0.0,
                                   0.892857015132904,
                                   0.0,
                                   0.13546499609947205],
                                  [0.0, 0.0, 1.0, -1.5213600397109985],
                                  [0.0, 0.0, 0.0, 1.0]],
               'mSkull': [[1.0810799598693848, 0.0, 0.0, 0.026791999116539955],
                          [0.0, 1.0810799598693848, 0.0, 0.0],
                          [0.0, 0.0, 1.0810799598693848, -1.8906400203704834],
                          [0.0, 0.0, 0.0, 1.0]],
               'mToeLeft': [[1.0, 0.0, 0.0, -0.22132599353790283],
                            [0.0, 1.0, 0.0, -0.0908450037240982],
                            [0.0, 0.0, 1.0, -0.006765999831259251],
                            [0.0, 0.0, 0.0, 1.0]],
               'mToeRight': [[1.0, 0.0, 0.0, -0.22132599353790283],
                             [0.0, 1.0, 0.0, 0.09057900309562683],
                             [0.0, 0.0, 1.0, -0.005772000178694725],
                             [0.0, 0.0, 0.0, 1.0]],
               'mTorso': [[1.0, 0.0, 0.0, 0.0],
                          [0.0, 1.0, 0.0, 0.0],
                          [0.0, 0.0, 1.0, -1.1510900259017944],
                          [0.0, 0.0, 0.0, 1.0]],
               'mWristLeft': [[1.0, 0.0, 0.0, 0.036090999841690063],
                              [0.0, 1.0, 0.0, -0.670458972454071],
                              [0.0, 0.0, 1.0, -1.5213600397109985],
                              [0.0, 0.0, 0.0, 1.0]],
               'mWristRight': [[1.0, 0.0, 0.0, 0.036090999841690063],
                               [0.0, 1.0, 0.0, 0.6713809967041016],
                               [0.0, 0.0, 1.0, -1.5213600397109985],
                               [0.0, 0.0, 0.0, 1.0]]},
 'bind_shape': [[1.0, 0.0, 0.0, 0.04894699901342392],
                [0.0, 1.0, 0.0, -0.35115599632263184],
                [0.0, 0.0, 1.0, 0.11282099783420563],
                [0.0, 0.0, 0.0, 1.0]],
 'bone_data': {'Alt Left Ear': [[1.0,
                                 2.2351738238057806e-08,
                                 -2.2351741790771484e-08,
                                 8.184564137536654e-13],
                                [-2.2351738238057806e-08,
                                 1.0,
                                 7.450583261459087e-09,
                                 -2.0166597280990572e-09],
                                [2.2351741790771484e-08,
                                 -7.450581485102248e-09,
                                 1.0,
                                 -5.932523361451558e-10],
                                [0.0, 0.0, 0.0, 1.0]],
               'Alt Left Eye': [[1.0, 0.0, 0.0, 0.0],
                                [0.0, 1.0, 0.0, 0.0],
                                [0.0, 0.0, 1.0, 0.0],
                                [0.0, 0.0, 0.0, 1.0]],
               'Alt Right Ear': [[1.0,
                                  -2.2351741790771484e-08,
                                  -2.2351741790771484e-08,
                                  8.187894806610529e-13],
                                 [2.2351741790771484e-08,
                                  1.0,
                                  -7.450578820566989e-09,
                                  2.016666389437205e-09],
                                 [2.2351741790771484e-08,
                                  7.450578820566989e-09,
                                  1.0,
                                  -5.932523361451558e-10],
                                 [0.0, 0.0, 0.0, 1.0]],
               'Alt Right Eye': [[1.0, 0.0, 0.0, 0.0],
                                 [0.0, 1.0, 0.0, 0.0],
                                 [0.0, 0.0, 1.0, 0.0],
                                 [0.0, 0.0, 0.0, 1.0]],
               'Avatar Center': [[1.0, 0.0, 0.0, 0.0],
                                 [0.0, 1.0, 0.0, 0.0],
                                 [0.0, 0.0, 1.0, 0.0],
                                 [0.0, 0.0, 0.0, 1.0]],
               'BELLY': [[0.08912413567304611,
                          2.724133920954459e-25,
                          0.0208759643137455,
                          0.02800000086426735],
                         [-7.045678785084761e-18,
                          0.12999999523162842,
                          8.355434747203878e-17,
                          -2.113941244274997e-09],
                         [-0.012525578960776329,
                          -7.312541312764782e-17,
                          0.1485402137041092,
                          0.039999961853027344],
                         [0.0, 0.0, 0.0, 1.0]],
               'BUTT': [[1.0, 0.0, 0.0, -0.05999999865889549],
                        [0.0, 1.0, 0.0, 0.0],
                        [0.0, 0.0, 1.0, -0.10000000149011612],
                        [0.0, 0.0, 0.0, 1.0]],
               'CHEST': [[0.10832884907722473,
                          -5.860660004977417e-17,
                          -0.03472962975502014,
                          0.027999993413686752],
                         [5.3722758622777354e-18,
                          0.14999999105930328,
                          -3.9460676268132807e-16,
                          -2.113941244274997e-09],
                         [0.019101295620203018,
                          2.9018679087508407e-16,
                          0.19696155190467834,
                          0.06999993324279785],
                         [0.0, 0.0, 0.0, 1.0]],
               'Chest': [[1.0, 0.0, 0.0, 0.15000000596046448],
                         [0.0, 1.0, 0.0, 0.0],
                         [0.0, 0.0, 1.0, -0.10000000149011612],
                         [0.0, 0.0, 0.0, 1.0]],
               'Chin': [[1.0, 0.0, 0.0, 0.11999999731779099],
                        [0.0, 1.0, 0.0, 0.0],
                        [0.0, 0.0, 1.0, -0.03999999910593033],
                        [0.0, 0.0, 0.0, 1.0]],
               'Groin': [[1.0,
                          1.30967981709715e-25,
                          1.862645149230957e-09,
                          1.8067937146426516e-09],
                         [1.30967981709715e-25,
                          1.0,
                          -1.4062579956658803e-16,
                          -1.3640913720625812e-16],
                         [-1.862645149230957e-09,
                          1.4062579956658803e-16,
                          1.0,
                          -1.1920930909070648e-10],
                         [0.0, 0.0, 0.0, 1.0]],
               'HEAD': [[0.10999999940395355, 0.0, 0.0, 0.019999999552965164],
                        [0.0,
                         0.09000000357627869,
                         0.0,
                         -1.5099581585076294e-09],
                        [0.0, 0.0, 0.12000000476837158, 0.06999993324279785],
                        [0.0, 0.0, 0.0, 1.0]],
               'Jaw': [[1.0,
                        3.352780331768704e-23,
                        2.9802322387695312e-08,
                        -5.5919713304319885e-12],
                       [3.352780331768704e-23,
                        1.0,
                        -2.2500127930654085e-15,
                        -2.5173819192397806e-18],
                       [-2.9802322387695312e-08,
                        2.2500127930654085e-15,
                        1.0,
                        2.6077140447000602e-11],
                       [0.0, 0.0, 0.0, 1.0]],
               'L Forearm': [[1.0, 0.0, 0.0, 1.1175870895385742e-08],
                             [0.0, 1.0, 0.0, 0.11300000548362732],
                             [0.0, 0.0, 1.0, 0.0],
                             [0.0, 0.0, 0.0, 1.0]],
               'L Lower Leg': [[1.0,
                                -1.9839327286140268e-19,
                                -4.958087274076206e-09,
                                -0.04399999976158142],
                               [-1.9840971307607717e-19,
                                1.0,
                                -8.003146756419e-11,
                                -0.006999999284744263],
                               [4.958087274076206e-09,
                                8.003146756419e-11,
                                1.0,
                                -0.26100003719329834],
                               [0.0, 0.0, 0.0, 1.0]],
               'L Upper Arm': [[1.0, 0.0, 0.0, 0.010000012814998627],
                               [0.0, 1.0, 0.0, 0.15000000596046448],
                               [0.0, 0.0, 1.0, -0.009999990463256836],
                               [0.0, 0.0, 0.0, 1.0]],
               'L Upper Leg': [[1.0,
                                -1.899024937301874e-09,
                                1.746234684629755e-10,
                                -0.01900000497698784],
                               [1.899024937301874e-09,
                                1.0,
                                6.56643805996282e-09,
                                -0.03399999067187309],
                               [-1.746234962185511e-10,
                                -6.56643805996282e-09,
                                1.0,
                                -0.309999942779541],
                               [0.0, 0.0, 0.0, 1.0]],
               'LEFT_HANDLE': [[1.0, 0.0, 0.0, 0.0],
                               [0.0, 1.0, 0.0, 0.10000000149011612],
                               [0.0, 0.0, 1.0, 0.057999998331069946],
                               [0.0, 0.0, 0.0, 1.0]],
               'LEFT_PEC': [[1.0, 0.0, 0.0, 0.11900000274181366],
                            [0.0, 1.0, 0.0, 0.0820000022649765],
                            [0.0, 0.0, 1.0, 0.041999999433755875],
                            [0.0, 0.0, 0.0, 1.0]],
               'LOWER_BACK': [[1.0, 0.0, 0.0, 0.0],
                              [0.0, 1.0, 0.0, 0.0],
                              [0.0, 0.0, 1.0, 0.023000000044703484],
                              [0.0, 0.0, 0.0, 1.0]],
               'L_CLAVICLE': [[1.0, 0.0, 0.0, 0.019999999552965164],
                              [0.0, 1.0, 0.0, 0.0],
                              [0.0, 0.0, 1.0, 0.019999999552965164],
                              [0.0, 0.0, 0.0, 1.0]],
               'L_FOOT': [[0.12802499532699585,
                           -1.7696495031282989e-15,
                           0.00868240837007761,
                           0.07699999213218689],
                          [4.606428594415481e-15,
                           0.05000000074505806,
                           1.431756731402889e-16,
                           7.4505797087454084e-09],
                          [-0.02257426083087921,
                           1.666524088833035e-16,
                           0.04924039542675018,
                           -0.040999989956617355],
                          [0.0, 0.0, 0.0, 1.0]],
               'L_HAND': [[0.049240391701459885,
                           0.013872814364731312,
                           0.0002726412785705179,
                           0.010000010952353477],
                          [-0.008682409301400185,
                           0.07867665588855743,
                           0.0015462258597835898,
                           0.050000011920928955],
                          [5.722047488609938e-11,
                           -0.004186877515166998,
                           0.02995889075100422,
                           0.0],
                          [0.0, 0.0, 0.0, 1.0]],
               'L_LOWER_ARM': [[0.03999999910593033,
                                4.904165181590647e-12,
                                4.3946533911931596e-11,
                                1.1175870895385742e-08],
                               [-3.699254010752773e-12,
                                0.13980813324451447,
                                0.0020934382919222116,
                                0.09999993443489075],
                               [-4.381297755151614e-11,
                                -0.007327034138143063,
                                0.03994517773389816,
                                -2.384185791015625e-07],
                               [0.0, 0.0, 0.0, 1.0]],
               'L_LOWER_LEG': [[1.0, 0.0, 0.0, -0.019999999552965164],
                               [0.0, 1.0, 0.0, 0.0],
                               [0.0, 0.0, 1.0, -0.20000000298023224],
                               [0.0, 0.0, 0.0, 1.0]],
               'L_UPPER_ARM': [[1.0, 0.0, 0.0, 0.0],
                               [0.0, 1.0, 0.0, 0.11999999731779099],
                               [0.0, 0.0, 1.0, 0.009999999776482582],
                               [0.0, 0.0, 0.0, 1.0]],
               'L_UPPER_LEG': [[1.0, 0.0, 0.0, -0.019999999552965164],
                               [0.0, 1.0, 0.0, -0.05000000074505806],
                               [0.0, 0.0, 1.0, -0.2199999988079071],
                               [0.0, 0.0, 0.0, 1.0]],
               'Left Ear': [[1.0, 0.0, 0.0, 0.01500000525265932],
                            [0.0, 1.0, 0.0, 0.07999999821186066],
                            [0.0, 0.0, 1.0, 0.01699995994567871],
                            [0.0, 0.0, 0.0, 1.0]],
               'Left Eyeball': [[1.0, 0.0, 0.0, 0.0],
                                [0.0, 1.0, 0.0, 0.0],
                                [0.0, 0.0, 1.0, 0.0],
                                [0.0, 0.0, 0.0, 1.0]],
               'Left Foot': [[1.0,
                              1.2805680960070731e-09,
                              1.3969839729455202e-09,
                              1.1397811860991425e-10],
                             [-1.2805680960070731e-09,
                              1.0,
                              2.35741026699543e-09,
                              -1.3457085445978123e-10],
                             [-1.3969839729455202e-09,
                              -2.35741026699543e-09,
                              1.0,
                              -3.5662806041614203e-10],
                             [0.0, 0.0, 0.0, 1.0]],
               'Left Hand': [[1.0, 0.0, 0.0, 7.450580596923828e-09],
                             [0.0, 1.0, 0.0, 0.07999998331069946],
                             [0.0, 0.0, 1.0, -0.019999980926513672],
                             [0.0, 0.0, 0.0, 1.0]],
               'Left Hind Foot': [[1.0, 0.0, 0.0, 0.0],
                                  [0.0, 1.0, 0.0, 0.0],
                                  [0.0, 0.0, 1.0, 0.0],
                                  [0.0, 0.0, 0.0, 1.0]],
               'Left Hip': [[1.0,
                             -1.899081780720735e-09,
                             1.746234684629755e-10,
                             -6.15632406164579e-11],
                            [1.899081780720735e-09,
                             1.0,
                             6.56643805996282e-09,
                             6.801498919628557e-09],
                            [-1.746234962185511e-10,
                             -6.56643805996282e-09,
                             1.0,
                             -8.383036487202844e-10],
                            [0.0, 0.0, 0.0, 1.0]],
               'Left Pec': [[1.0,
                             2.09548770735544e-24,
                             -7.450580596923828e-09,
                             0.10400000959634781],
                            [2.09548770735544e-24,
                             1.0,
                             5.625031982663521e-16,
                             0.0819999948143959],
                            [7.450580596923828e-09,
                             -5.625031982663521e-16,
                             1.0,
                             0.24699997901916504],
                            [0.0, 0.0, 0.0, 1.0]],
               'Left Ring Finger': [[1.0,
                                     3.259629366425543e-08,
                                     -5.587936335871291e-09,
                                     -0.0060000005178153515],
                                    [-3.259629366425543e-08,
                                     1.0,
                                     -3.7252898543727042e-09,
                                     0.018999990075826645],
                                    [5.587936335871291e-09,
                                     3.725290298461914e-09,
                                     1.0,
                                     -0.0020000911317765713],
                                    [0.0, 0.0, 0.0, 1.0]],
               'Left Shoulder': [[1.0, 0.0, 0.0, 0.0],
                                 [0.0, 1.0, 0.0, 0.0],
                                 [0.0, 0.0, 1.0, 0.08000004291534424],
                                 [0.0, 0.0, 0.0, 1.0]],
               'Left Wing': [[1.0,
                              -2.9802322387695312e-08,
                              0.0,
                              -1.877546473849634e-08],
                             [2.9802322387695312e-08,
                              1.0,
                              0.0,
                              -1.93228704148396e-08],
                             [0.0, 0.0, 1.0, 0.0],
                             [0.0, 0.0, 0.0, 1.0]],
               'Mouth': [[1.0, 0.0, 0.0, 0.11999999731779099],
                         [0.0, 1.0, 0.0, 0.0],
                         [0.0, 0.0, 1.0, 0.0010000000474974513],
                         [0.0, 0.0, 0.0, 1.0]],
               'NECK': [[0.04999999701976776, 0.0, 0.0, 0.0],
                        [0.0,
                         0.059999994933605194,
                         0.0,
                         -2.220446049250313e-16],
                        [0.0, 0.0, 0.08000000566244125, 0.020000219345092773],
                        [0.0, 0.0, 0.0, 1.0]],
               'Neck': [[1.0, 0.0, 0.0, 0.0],
                        [0.0, 1.0, 0.0, 0.0],
                        [0.0, 0.0, 1.0, 0.0],
                        [0.0, 0.0, 0.0, 1.0]],
               'Nose': [[1.0, 0.0, 0.0, 0.10000000149011612],
                        [0.0, 1.0, 0.0, 0.0],
                        [0.0, 0.0, 1.0, 0.05000000074505806],
                        [0.0, 0.0, 0.0, 1.0]],
               'PELVIS': [[0.11883216351270676,
                           0.0,
                           0.02365942671895027,
                           -0.010000010952353477],
                          [0.0, 0.1599999964237213, 0.0, 7.549789682315122e-10],
                          [-0.01670077256858349,
                           0.0,
                           0.16834555566310883,
                           -0.020000100135803223],
                          [0.0, 0.0, 0.0, 1.0]],
               'Pelvis': [[1.0, 0.0, 0.0, 0.0],
                          [0.0, 1.0, 0.0, 0.0],
                          [0.0, 0.0, 1.0, -0.15000000596046448],
                          [0.0, 0.0, 0.0, 1.0]],
               'R Forearm': [[1.0, 0.0, 0.0, -1.1175870895385742e-08],
                             [0.0, 1.0, 0.0, -0.12000000476837158],
                             [0.0, 0.0, 1.0, 0.0],
                             [0.0, 0.0, 0.0, 1.0]],
               'R Lower Leg': [[1.0,
                                -7.105426934084528e-15,
                                -3.725403985299636e-09,
                                -0.04399999603629112],
                               [7.105426934084528e-15,
                                1.0,
                                -5.5673984845037994e-14,
                                -0.00700000673532486],
                               [3.725403985299636e-09,
                                5.5673984845037994e-14,
                                1.0,
                                -0.2619999945163727],
                               [0.0, 0.0, 0.0, 1.0]],
               'R Upper Arm': [[1.0, 0.0, 0.0, 0.009999988600611687],
                               [0.0, 1.0, 0.0, -0.1300000101327896],
                               [0.0, 0.0, 1.0, 0.009999990463256836],
                               [0.0, 0.0, 0.0, 1.0]],
               'R Upper Leg': [[1.0,
                                -2.86672685589906e-09,
                                -3.913079663984666e-16,
                                -0.016999995335936546],
                               [2.86672685589906e-09,
                                1.0,
                                -5.356923793442547e-09,
                                0.040999989956617355],
                               [4.0666483255086467e-16,
                                5.356923793442547e-09,
                                1.0,
                                -0.3100000023841858],
                               [0.0, 0.0, 0.0, 1.0]],
               'RIGHT_HANDLE': [[1.0, 0.0, 0.0, 0.0],
                                [0.0, 1.0, 0.0, -0.10000000149011612],
                                [0.0, 0.0, 1.0, 0.057999998331069946],
                                [0.0, 0.0, 0.0, 1.0]],
               'RIGHT_PEC': [[1.0, 0.0, 0.0, 0.11900000274181366],
                             [0.0, 1.0, 0.0, -0.0820000022649765],
                             [0.0, 0.0, 1.0, 0.041999999433755875],
                             [0.0, 0.0, 0.0, 1.0]],
               'R_CLAVICLE': [[1.0, 0.0, 0.0, 0.019999999552965164],
                              [0.0, 1.0, 0.0, 0.0],
                              [0.0, 0.0, 1.0, 0.019999999552965164],
                              [0.0, 0.0, 0.0, 1.0]],
               'R_FOOT': [[0.12802499532699585,
                           -2.2013852668382496e-15,
                           0.00868241023272276,
                           0.07700000703334808],
                          [2.5663965395238348e-15,
                           0.05000000819563866,
                           7.07928622678284e-15,
                           -2.2351745343485163e-08],
                          [-0.02257426828145981,
                           -6.800332442747107e-15,
                           0.04924039542675018,
                           -0.04100000113248825],
                          [0.0, 0.0, 0.0, 1.0]],
               'R_HAND': [[0.049240391701459885,
                           -0.013872814364731312,
                           0.0002726412785705179,
                           0.009999986737966537],
                          [0.008682409301400185,
                           0.07867665588855743,
                           -0.0015462258597835898,
                           -0.050000011920928955],
                          [5.722047488609938e-11,
                           0.004186877515166998,
                           0.02995889075100422,
                           1.1920928955078125e-07],
                          [0.0, 0.0, 0.0, 1.0]],
               'R_LOWER_ARM': [[0.03999999910593033,
                                -4.904165181590647e-12,
                                4.3946533911931596e-11,
                                -3.725290298461914e-09],
                               [3.699254010752773e-12,
                                0.13980813324451447,
                                -0.0020934382919222116,
                                -0.09999996423721313],
                               [-4.381297755151614e-11,
                                0.007327034138143063,
                                0.03994517773389816,
                                0.0],
                               [0.0, 0.0, 0.0, 1.0]],
               'R_LOWER_LEG': [[1.0, 0.0, 0.0, -0.019999999552965164],
                               [0.0, 1.0, 0.0, 0.0],
                               [0.0, 0.0, 1.0, -0.20000000298023224],
                               [0.0, 0.0, 0.0, 1.0]],
               'R_UPPER_ARM': [[1.0, 0.0, 0.0, 0.0],
                               [0.0, 1.0, 0.0, -0.11999999731779099],
                               [0.0, 0.0, 1.0, 0.009999999776482582],
                               [0.0, 0.0, 0.0, 1.0]],
               'R_UPPER_LEG': [[1.0, 0.0, 0.0, -0.019999999552965164],
                               [0.0, 1.0, 0.0, 0.05000000074505806],
                               [0.0, 0.0, 1.0, -0.2199999988079071],
                               [0.0, 0.0, 0.0, 1.0]],
               'Right Ear': [[1.0, 0.0, 0.0, 0.014999994076788425],
                             [0.0, 1.0, 0.0, -0.07999999821186066],
                             [0.0, 0.0, 1.0, 0.01699995994567871],
                             [0.0, 0.0, 0.0, 1.0]],
               'Right Eyeball': [[1.0, 0.0, 0.0, 0.0],
                                 [0.0, 1.0, 0.0, 0.0],
                                 [0.0, 0.0, 1.0, 0.0],
                                 [0.0, 0.0, 0.0, 1.0]],
               'Right Foot': [[1.0,
                               5.684341886080802e-14,
                               -9.125398356548181e-20,
                               0.0],
                              [-5.684341886080802e-14,
                               1.0,
                               2.2737367544323206e-13,
                               6.661338147750939e-16],
                              [9.125399649017888e-20,
                               -2.2737367544323206e-13,
                               1.0,
                               9.114237142782144e-15],
                              [0.0, 0.0, 0.0, 1.0]],
               'Right Hand': [[1.0, 0.0, 0.0, -3.725290298461914e-09],
                              [0.0, 1.0, 0.0, -0.07999998331069946],
                              [0.0, 0.0, 1.0, -0.019999980926513672],
                              [0.0, 0.0, 0.0, 1.0]],
               'Right Hind Foot': [[1.0, 0.0, 0.0, 0.0],
