# Preset data auto-generated by Bento Budddy

presets = {'apply_location': True,
 'apply_rotation': True,
 'apply_scale': True,
 'blank': False,
 'dae_apply_modifiers': False,
 'dae_deform_bones_only': True,
 'dae_include_animations': False,
 'dae_include_armatures': True,
 'dae_include_children': False,
 'dae_include_shapekeys': False,
 'dae_open_sim': True,
 'dae_selected': True,
 'dae_sort_by_name': True,
 'dae_triangulate': False,
 'dae_use_blender_profile': False,
 'dae_use_object_instantiation': False,
 'devkit_poll': 1,
 'devkit_state': False,
 'export_advanced': False,
 'export_apply_modifiers': False,
 'export_blank': False,
 'export_full_rig': False,
 'export_menu_enabled': True,
 'export_path_to_pelvis': False,
 'export_reset': False,
 'fix_broken_bones': False,
 'process_attachment_bones': False,
 'process_volume_bones': True,
 'remove_empty_groups': True,
 'rig_class_default': False,
 'rig_class_male_default': False,
 'rig_class_male_neutral': False,
 'rig_class_name': 'default',
 'rig_class_neutral': False,
 'rotate_for_sl': True,
 'use_app_compatible_data': True,
 'use_bind_data': False,
 'use_offset_location': False,
 'use_offset_rotation': False,
 'use_offset_scale': False,
 'use_rig_data': False,
 'use_sl_compatible_data': False,
 'volume_bone_location': True,
 'volume_bone_rotation': True,
 'volume_bone_scale': True}
matrices = {'bind_data': {'Chest': [[0.0, -0.0, -1.0, 1.3053100109100342],
                         [-1.0, -0.0, 0.0, 0.19438700377941132],
                         [-0.0, 1.0, -0.0, 0.00023499999952036887],
                         [0.0, 0.0, 0.0, 1.0]],
               'Chin': [[1.0, 0.0, 0.0, -0.1703830063343048],
                        [0.0, 1.0, 0.0, 0.00023499999952036887],
                        [0.0, 0.0, 1.0, -1.7058199644088745],
                        [0.0, 0.0, 0.0, 1.0]],
               'Mouth': [[1.0, 0.0, 0.0, -0.17037999629974365],
                         [0.0, 1.0, 0.0, 0.00023499999952036887],
                         [0.0, 0.0, 1.0, -1.7437399625778198],
                         [0.0, 0.0, 0.0, 1.0]],
               'Neck': [[1.0, 0.0, 0.0, -0.05937600135803223],
                        [0.0, 1.0, 0.0, 0.00023499999952036887],
                        [0.0, 0.0, 1.0, -1.6671799421310425],
                        [0.0, 0.0, 0.0, 1.0]],
               'Nose': [[1.0, 0.0, 0.0, -0.1518770009279251],
                        [0.0, 1.0, 0.0, 0.00023499999952036887],
                        [0.0, 0.0, 1.0, -1.7890700101852417],
                        [0.0, 0.0, 0.0, 1.0]],
               'Pelvis': [[1.0, 0.0, 0.0, -0.06152699887752533],
                          [0.0, 1.0, 0.0, 0.00023499999952036887],
                          [0.0, 0.0, 1.0, -0.9752179980278015],
                          [0.0, 0.0, 0.0, 1.0]],
               'Skull': [[-0.0, 1.0, 0.0, 0.00023499999952036887],
                         [-1.0, -0.0, 0.0, 0.05937099829316139],
                         [0.0, 0.0, 1.0, -1.88155996799469],
                         [0.0, 0.0, 0.0, 1.0]],
               'Spine': [[0.0, -0.0, 1.0, -1.3248399496078491],
                         [-1.0, -0.0, 0.0, -0.10197000205516815],
                         [0.0, -1.0, -0.0, -0.00023499999952036887],
                         [0.0, 0.0, 0.0, 1.0]],
               'Stomach': [[1.0, 0.0, 0.0, -0.15352700650691986],
                           [0.0, 1.0, 0.0, 0.00023499999952036887],
                           [0.0, 0.0, 1.0, -1.2132200002670288],
                           [0.0, 0.0, 0.0, 1.0]],
               'mAnkleLeft': [[1.0, 0.0, 0.0, -0.007590999826788902],
                              [0.0, 1.0, 0.0, -0.05443799868226051],
                              [0.0, 0.0, 1.0, -0.06685499846935272],
                              [0.0, 0.0, 0.0, 1.0]],
               'mAnkleRight': [[1.0, 0.0, 0.0, -0.007579000201076269],
                               [0.0, 1.0, 0.0, 0.05285299941897392],
                               [0.0, 0.0, 1.0, -0.0669030025601387],
                               [0.0, 0.0, 0.0, 1.0]],
               'mChest': [[1.01010000705719, 0.0, 0.0, -0.0562409982085228],
                          [0.0,
                           1.0416699647903442,
                           0.0,
                           0.00024399999529123306],
                          [0.0, 0.0, 1.0, -1.4061700105667114],
                          [0.0, 0.0, 0.0, 1.0]],
               'mCollarLeft': [[1.0, 0.0, 0.0, -0.04065399989485741],
                               [0.0, 1.0, 0.0, -0.05079500004649162],
                               [0.0, 0.0, 1.0, -1.5964100360870361],
                               [0.0, 0.0, 0.0, 1.0]],
               'mCollarRight': [[1.0, 0.0, 0.0, -0.04065399989485741],
                                [0.0, 1.0, 0.0, 0.04991000145673752],
                                [0.0, 0.0, 1.0, -1.5964100360870361],
                                [0.0, 0.0, 0.0, 1.0]],
               'mElbowLeft': [[1.0, 0.0, 0.0, -0.03965599834918976],
                              [0.0,
                               0.847458004951477,
                               0.0,
                               -0.33257099986076355],
                              [0.0, 0.0, 1.0, -1.5964800119400024],
                              [0.0, 0.0, 0.0, 1.0]],
               'mElbowRight': [[1.0, 0.0, 0.0, -0.03965599834918976],
                               [0.0,
                                0.847458004951477,
                                0.0,
                                0.33208999037742615],
                               [0.0, 0.0, 1.0, -1.5964800119400024],
                               [0.0, 0.0, 0.0, 1.0]],
               'mEyeLeft': [[1.0810799598693848,
                             0.0,
                             0.0,
                             -0.14541499316692352],
                            [0.0,
                             1.0810799598693848,
                             0.0,
                             -0.038745999336242676],
                            [0.0, 0.0, 1.0810799598693848, -1.9627699851989746],
                            [0.0, 0.0, 0.0, 1.0]],
               'mEyeRight': [[1.0810799598693848,
                              0.0,
                              0.0,
                              -0.14541999995708466],
                             [0.0,
                              1.0810799598693848,
                              0.0,
                              0.039253998547792435],
                             [0.0,
                              0.0,
                              1.0810799598693848,
                              -1.9627699851989746],
                             [0.0, 0.0, 0.0, 1.0]],
               'mFootLeft': [[1.0, 0.0, 0.0, -0.11593899875879288],
                             [0.0, 1.0, 0.0, -0.05443799868226051],
                             [0.0, 0.0, 1.0, -0.00584500003606081],
                             [0.0, 0.0, 0.0, 1.0]],
               'mFootRight': [[1.0, 0.0, 0.0, -0.11592700332403183],
                              [0.0, 1.0, 0.0, 0.05285299941897392],
                              [0.0, 0.0, 1.0, -0.005876000039279461],
                              [0.0, 0.0, 0.0, 1.0]],
               'mHead': [[1.0810799598693848, 0.0, 0.0, -0.039427999407052994],
                         [0.0, 1.0810799598693848, 0.0, 0.00025400001322850585],
                         [0.0, 0.0, 1.0810799598693848, -1.8771100044250488],
                         [0.0, 0.0, 0.0, 1.0]],
               'mHipLeft': [[1.0, 0.0, 0.0, -0.07851500064134598],
                            [0.0, 1.0, 0.0, -0.12176299840211868],
                            [0.0, 0.0, 1.0, -1.0815199613571167],
                            [0.0, 0.0, 0.0, 1.0]],
               'mHipRight': [[1.0, 0.0, 0.0, -0.07838299870491028],
                             [0.0, 1.0, 0.0, 0.12427300214767456],
                             [0.0, 0.0, 1.0, -1.0814399719238281],
                             [0.0, 0.0, 0.0, 1.0]],
               'mKneeLeft': [[1.0, 0.0, 0.0, -0.06119399890303612],
                             [0.0, 1.0, 0.0, -0.07210999727249146],
                             [0.0, 0.0, 1.0, -0.6193370223045349],
                             [0.0, 0.0, 0.0, 1.0]],
               'mKneeRight': [[1.0, 0.0, 0.0, -0.061167001724243164],
                              [0.0, 1.0, 0.0, 0.07155299931764603],
                              [0.0, 0.0, 1.0, -0.6193749904632568],
                              [0.0, 0.0, 0.0, 1.0]],
               'mNeck': [[1.1834299564361572, 0.0, 0.0, -0.04311800003051758],
                         [0.0, 1.19760000705719, 0.0, 0.0002809999859891832],
                         [0.0, 0.0, 1.0, -1.6586400270462036],
                         [0.0, 0.0, 0.0, 1.0]],
               'mPelvis': [[1.0, 0.0, 0.0, -0.06152699887752533],
                           [0.0, 1.0, 0.0, 0.00023499999952036887],
                           [0.0, 0.0, 1.0, -1.1252199411392212],
                           [0.0, 0.0, 0.0, 1.0]],
               'mShoulderLeft': [[1.0, 0.0, 0.0, -0.04065399989485741],
                                 [0.0,
                                  0.892857015132904,
                                  0.0,
                                  -0.10538099706172943],
                                 [0.0, 0.0, 1.0, -1.5964100360870361],
                                 [0.0, 0.0, 0.0, 1.0]],
               'mShoulderRight': [[1.0, 0.0, 0.0, -0.04065399989485741],
                                  [0.0,
                                   0.892857015132904,
                                   0.0,
                                   0.10509400069713593],
                                  [0.0, 0.0, 1.0, -1.5964100360870361],
                                  [0.0, 0.0, 0.0, 1.0]],
               'mSkull': [[1.0810799598693848, 0.0, 0.0, -0.039294999092817307],
                          [0.0,
                           1.0810799598693848,
                           0.0,
                           0.00025400001322850585],
                          [0.0, 0.0, 1.0810799598693848, -1.962589979171753],
                          [0.0, 0.0, 0.0, 1.0]],
               'mToeLeft': [[1.0, 0.0, 0.0, -0.22132599353790283],
                            [0.0, 1.0, 0.0, -0.05988999828696251],
                            [0.0, 0.0, 1.0, -0.0067159999161958694],
                            [0.0, 0.0, 0.0, 1.0]],
               'mToeRight': [[1.0, 0.0, 0.0, -0.22132599353790283],
                             [0.0, 1.0, 0.0, 0.059714000672101974],
                             [0.0, 0.0, 1.0, -0.005772000178694725],
                             [0.0, 0.0, 0.0, 1.0]],
               'mTorso': [[1.0, 0.0, 0.0, -0.06152699887752533],
                          [0.0, 1.0, 0.0, 0.00023499999952036887],
                          [0.0, 0.0, 1.0, -1.2092900276184082],
                          [0.0, 0.0, 0.0, 1.0]],
               'mWristLeft': [[1.0, 0.0, 0.0, -0.04065300151705742],
                              [0.0, 1.0, 0.0, -0.6481289863586426],
                              [0.0, 0.0, 1.0, -1.5964100360870361],
                              [0.0, 0.0, 0.0, 1.0]],
               'mWristRight': [[1.0, 0.0, 0.0, -0.04065399989485741],
                               [0.0, 1.0, 0.0, 0.6487560272216797],
                               [0.0, 0.0, 1.0, -1.5964100360870361],
                               [0.0, 0.0, 0.0, 1.0]]},
 'bind_shape': [[1.0, 0.0, 0.0, 0.020816000178456306],
                [0.0, 1.0, 0.0, -0.00023299999884329736],
                [0.0, 0.0, 1.0, 0.05820300057530403],
                [0.0, 0.0, 0.0, 1.0]],
 'bone_data': {'Alt Left Ear': [[1.0,
                                 2.2351738238057806e-08,
                                 -2.2351741790771484e-08,
                                 8.184564137536654e-13],
                                [-2.2351738238057806e-08,
                                 1.0,
                                 7.450583261459087e-09,
                                 -2.0166597280990572e-09],
                                [2.2351741790771484e-08,
                                 -7.450581485102248e-09,
                                 1.0,
                                 -5.932523361451558e-10],
                                [0.0, 0.0, 0.0, 1.0]],
               'Alt Left Eye': [[1.0, 0.0, 0.0, 0.0],
                                [0.0, 1.0, 0.0, 0.0],
                                [0.0, 0.0, 1.0, 0.0],
                                [0.0, 0.0, 0.0, 1.0]],
               'Alt Right Ear': [[1.0,
                                  -2.2351741790771484e-08,
                                  -2.2351741790771484e-08,
                                  8.187894806610529e-13],
                                 [2.2351741790771484e-08,
                                  1.0,
                                  -7.450578820566989e-09,
                                  2.016666389437205e-09],
                                 [2.2351741790771484e-08,
                                  7.450578820566989e-09,
                                  1.0,
                                  -5.932523361451558e-10],
                                 [0.0, 0.0, 0.0, 1.0]],
               'Alt Right Eye': [[1.0, 0.0, 0.0, 0.0],
                                 [0.0, 1.0, 0.0, 0.0],
                                 [0.0, 0.0, 1.0, 0.0],
                                 [0.0, 0.0, 0.0, 1.0]],
               'Avatar Center': [[1.0, 0.0, 0.0, 0.0],
                                 [0.0, 1.0, 0.0, 0.0],
                                 [0.0, 0.0, 1.0, 0.0],
                                 [0.0, 0.0, 0.0, 1.0]],
               'BELLY': [[0.08912413567304611,
                          2.724133920954459e-25,
                          0.0208759643137455,
                          0.02800000086426735],
                         [-7.045678785084761e-18,
                          0.12999999523162842,
                          8.355434747203878e-17,
                          -2.113941244274997e-09],
                         [-0.012525578960776329,
                          -7.312541312764782e-17,
                          0.1485402137041092,
                          0.039999961853027344],
                         [0.0, 0.0, 0.0, 1.0]],
               'BUTT': [[0.10000000149011612, 0.0, 0.0, -0.05999999865889549],
                        [0.0, 0.10000000149011612, 0.0, 4.529873809389073e-09],
                        [0.0, 0.0, 0.10000000149011612, -0.10000002384185791],
                        [0.0, 0.0, 0.0, 1.0]],
               'CHEST': [[0.10832884907722473,
                          -5.860660004977417e-17,
                          -0.03472962975502014,
                          0.027999993413686752],
                         [5.3722758622777354e-18,
                          0.14999999105930328,
                          -3.9460676268132807e-16,
                          -2.113941244274997e-09],
                         [0.019101295620203018,
                          2.9018679087508407e-16,
                          0.19696155190467834,
                          0.06999993324279785],
                         [0.0, 0.0, 0.0, 1.0]],
               'Chest': [[1.0, 0.0, 0.0, 0.14011000096797943],
                         [0.0, 1.0, 0.0, 0.0],
                         [0.0, 0.0, 1.0, -0.1008640006184578],
                         [0.0, 0.0, 0.0, 1.0]],
               'Chin': [[1.0, 0.0, 0.0, 0.14476999640464783],
                        [0.0, 1.0, 0.0, 0.0],
                        [0.0, 0.0, 1.0, -0.032979998737573624],
                        [0.0, 0.0, 0.0, 1.0]],
               'Groin': [[1.0,
                          1.30967981709715e-25,
                          1.862645149230957e-09,
                          1.8067937146426516e-09],
                         [1.30967981709715e-25,
                          1.0,
                          -1.4062579956658803e-16,
                          -1.3640913720625812e-16],
                         [-1.862645149230957e-09,
                          1.4062579956658803e-16,
                          1.0,
                          -1.1920930909070648e-10],
                         [0.0, 0.0, 0.0, 1.0]],
               'HEAD': [[0.10999999940395355, 0.0, 0.0, 0.019999999552965164],
                        [0.0,
                         0.09000000357627869,
                         0.0,
                         -1.5099581585076294e-09],
                        [0.0, 0.0, 0.12000000476837158, 0.06999993324279785],
                        [0.0, 0.0, 0.0, 1.0]],
               'Jaw': [[1.0,
                        3.352780331768704e-23,
                        2.9802322387695312e-08,
                        -5.5919713304319885e-12],
                       [3.352780331768704e-23,
                        1.0,
                        -2.2500127930654085e-15,
                        -2.5173819192397806e-18],
                       [-2.9802322387695312e-08,
                        2.2500127930654085e-15,
                        1.0,
                        2.6077140447000602e-11],
                       [0.0, 0.0, 0.0, 1.0]],
               'L Forearm': [[1.0, 0.0, 0.0, 1.1175870895385742e-08],
                             [0.0, 1.0, 0.0, 0.11300000548362732],
                             [0.0, 0.0, 1.0, 0.0],
                             [0.0, 0.0, 0.0, 1.0]],
               'L Lower Leg': [[1.0,
                                -1.9839327286140268e-19,
                                -4.958087274076206e-09,
                                -0.04399999976158142],
                               [-1.9840971307607717e-19,
                                1.0,
                                -8.003146756419e-11,
                                -0.006999999284744263],
                               [4.958087274076206e-09,
                                8.003146756419e-11,
                                1.0,
                                -0.26100003719329834],
                               [0.0, 0.0, 0.0, 1.0]],
               'L Upper Arm': [[1.0, 0.0, 0.0, 0.010000012814998627],
                               [0.0, 1.0, 0.0, 0.15000000596046448],
                               [0.0, 0.0, 1.0, -0.009999990463256836],
                               [0.0, 0.0, 0.0, 1.0]],
               'L Upper Leg': [[1.0,
                                -1.899024937301874e-09,
                                1.746234684629755e-10,
                                -0.01900000497698784],
                               [1.899024937301874e-09,
                                1.0,
                                6.56643805996282e-09,
                                -0.03399999067187309],
                               [-1.746234962185511e-10,
                                -6.56643805996282e-09,
                                1.0,
                                -0.309999942779541],
                               [0.0, 0.0, 0.0, 1.0]],
               'LEFT_HANDLE': [[0.05000000074505806,
                                1.04774385367772e-25,
                                -3.7252903539730653e-10,
                                7.1176575744402726e-09],
                               [1.04774385367772e-25,
                                0.05000000074505806,
                                2.8125159913317606e-17,
                                0.10000000149011612],
                               [3.7252903539730653e-10,
                                -2.8125159913317606e-17,
                                0.05000000074505806,
                                0.05799984931945801],
                               [0.0, 0.0, 0.0, 1.0]],
               'LEFT_PEC': [[0.0498599074780941,
                             2.1038939765640702e-18,
                             0.003740234300494194,
                             0.11900000274181366],
                            [-1.0519469882820351e-18,
                             0.05000000074505806,
                             -1.4101978569234704e-17,
                             0.0820000022649765],
                            [-0.003740234300494194,
                             1.398377942278455e-17,
                             0.0498599074780941,
                             0.04199981689453125],
                            [0.0, 0.0, 0.0, 1.0]],
               'LOWER_BACK': [[0.09000001102685928,
                               2.724134167473492e-25,
                               -1.1175872449697977e-09,
                               -1.7136425611852246e-10],
                              [1.8859391338351224e-25,
                               0.1300000101327896,
                               8.437549297484262e-17,
                               1.2937634175921387e-17],
                              [6.705523358796484e-10,
                               -7.312541974509272e-17,
                               0.15000002086162567,
                               0.023000121116638184],
                              [0.0, 0.0, 0.0, 1.0]],
               'L_CLAVICLE': [[0.07000000029802322,
                               0.0,
                               0.0,
                               0.019999997690320015],
                              [0.0,
                               0.14000000059604645,
                               0.0,
                               -7.450580596923828e-09],
                              [0.0,
                               0.0,
                               0.04999999701976776,
                               0.01999986171722412],
                              [0.0, 0.0, 0.0, 1.0]],
               'L_FOOT': [[0.12802499532699585,
                           -1.7696495031282989e-15,
                           0.00868240837007761,
                           0.07699999213218689],
                          [4.606428594415481e-15,
                           0.05000000074505806,
                           1.431756731402889e-16,
                           7.4505797087454084e-09],
                          [-0.02257426083087921,
                           1.666524088833035e-16,
                           0.04924039542675018,
                           -0.040999989956617355],
                          [0.0, 0.0, 0.0, 1.0]],
               'L_HAND': [[0.049240391701459885,
                           0.013872814364731312,
                           0.0002726412785705179,
                           0.010000010952353477],
                          [-0.008682409301400185,
                           0.07867665588855743,
                           0.0015462258597835898,
                           0.050000011920928955],
                          [5.722047488609938e-11,
                           -0.004186877515166998,
                           0.02995889075100422,
                           0.0],
                          [0.0, 0.0, 0.0, 1.0]],
               'L_LOWER_ARM': [[0.03999999910593033,
                                4.904165181590647e-12,
                                4.3946533911931596e-11,
                                1.1175870895385742e-08],
                               [-3.699254010752773e-12,
                                0.13980813324451447,
                                0.0020934382919222116,
                                0.09999993443489075],
                               [-4.381297755151614e-11,
                                -0.007327034138143063,
                                0.03994517773389816,
                                -2.384185791015625e-07],
                               [0.0, 0.0, 0.0, 1.0]],
               'L_LOWER_LEG': [[0.05999999865889549,
                                -1.1901920555461917e-20,
                                -1.2395275916787796e-09,
                                -0.019999997690320015],
                               [-1.190469451857081e-20,
                                0.05999999865889549,
                                -2.0006458295585006e-11,
                                -2.6808888442531043e-11],
                               [2.97486618672238e-10,
                                4.801549782773584e-12,
                                0.25,
                                -0.20000004768371582],
                               [0.0, 0.0, 0.0, 1.0]],
               'L_UPPER_ARM': [[0.05000000074505806,
                                1.552615813693592e-10,
                                3.1725544413774287e-10,
                                7.450580596923828e-09],
                               [-7.314202715713591e-11,
                                0.16935309767723083,
                                0.004357785917818546,
                                0.12000000476837158],
                               [-3.120682323665136e-10,
                                -0.014816475100815296,
                                0.049809735268354416,
                                0.009999990463256836],
                               [0.0, 0.0, 0.0, 1.0]],
               'L_UPPER_LEG': [[0.09000000357627869,
                                -1.7091225656962195e-10,
                                5.58795128224876e-11,
                                -0.02000000700354576],
                               [1.7091225656962195e-10,
                                0.09000000357627869,
                                2.1012966922029364e-09,
                                -0.04999999329447746],
                               [-1.5716115908670503e-11,
                                -5.909897016209698e-10,
                                0.320000022649765,
                                -0.21999990940093994],
                               [0.0, 0.0, 0.0, 1.0]],
               'Left Ear': [[1.0, 0.0, 0.0, 0.01500000525265932],
                            [0.0, 1.0, 0.0, 0.07999999821186066],
                            [0.0, 0.0, 1.0, 0.01699995994567871],
                            [0.0, 0.0, 0.0, 1.0]],
               'Left Eyeball': [[1.0, 0.0, 0.0, 0.0],
                                [0.0, 1.0, 0.0, 0.0],
                                [0.0, 0.0, 1.0, 0.0],
                                [0.0, 0.0, 0.0, 1.0]],
               'Left Foot': [[1.0,
                              1.2805680960070731e-09,
                              1.3969839729455202e-09,
                              1.1397811860991425e-10],
                             [-1.2805680960070731e-09,
                              1.0,
                              2.35741026699543e-09,
                              -1.3457085445978123e-10],
                             [-1.3969839729455202e-09,
                              -2.35741026699543e-09,
                              1.0,
                              -3.5662806041614203e-10],
                             [0.0, 0.0, 0.0, 1.0]],
               'Left Hand': [[1.0, 0.0, 0.0, 7.450580596923828e-09],
                             [0.0, 1.0, 0.0, 0.07999998331069946],
                             [0.0, 0.0, 1.0, -0.019999980926513672],
                             [0.0, 0.0, 0.0, 1.0]],
               'Left Hind Foot': [[1.0, 0.0, 0.0, 0.0],
                                  [0.0, 1.0, 0.0, 0.0],
                                  [0.0, 0.0, 1.0, 0.0],
                                  [0.0, 0.0, 0.0, 1.0]],
               'Left Hip': [[1.0,
                             -1.899081780720735e-09,
                             1.746234684629755e-10,
                             -6.15632406164579e-11],
                            [1.899081780720735e-09,
                             1.0,
                             6.56643805996282e-09,
                             6.801498919628557e-09],
                            [-1.746234962185511e-10,
                             -6.56643805996282e-09,
                             1.0,
                             -8.383036487202844e-10],
                            [0.0, 0.0, 0.0, 1.0]],
               'Left Pec': [[1.0,
                             2.09548770735544e-24,
                             -7.450580596923828e-09,
                             0.10400000959634781],
                            [2.09548770735544e-24,
                             1.0,
                             5.625031982663521e-16,
                             0.0819999948143959],
                            [7.450580596923828e-09,
                             -5.625031982663521e-16,
                             1.0,
                             0.24699997901916504],
                            [0.0, 0.0, 0.0, 1.0]],
               'Left Ring Finger': [[1.0,
                                     3.259629366425543e-08,
                                     -5.587936335871291e-09,
                                     -0.0060000005178153515],
                                    [-3.259629366425543e-08,
                                     1.0,
                                     -3.7252898543727042e-09,
                                     0.018999990075826645],
                                    [5.587936335871291e-09,
                                     3.725290298461914e-09,
                                     1.0,
                                     -0.0020000911317765713],
                                    [0.0, 0.0, 0.0, 1.0]],
               'Left Shoulder': [[1.0, 0.0, 0.0, 0.0],
                                 [0.0, 1.0, 0.0, 0.0],
                                 [0.0, 0.0, 1.0, 0.08000004291534424],
                                 [0.0, 0.0, 0.0, 1.0]],
               'Left Wing': [[1.0,
                              -2.9802322387695312e-08,
                              0.0,
                              -1.877546473849634e-08],
                             [2.9802322387695312e-08,
                              1.0,
                              0.0,
                              -1.93228704148396e-08],
                             [0.0, 0.0, 1.0, 0.0],
                             [0.0, 0.0, 0.0, 1.0]],
               'Mouth': [[1.0, 0.0, 0.0, 0.14476700127124786],
                         [0.0, 1.0, 0.0, 0.0],
                         [0.0, 0.0, 1.0, 0.008019999600946903],
                         [0.0, 0.0, 0.0, 1.0]],
               'NECK': [[0.04999999701976776, 0.0, 0.0, 0.0],
                        [0.0,
                         0.059999994933605194,
                         0.0,
                         -2.220446049250313e-16],
                        [0.0, 0.0, 0.08000000566244125, 0.020000219345092773],
                        [0.0, 0.0, 0.0, 1.0]],
               'Neck': [[1.0, 0.0, 0.0, 0.027149999514222145],
                        [0.0, 1.0, 0.0, 0.0],
                        [0.0, 0.0, 1.0, 0.008534999564290047],
                        [0.0, 0.0, 0.0, 1.0]],
               'Nose': [[1.0, 0.0, 0.0, 0.12476400285959244],
                        [0.0, 1.0, 0.0, 0.0],
                        [0.0, 0.0, 1.0, 0.05701800063252449],
                        [0.0, 0.0, 0.0, 1.0]],
               'PELVIS': [[0.11883216351270676,
                           0.0,
                           0.02365942671895027,
                           -0.010000010952353477],
                          [0.0, 0.1599999964237213, 0.0, 7.549789682315122e-10],
                          [-0.01670077256858349,
                           0.0,
                           0.16834555566310883,
                           -0.020000100135803223],
                          [0.0, 0.0, 0.0, 1.0]],
               'Pelvis': [[1.0, 0.0, 0.0, 0.0],
                          [0.0, 1.0, 0.0, 0.0],
                          [0.0, 0.0, 1.0, -0.15000000596046448],
                          [0.0, 0.0, 0.0, 1.0]],
               'R Forearm': [[1.0, 0.0, 0.0, -1.1175870895385742e-08],
                             [0.0, 1.0, 0.0, -0.12000000476837158],
                             [0.0, 0.0, 1.0, 0.0],
                             [0.0, 0.0, 0.0, 1.0]],
               'R Lower Leg': [[1.0,
                                -7.105426934084528e-15,
                                -3.725403985299636e-09,
                                -0.04399999603629112],
                               [7.105426934084528e-15,
                                1.0,
                                -5.5673984845037994e-14,
                                -0.00700000673532486],
                               [3.725403985299636e-09,
                                5.5673984845037994e-14,
                                1.0,
                                -0.2619999945163727],
                               [0.0, 0.0, 0.0, 1.0]],
               'R Upper Arm': [[1.0, 0.0, 0.0, 0.009999988600611687],
                               [0.0, 1.0, 0.0, -0.1300000101327896],
                               [0.0, 0.0, 1.0, 0.009999990463256836],
                               [0.0, 0.0, 0.0, 1.0]],
               'R Upper Leg': [[1.0,
                                -2.86672685589906e-09,
                                -3.913079663984666e-16,
                                -0.016999995335936546],
                               [2.86672685589906e-09,
                                1.0,
                                -5.356923793442547e-09,
                                0.040999989956617355],
                               [4.0666483255086467e-16,
                                5.356923793442547e-09,
                                1.0,
                                -0.3100000023841858],
                               [0.0, 0.0, 0.0, 1.0]],
               'RIGHT_HANDLE': [[0.05000000074505806,
                                 1.04774385367772e-25,
                                 -3.7252903539730653e-10,
                                 -7.981922678368392e-09],
                                [1.04774385367772e-25,
                                 0.05000000074505806,
                                 2.8125159913317606e-17,
                                 -0.10000000149011612],
                                [3.7252903539730653e-10,
                                 -2.8125159913317606e-17,
                                 0.05000000074505806,
                                 0.05799984931945801],
                                [0.0, 0.0, 0.0, 1.0]],
               'RIGHT_PEC': [[0.0498599074780941,
                              2.1038939765640702e-18,
                              0.003740234300494194,
                              0.11899998039007187],
                             [-1.0519469882820351e-18,
                              0.05000000074505806,
                              -1.4101978569234704e-17,
                              -0.0820000171661377],
                             [-0.003740234300494194,
                              1.398377942278455e-17,
                              0.0498599074780941,
                              0.04199981689453125],
                             [0.0, 0.0, 0.0, 1.0]],
               'R_CLAVICLE': [[0.07000000029802322,
                               0.0,
                               0.0,
                               0.020000003278255463],
                              [0.0,
                               0.14000000059604645,
                               0.0,
                               -7.450580596923828e-09],
                              [0.0,
                               0.0,
                               0.04999999701976776,
                               0.01999986171722412],
                              [0.0, 0.0, 0.0, 1.0]],
               'R_FOOT': [[0.12802499532699585,
                           -2.2013852668382496e-15,
                           0.00868241023272276,
                           0.07700000703334808],
                          [2.5663965395238348e-15,
                           0.05000000819563866,
                           7.07928622678284e-15,
                           -2.2351745343485163e-08],
                          [-0.02257426828145981,
                           -6.800332442747107e-15,
                           0.04924039542675018,
                           -0.04100000113248825],
                          [0.0, 0.0, 0.0, 1.0]],
               'R_HAND': [[0.049240391701459885,
                           -0.013872814364731312,
                           0.0002726412785705179,
                           0.009999986737966537],
                          [0.008682409301400185,
                           0.07867665588855743,
                           -0.0015462258597835898,
                           -0.050000011920928955],
                          [5.722047488609938e-11,
                           0.004186877515166998,
                           0.02995889075100422,
                           1.1920928955078125e-07],
                          [0.0, 0.0, 0.0, 1.0]],
               'R_LOWER_ARM': [[0.03999999910593033,
                                -4.904165181590647e-12,
                                4.3946533911931596e-11,
                                -3.725290298461914e-09],
                               [3.699254010752773e-12,
                                0.13980813324451447,
                                -0.0020934382919222116,
                                -0.09999996423721313],
                               [-4.381297755151614e-11,
                                0.007327034138143063,
                                0.03994517773389816,
                                0.0],
                               [0.0, 0.0, 0.0, 1.0]],
               'R_LOWER_LEG': [[0.05999999865889549,
                                8.139457353739537e-24,
                                -9.313225746154785e-10,
                                -0.019999993965029716],
                               [-2.6469779601696886e-23,
                                0.05999999865889549,
                                -3.323638022786901e-14,
                                -5.66352520436908e-14],
                               [2.2351741291171123e-10,
                                7.976731186925927e-15,
                                0.25,
                                -0.20000001788139343],
                               [0.0, 0.0, 0.0, 1.0]],
               'R_UPPER_ARM': [[0.05000000074505806,
                                -1.552663969617285e-10,
                                3.172666851458672e-10,
                                -1.4901161193847656e-08],
                               [7.314442107553276e-11,
                                0.16935309767723083,
                                -0.004357785917818546,
                                -0.11999998986721039],
                               [-3.1207933459675985e-10,
                                0.014816475100815296,
                                0.049809735268354416,
                                0.010000109672546387],
                               [0.0, 0.0, 0.0, 1.0]],
               'R_UPPER_LEG': [[0.09000000357627869,
                                -2.580054225820305e-10,
                                -1.2521591444564776e-16,
                                -0.019999992102384567],
                               [2.580054225820305e-10,
                                0.09000000357627869,
                                -1.7141793540176309e-09,
                                0.049999985843896866],
                               [3.659906611482929e-17,
                                4.821129606646934e-10,
                                0.320000022649765,
                                -0.21999984979629517],
                               [0.0, 0.0, 0.0, 1.0]],
               'Right Ear': [[1.0, 0.0, 0.0, 0.014999994076788425],
                             [0.0, 1.0, 0.0, -0.07999999821186066],
                             [0.0, 0.0, 1.0, 0.01699995994567871],
