# Preset data auto-generated by Bento Budddy

presets = {'apply_location': True,
 'apply_rotation': True,
 'apply_scale': True,
 'blank': False,
 'dae_apply_modifiers': False,
 'dae_deform_bones_only': True,
 'dae_include_animations': False,
 'dae_include_armatures': True,
 'dae_include_children': False,
 'dae_include_shapekeys': False,
 'dae_open_sim': True,
 'dae_selected': True,
 'dae_sort_by_name': True,
 'dae_triangulate': False,
 'dae_use_blender_profile': False,
 'dae_use_object_instantiation': False,
 'devkit_poll': 1,
 'devkit_state': False,
 'export_advanced': False,
 'export_apply_modifiers': False,
 'export_blank': False,
 'export_full_rig': False,
 'export_menu_enabled': True,
 'export_path_to_pelvis': False,
 'export_reset': False,
 'fix_broken_bones': False,
 'process_attachment_bones': False,
 'process_volume_bones': True,
 'remove_empty_groups': True,
 'rig_class_default': False,
 'rig_class_male_default': False,
 'rig_class_male_neutral': False,
 'rig_class_name': 'default',
 'rig_class_neutral': False,
 'rotate_for_sl': True,
 'use_app_compatible_data': True,
 'use_bind_data': False,
 'use_offset_location': False,
 'use_offset_rotation': False,
 'use_offset_scale': False,
 'use_rig_data': False,
 'use_sl_compatible_data': False,
 'volume_bone_location': True,
 'volume_bone_rotation': True,
 'volume_bone_scale': True}
matrices = {'bind_data': {'BELLY': [[8.252229690551758,
                          0.0,
                          -1.1597800254821777,
                          1.4210799932479858],
                         [0.0, 6.25, 0.0, 0.0],
                         [0.9278209805488586,
                          0.0,
                          6.601789951324463,
                          -7.993390083312988],
                         [0.0, 0.0, 0.0, 1.0]],
               'BUTT': [[10.0, 0.0, 0.0, 0.6000000238418579],
                        [0.0, 10.0, 0.0, 0.0],
                        [0.0, 0.0, 10.0, -9.670000076293945],
                        [0.0, 0.0, 0.0, 1.0]],
               'CHEST': [[7.034339904785156,
                          0.0,
                          1.240339994430542,
                          -1.6368299722671509],
                         [0.0, 5.263160228729248, 0.0, 0.0],
                         [-0.7893099784851074,
                          0.0,
                          4.476399898529053,
                          -6.352330207824707],
                         [0.0, 0.0, 0.0, 1.0]],
               'HEAD': [[9.090909957885742, 0.0, 0.0, 0.045455001294612885],
                        [0.0, 11.111100196838379, 0.0, 0.0],
                        [0.0, 0.0, 7.692309856414795, -13.408300399780273],
                        [0.0, 0.0, 0.0, 1.0]],
               'LEFT_HANDLE': [[20.0, 0.0, 0.0, 0.0],
                               [0.0, 20.0, 0.0, -2.0],
                               [0.0, 0.0, 20.0, -24.181499481201172],
                               [0.0, 0.0, 0.0, 1.0]],
               'LEFT_PEC': [[19.944000244140625,
                             0.0,
                             -1.496090054512024,
                             -0.12711499631404877],
                            [0.0, 20.0, 0.0, -1.0399999618530273],
                            [1.496090054512024,
                             0.0,
                             19.944000244140625,
                             -28.250099182128906],
                            [0.0, 0.0, 0.0, 1.0]],
               'LOWER_BACK': [[11.111100196838379, 0.0, 0.0, 0.0],
                              [0.0, 7.692309856414795, 0.0, 0.0],
                              [0.0, 0.0, 6.666669845581055, -7.827159881591797],
                              [0.0, 0.0, 0.0, 1.0]],
               'L_CLAVICLE': [[11.111100196838379,
                               0.0,
                               0.0,
                               0.4000000059604645],
                              [0.0, 7.142859935760498, 0.0, -0.607142984867096],
                              [0.0, 0.0, 20.0, -30.821500778198242],
                              [0.0, 0.0, 0.0, 1.0]],
               'L_FOOT': [[7.575439929962158,
                           0.1164190024137497,
                           -1.3306699991226196,
                           -0.5993930101394653],
                          [0.0,
                           19.923900604248047,
                           1.743109941482544,
                           -3.4302899837493896],
                          [3.4729599952697754,
                           -1.716629981994629,
                           19.621200561523438,
                           -0.4889970123767853],
                          [0.0, 0.0, 0.0, 1.0]],
               'L_HAND': [[19.696199417114258,
                           -3.0076799392700195,
                           1.7364799976348877,
                           0.11040899902582169],
                          [2.1676299571990967,
                           10.319100379943848,
                           -6.713170051574707,
                           2.3936400413513184],
                          [0.30293500423431396,
                           18.13170051574707,
                           27.968900680541992,
                           -46.372398376464844],
                          [0.0, 0.0, 0.0, 1.0]],
               'L_LOWER_ARM': [[22.222200393676758,
                                0.0,
                                0.0,
                                0.800000011920929],
                               [0.0,
                                5.948019981384277,
                                -3.862689971923828,
                                2.4333999156951904],
                               [0.0,
                                12.103099822998047,
                                18.637100219726562,
                                -30.627099990844727],
                               [0.0, 0.0, 0.0, 1.0]],
               'L_LOWER_LEG': [[16.66670036315918,
                                0.0,
                                0.0,
                                -0.21449999511241913],
                               [0.0,
                                16.603200912475586,
                                1.4526000022888184,
                                -2.8356099128723145],
                               [0.0,
                                -0.34862300753593445,
                                3.9847800731658936,
                                -1.2799899578094482],
                               [0.0, 0.0, 0.0, 1.0]],
               'L_UPPER_ARM': [[16.66670036315918,
                                0.0,
                                0.0,
                                0.6000000238418579],
                               [0.0,
                                4.818540096282959,
                                -3.3739800453186035,
                                3.638629913330078],
                               [0.0,
                                9.559610366821289,
                                13.65250015258789,
                                -22.50860023498535],
                               [0.0, 0.0, 0.0, 1.0]],
               'L_UPPER_LEG': [[11.111100196838379,
                                0.0,
                                0.0,
                                -0.1528560072183609],
                               [0.0,
                                11.06879997253418,
                                0.9683970212936401,
                                -1.8411600589752197],
                               [0.0,
                                -0.27236199378967285,
                                3.113110065460205,
                                -2.4720299243927],
                               [0.0, 0.0, 0.0, 1.0]],
               'NECK': [[15.384599685668945, 0.0, 0.0, 0.3846150040626526],
                        [0.0, 14.285699844360352, 0.0, 0.0],
                        [0.0, 0.0, 12.5, -20.27589988708496],
                        [0.0, 0.0, 0.0, 1.0]],
               'PELVIS': [[8.252229690551758,
                           0.0,
                           -1.1597800254821777,
                           1.2968100309371948],
                          [0.0, 6.25, 0.0, 0.0],
                          [0.8186650276184082,
                           0.0,
                           5.825109958648682,
                           -6.090700149536133],
                          [0.0, 0.0, 0.0, 1.0]],
               'RIGHT_HANDLE': [[20.0, 0.0, 0.0, 0.0],
                                [0.0, 20.0, 0.0, 2.0],
                                [0.0, 0.0, 20.0, -24.181499481201172],
                                [0.0, 0.0, 0.0, 1.0]],
               'RIGHT_PEC': [[19.944000244140625,
                              0.0,
                              -1.496090054512024,
                              -0.12711499631404877],
                             [0.0, 20.0, 0.0, 1.0399999618530273],
                             [1.496090054512024,
                              0.0,
                              19.944000244140625,
                              -28.250099182128906],
                             [0.0, 0.0, 0.0, 1.0]],
               'R_CLAVICLE': [[11.111100196838379,
                               0.0,
                               0.0,
                               0.4000000059604645],
                              [0.0, 7.142859935760498, 0.0, 0.607142984867096],
                              [0.0, 0.0, 20.0, -30.821500778198242],
                              [0.0, 0.0, 0.0, 1.0]],
               'R_FOOT': [[7.575439929962158,
                           -0.1164190024137497,
                           -1.3306699991226196,
                           -0.5995420217514038],
                          [0.0,
                           19.923900604248047,
                           -1.743109941482544,
                           3.3819000720977783],
                          [3.4729599952697754,
                           1.716629981994629,
                           19.621200561523438,
                           -0.48541900515556335],
                          [0.0, 0.0, 0.0, 1.0]],
               'R_HAND': [[19.696199417114258,
                           3.0076799392700195,
                           1.7364799976348877,
                           0.11220099776983261],
                          [-2.1676299571990967,
                           10.319100379943848,
                           6.713170051574707,
                           -2.38742995262146],
                          [0.30293500423431396,
                           -18.13170051574707,
                           27.968900680541992,
                           -46.38029861450195],
                          [0.0, 0.0, 0.0, 1.0]],
               'R_LOWER_ARM': [[22.222200393676758,
                                0.0,
                                0.0,
                                0.800000011920929],
                               [0.0,
                                5.948019981384277,
                                3.862689971923828,
                                -2.430910110473633],
                               [0.0,
                                -12.103099822998047,
                                18.637100219726562,
                                -30.632200241088867],
                               [0.0, 0.0, 0.0, 1.0]],
               'R_LOWER_LEG': [[16.66670036315918,
                                0.0,
                                0.0,
                                -0.21400000154972076],
                               [0.0,
                                16.603200912475586,
                                -1.4526000022888184,
                                2.8182499408721924],
                               [0.0,
                                0.34862300753593445,
                                3.9847800731658936,
                                -1.2794500589370728],
                               [0.0, 0.0, 0.0, 1.0]],
               'R_UPPER_ARM': [[16.66670036315918,
                                0.0,
                                0.0,
                                0.6000000238418579],
                               [0.0,
                                4.818540096282959,
                                3.3739800453186035,
                                -3.636620044708252],
                               [0.0,
                                -9.559610366821289,
                                13.65250015258789,
                                -22.51259994506836],
                               [0.0, 0.0, 0.0, 1.0]],
               'R_UPPER_LEG': [[11.111100196838379,
                                0.0,
                                0.0,
                                -0.1513330042362213],
                               [0.0,
                                11.06879997253418,
                                -0.9683970212936401,
                                1.863669991493225],
                               [0.0,
                                0.27236199378967285,
                                3.113110065460205,
                                -2.4711999893188477],
                               [0.0, 0.0, 0.0, 1.0]],
               'UPPER_BACK': [[11.111100196838379,
                               0.0,
                               0.0,
                               0.16666699945926666],
                              [0.0, 7.692309856414795, 0.0, 0.0],
                              [0.0, 0.0, 6.666669845581055, -9.153820037841797],
                              [0.0, 0.0, 0.0, 1.0]],
               'mAnkleLeft': [[1.0, 0.0, 0.0, -0.003982999827712774],
                              [0.0,
                               0.9961950182914734,
                               0.08715599775314331,
                               -0.17151500284671783],
                              [0.0,
                               -0.08715599775314331,
                               0.9961950182914734,
                               -0.05154800042510033],
                              [0.0, 0.0, 0.0, 1.0]],
               'mAnkleRight': [[1.0, 0.0, 0.0, -0.003971000202000141],
                               [0.0,
                                0.9961950182914734,
                                -0.08715599775314331,
                                0.1690949946641922],
                               [0.0,
                                0.08715599775314331,
                                0.9961950182914734,
                                -0.051368001848459244],
                               [0.0, 0.0, 0.0, 1.0]],
               'mChest': [[1.0, 0.0, 0.0, 0.014999999664723873],
                          [0.0, 1.0, 0.0, 0.0],
                          [0.0, 0.0, 1.0, -1.3560700416564941],
                          [0.0, 0.0, 0.0, 1.0]],
               'mCollarLeft': [[1.0, 0.0, 0.0, 0.035999998450279236],
                               [0.0, 1.0, 0.0, -0.08500000089406967],
                               [0.0, 0.0, 1.0, -1.5210700035095215],
                               [0.0, 0.0, 0.0, 1.0]],
               'mCollarRight': [[1.0, 0.0, 0.0, 0.035999998450279236],
                                [0.0, 1.0, 0.0, 0.08500000089406967],
                                [0.0, 0.0, 1.0, -1.5210700035095215],
                                [0.0, 0.0, 0.0, 1.0]],
               'mElbowLeft': [[1.0, 0.0, 0.0, 0.035999998450279236],
                              [0.0,
                               0.8660249710083008,
                               -0.5,
                               0.37050798535346985],
                              [0.0,
                               0.5,
                               0.8660249710083008,
                               -1.3992899656295776],
                              [0.0, 0.0, 0.0, 1.0]],
               'mElbowRight': [[1.0, 0.0, 0.0, 0.035999998450279236],
                               [0.0,
                                0.8660249710083008,
                                0.5,
                                -0.3701460063457489],
                               [0.0,
                                -0.5,
                                0.8660249710083008,
                                -1.3995000123977661],
                               [0.0, 0.0, 0.0, 1.0]],
               'mEyeLeft': [[1.0, 0.0, 0.0, -0.0729999989271164],
                            [0.0, 1.0, 0.0, -0.035999998450279236],
                            [0.0, 0.0, 1.0, -1.7620699405670166],
                            [0.0, 0.0, 0.0, 1.0]],
               'mEyeRight': [[1.0, 0.0, 0.0, -0.0729999989271164],
                             [0.0, 1.0, 0.0, 0.035999998450279236],
                             [0.0, 0.0, 1.0, -1.7620699405670166],
                             [0.0, 0.0, 0.0, 1.0]],
               'mFootLeft': [[1.0, 0.0, 0.0, -0.11593899875879288],
                             [0.0,
                              0.9961950182914734,
                              0.08715599775314331,
                              -0.17151500284671783],
                             [0.0,
                              -0.08715599775314331,
                              0.9961950182914734,
                              0.009072000160813332],
                             [0.0, 0.0, 0.0, 1.0]],
               'mFootRight': [[1.0, 0.0, 0.0, -0.11592700332403183],
                              [0.0,
                               0.9961950182914734,
                               -0.08715599775314331,
                               0.1690949946641922],
                              [0.0,
                               0.08715599775314331,
                               0.9961950182914734,
                               0.00926900003105402],
                              [0.0, 0.0, 0.0, 1.0]],
               'mHandIndex1Left': [[1.0, 0.0, 0.0, -0.0020000000949949026],
                                   [0.0,
                                    0.8660249710083008,
                                    -0.5,
                                    0.06866200268268585],
                                   [0.0,
                                    0.5,
                                    0.8660249710083008,
                                    -1.414289951324463],
                                   [0.0, 0.0, 0.0, 1.0]],
               'mHandIndex1Right': [[1.0, 0.0, 0.0, -0.0020000000949949026],
                                    [0.0,
                                     0.8660249710083008,
                                     0.5,
                                     -0.0681459978222847],
                                    [0.0,
                                     -0.5,
                                     0.8660249710083008,
                                     -1.4144999980926514],
                                    [0.0, 0.0, 0.0, 1.0]],
               'mHandIndex2Left': [[1.0, 0.0, 0.0, -0.01899999938905239],
                                   [0.0,
                                    0.8660249710083008,
                                    -0.5,
                                    0.03066200017929077],
                                   [0.0,
                                    0.5,
                                    0.8660249710083008,
                                    -1.4082900285720825],
                                   [0.0, 0.0, 0.0, 1.0]],
               'mHandIndex2Right': [[1.0, 0.0, 0.0, -0.01899999938905239],
                                    [0.0,
                                     0.8660249710083008,
                                     0.5,
                                     -0.030146000906825066],
                                    [0.0,
                                     -0.5,
                                     0.8660249710083008,
                                     -1.4114999771118164],
                                    [0.0, 0.0, 0.0, 1.0]],
               'mHandIndex3Left': [[1.0, 0.0, 0.0, -0.03200000151991844],
                                   [0.0,
                                    0.8660249710083008,
                                    -0.5,
                                    0.002662000013515353],
                                   [0.0,
                                    0.5,
                                    0.8660249710083008,
                                    -1.4052900075912476],
                                   [0.0, 0.0, 0.0, 1.0]],
               'mHandIndex3Right': [[1.0, 0.0, 0.0, -0.03200000151991844],
                                    [0.0,
                                     0.8660249710083008,
                                     0.5,
                                     -0.0021460000425577164],
                                    [0.0,
                                     -0.5,
                                     0.8660249710083008,
                                     -1.4084999561309814],
                                    [0.0, 0.0, 0.0, 1.0]],
               'mHandMiddle1Left': [[1.0, 0.0, 0.0, 0.023000000044703484],
                                    [0.0,
                                     0.8660249710083008,
                                     -0.5,
                                     0.06466200202703476],
                                    [0.0,
                                     0.5,
                                     0.8660249710083008,
                                     -1.414289951324463],
                                    [0.0, 0.0, 0.0, 1.0]],
               'mHandMiddle1Right': [[1.0, 0.0, 0.0, 0.023000000044703484],
                                     [0.0,
                                      0.8660249710083008,
                                      0.5,
                                      -0.0641459971666336],
                                     [0.0,
                                      -0.5,
                                      0.8660249710083008,
                                      -1.4144999980926514],
                                     [0.0, 0.0, 0.0, 1.0]],
               'mHandMiddle2Left': [[1.0, 0.0, 0.0, 0.024135999381542206],
                                    [0.0,
                                     0.8660249710083008,
                                     -0.5,
                                     0.01766199991106987],
                                    [0.0,
                                     0.5,
                                     0.8660249710083008,
                                     -1.4082900285720825],
                                    [0.0, 0.0, 0.0, 1.0]],
               'mHandMiddle2Right': [[1.0, 0.0, 0.0, 0.024000000208616257],
                                     [0.0,
                                      0.8660249710083008,
                                      0.5,
                                      -0.017146000638604164],
                                     [0.0,
                                      -0.5,
                                      0.8660249710083008,
                                      -1.409500002861023],
                                     [0.0, 0.0, 0.0, 1.0]],
               'mHandMiddle3Left': [[1.0, 0.0, 0.0, 0.024135999381542206],
                                    [0.0,
                                     0.8660249710083008,
                                     -0.5,
                                     -0.015337999910116196],
                                    [0.0,
                                     0.5,
                                     0.8660249710083008,
                                     -1.404289960861206],
                                    [0.0, 0.0, 0.0, 1.0]],
               'mHandMiddle3Right': [[1.0, 0.0, 0.0, 0.024000000208616257],
                                     [0.0,
                                      0.8660249710083008,
                                      0.5,
                                      0.0158539991825819],
                                     [0.0,
                                      -0.5,
                                      0.8660249710083008,
                                      -1.405500054359436],
                                     [0.0, 0.0, 0.0, 1.0]],
               'mHandPinky1Left': [[1.0, 0.0, 0.0, 0.06700000166893005],
                                   [0.0,
                                    0.8660249710083008,
                                    -0.5,
                                    0.0706619992852211],
                                   [0.0,
                                    0.5,
                                    0.8660249710083008,
                                    -1.4022899866104126],
                                   [0.0, 0.0, 0.0, 1.0]],
               'mHandPinky1Right': [[1.0, 0.0, 0.0, 0.06700000166893005],
                                    [0.0,
                                     0.8660249710083008,
                                     0.5,
                                     -0.07014600187540054],
                                    [0.0,
                                     -0.5,
                                     0.8660249710083008,
                                     -1.402500033378601],
                                    [0.0, 0.0, 0.0, 1.0]],
               'mHandPinky2Left': [[1.0, 0.0, 0.0, 0.09099999815225601],
                                   [0.0,
                                    0.8660249710083008,
                                    -0.5,
                                    0.04666199907660484],
                                   [0.0,
                                    0.5,
                                    0.8660249710083008,
                                    -1.3962899446487427],
                                   [0.0, 0.0, 0.0, 1.0]],
               'mHandPinky2Right': [[1.0, 0.0, 0.0, 0.09099999815225601],
                                    [0.0,
                                     0.8660249710083008,
                                     0.5,
                                     -0.046146001666784286],
                                    [0.0,
                                     -0.5,
                                     0.8660249710083008,
                                     -1.3964999914169312],
                                    [0.0, 0.0, 0.0, 1.0]],
               'mHandPinky3Left': [[1.0, 0.0, 0.0, 0.10599999874830246],
                                   [0.0,
                                    0.8660249710083008,
                                    -0.5,
                                    0.03066200017929077],
                                   [0.0,
                                    0.5,
                                    0.8660249710083008,
                                    -1.3922899961471558],
                                   [0.0, 0.0, 0.0, 1.0]],
               'mHandPinky3Right': [[1.0, 0.0, 0.0, 0.10599999874830246],
                                    [0.0,
                                     0.8660249710083008,
                                     0.5,
                                     -0.030146000906825066],
                                    [0.0,
                                     -0.5,
                                     0.8660249710083008,
                                     -1.3925000429153442],
                                    [0.0, 0.0, 0.0, 1.0]],
               'mHandRing1Left': [[1.0, 0.0, 0.0, 0.04600000008940697],
                                  [0.0,
                                   0.8660249710083008,
                                   -0.5,
                                   0.06666199862957001],
                                  [0.0,
                                   0.5,
                                   0.8660249710083008,
                                   -1.4082900285720825],
                                  [0.0, 0.0, 0.0, 1.0]],
               'mHandRing1Right': [[1.0, 0.0, 0.0, 0.04600000008940697],
                                   [0.0,
                                    0.8660249710083008,
                                    0.5,
                                    -0.06614600121974945],
                                   [0.0,
                                    -0.5,
                                    0.8660249710083008,
                                    -1.4084999561309814],
                                   [0.0, 0.0, 0.0, 1.0]],
               'mHandRing2Left': [[1.0, 0.0, 0.0, 0.05900000035762787],
                                  [0.0,
                                   0.8660249710083008,
                                   -0.5,
                                   0.028661999851465225],
                                  [0.0,
                                   0.5,
                                   0.8660249710083008,
                                   -1.4002900123596191],
                                  [0.0, 0.0, 0.0, 1.0]],
               'mHandRing2Right': [[1.0, 0.0, 0.0, 0.05999999865889549],
                                   [0.0,
                                    0.8660249710083008,
                                    0.5,
                                    -0.02814600057899952],
                                   [0.0,
                                    -0.5,
                                    0.8660249710083008,
                                    -1.403499960899353],
                                   [0.0, 0.0, 0.0, 1.0]],
               'mHandRing3Left': [[1.0, 0.0, 0.0, 0.0689999982714653],
                                  [0.0,
                                   0.8660249710083008,
                                   -0.5,
                                   0.0006619999767281115],
                                  [0.0,
                                   0.5,
                                   0.8660249710083008,
                                   -1.3942899703979492],
                                  [0.0, 0.0, 0.0, 1.0]],
               'mHandRing3Right': [[1.0, 0.0, 0.0, 0.07000000029802322],
                                   [0.0,
                                    0.8660249710083008,
                                    0.5,
                                    -0.00014600000577047467],
                                   [0.0,
                                    -0.5,
                                    0.8660249710083008,
                                    -1.3975000381469727],
                                   [0.0, 0.0, 0.0, 1.0]],
               'mHandThumb1Left': [[1.0, 0.0, 0.0, 0.004999999888241291],
                                   [0.0,
                                    0.8660249710083008,
                                    -0.5,
                                    0.1396619975566864],
                                   [0.0,
                                    0.5,
                                    0.8660249710083008,
                                    -1.403290033340454],
                                   [0.0, 0.0, 0.0, 1.0]],
               'mHandThumb1Right': [[1.0, 0.0, 0.0, 0.004999999888241291],
                                    [0.0,
                                     0.8660249710083008,
                                     0.5,
                                     -0.13914600014686584],
                                    [0.0,
                                     -0.5,
                                     0.8660249710083008,
                                     -1.403499960899353],
                                    [0.0, 0.0, 0.0, 1.0]],
               'mHandThumb2Left': [[1.0, 0.0, 0.0, -0.023000000044703484],
                                   [0.0,
                                    0.8660249710083008,
                                    -0.5,
                                    0.10766199976205826],
                                   [0.0,
                                    0.5,
                                    0.8660249710083008,
                                    -1.4022899866104126],
                                   [0.0, 0.0, 0.0, 1.0]],
               'mHandThumb2Right': [[1.0, 0.0, 0.0, -0.023000000044703484],
                                    [0.0,
                                     0.8660249710083008,
                                     0.5,
                                     -0.1071460023522377],
                                    [0.0,
                                     -0.5,
                                     0.8660249710083008,
                                     -1.402500033378601],
                                    [0.0, 0.0, 0.0, 1.0]],
               'mHandThumb3Left': [[1.0, 0.0, 0.0, -0.04600000008940697],
                                   [0.0,
                                    0.8660249710083008,
                                    -0.5,
                                    0.07666199654340744],
                                   [0.0,
                                    0.5,
                                    0.8660249710083008,
                                    -1.4012900590896606],
                                   [0.0, 0.0, 0.0, 1.0]],
               'mHandThumb3Right': [[1.0, 0.0, 0.0, -0.04600000008940697],
                                    [0.0,
                                     0.8660249710083008,
                                     0.5,
                                     -0.07614599913358688],
                                    [0.0,
                                     -0.5,
                                     0.8660249710083008,
                                     -1.4014999866485596],
                                    [0.0, 0.0, 0.0, 1.0]],
               'mHead': [[1.0, 0.0, 0.0, 0.02500000037252903],
                         [0.0, 1.0, 0.0, 0.0],
                         [0.0, 0.0, 1.0, -1.6830699443817139],
                         [0.0, 0.0, 0.0, 1.0]],
               'mHipLeft': [[1.0, 0.0, 0.0, -0.03375700116157532],
                            [0.0,
                             0.9961950182914734,
                             0.08715599775314331,
                             -0.215705007314682],
                            [0.0,
                             -0.08715599775314331,
                             0.9961950182914734,
                             -1.0110499858856201],
                            [0.0, 0.0, 0.0, 1.0]],
               'mHipRight': [[1.0, 0.0, 0.0, -0.03361999988555908],
                             [0.0,
                              0.9961950182914734,
                              -0.08715599775314331,
                              0.21773000061511993],
                             [0.0,
                              0.08715599775314331,
                              0.9961950182914734,
                              -1.0107799768447876],
                             [0.0, 0.0, 0.0, 1.0]],
               'mKneeLeft': [[1.0, 0.0, 0.0, -0.03286999836564064],
                             [0.0,
                              0.9961950182914734,
                              0.08715599775314331,
                              -0.17013700306415558],
                             [0.0,
                              -0.08715599775314331,
                              0.9961950182914734,
                              -0.5199970006942749],
                             [0.0, 0.0, 0.0, 1.0]],
               'mKneeRight': [[1.0, 0.0, 0.0, -0.032839998602867126],
                              [0.0,
                               0.9961950182914734,
                               -0.08715599775314331,
                               0.1690949946641922],
                              [0.0,
                               0.08715599775314331,
                               0.9961950182914734,
                               -0.5198619961738586],
                              [0.0, 0.0, 0.0, 1.0]],
               'mNeck': [[1.0, 0.0, 0.0, 0.02500000037252903],
                         [0.0, 1.0, 0.0, 0.0],
                         [0.0, 0.0, 1.0, -1.607069969177246],
                         [0.0, 0.0, 0.0, 1.0]],
               'mPelvis': [[1.0, 0.0, 0.0, 0.0],
                           [0.0, 1.0, 0.0, 0.0],
                           [0.0, 0.0, 1.0, -1.0670000314712524],
                           [0.0, 0.0, 0.0, 1.0]],
               'mShoulderLeft': [[1.0, 0.0, 0.0, 0.035999998450279236],
                                 [0.0,
                                  0.8660249710083008,
                                  -0.5,
                                  0.618507981300354],
                                 [0.0,
                                  0.5,
                                  0.8660249710083008,
                                  -1.3992899656295776],
                                 [0.0, 0.0, 0.0, 1.0]],
               'mShoulderRight': [[1.0, 0.0, 0.0, 0.035999998450279236],
                                  [0.0,
                                   0.8660249710083008,
                                   0.5,
                                   -0.6181460022926331],
                                  [0.0,
                                   -0.5,
                                   0.8660249710083008,
                                   -1.3995000123977661],
                                  [0.0, 0.0, 0.0, 1.0]],
               'mSkull': [[1.0, 0.0, 0.0, 0.02500000037252903],
                          [0.0, 1.0, 0.0, 0.0],
                          [0.0, 0.0, 1.0, -1.7620699405670166],
                          [0.0, 0.0, 0.0, 1.0]],
               'mToeLeft': [[1.0, 0.0, 0.0, -0.22132599353790283],
                            [0.0,
                             0.9961950182914734,
                             0.08715599775314331,
                             -0.17978499829769135],
                            [0.0,
                             -0.08715599775314331,
                             0.9961950182914734,
                             0.008201000280678272],
                            [0.0, 0.0, 0.0, 1.0]],
               'mToeRight': [[1.0, 0.0, 0.0, -0.22132599353790283],
                             [0.0,
                              0.9961950182914734,
                              -0.08715599775314331,
                              0.17950299382209778],
                             [0.0,
                              0.08715599775314331,
                              0.9961950182914734,
                              0.009372999891638756],
                             [0.0, 0.0, 0.0, 1.0]],
               'mTorso': [[1.0, 0.0, 0.0, 0.0],
                          [0.0, 1.0, 0.0, 0.0],
                          [0.0, 0.0, 1.0, -1.15106999874115],
                          [0.0, 0.0, 0.0, 1.0]],
               'mWristLeft': [[1.0, 0.0, 0.0, 0.035999998450279236],
                              [0.0,
                               0.8660249710083008,
                               -0.5,
                               0.1656620055437088],
                              [0.0,
                               0.5,
                               0.8660249710083008,
                               -1.3992899656295776],
                              [0.0, 0.0, 0.0, 1.0]],
               'mWristRight': [[1.0, 0.0, 0.0, 0.035999998450279236],
                               [0.0,
                                0.8660249710083008,
                                0.5,
                                -0.16514599323272705],
                               [0.0,
                                -0.5,
                                0.8660249710083008,
                                -1.3995000123977661],
                               [0.0, 0.0, 0.0, 1.0]]},
 'bind_shape': [[1.0, 0.0, 0.0, 0.0],
                [0.0, 1.0, 0.0, 0.0],
                [0.0, 0.0, 1.0, 0.0],
