rig = {'name': 'BentoBuddy', 'bones': {'mPelvis': {'matrix': [(1.0, 0.0, 0.0, 0.0), (0.0, 0.0, -1.0, 0.0), (0.0, 1.0, 0.0, 1.067), (0.0, 0.0, 0.0, 1.0)], 'head': [0.0, 0.0, 1.067], 'tail': [0.0, 0.0, 1.151], 'parent': ''}, 'mTorso': {'matrix': [(1.0, 0.0, -0.0, 0.0), (-0.0, 0.103472, -0.994632, 0.0), (-0.0, 0.994632, 0.103472, 1.151), (0.0, 0.0, 0.0, 1.0)], 'head': [0.0, 0.0, 1.151], 'tail': [0.0, 0.021268, 1.355445], 'parent': 'mPelvis'}, 'mChest': {'matrix': [(1.0, 0.0, -0.0, 0.0), (-0.0, -0.024436, -0.999701, 0.021268), (-0.0, 0.999701, -0.024436, 1.355445), (0.0, 0.0, 0.0, 1.0)], 'head': [0.0, 0.021268, 1.355445], 'tail': [0.0, 0.015154, 1.60557], 'parent': 'mTorso'}, 'mNeck': {'matrix': [(1.0, 0.0, -0.0, 0.0), (-0.0, -0.11154, -0.99376, 0.01509), (-0.0, 0.99376, -0.11154, 1.606568), (0.0, 0.0, 0.0, 1.0)], 'head': [0.0, 0.01509, 1.606568], 'tail': [0.0, 0.006501, 1.683087], 'parent': 'mChest'}, 'mHead': {'matrix': [(1.0, 0.0, 0.0, 0.0), (0.0, -0.115062, -0.993358, 0.006613), (-0.0, 0.993358, -0.115062, 1.682094), (0.0, 0.0, 0.0, 1.0)], 'head': [0.0, 0.006613, 1.682094], 'tail': [0.0, -0.002477, 1.760569], 'parent': 'mNeck'}, 'mCollarLeft': {'matrix': [(0.173932, 0.984694, 0.01122, 0.085), (-0.982651, 0.174294, -0.063387, 0.031603), (-0.064373, 0.0, 0.997926, 1.521454), (0.0, 0.0, 0.0, 1.0)], 'head': [0.085, 0.031603, 1.521454], 'tail': [0.162791, 0.045373, 1.521454], 'parent': 'mChest'}, 'mShoulderLeft': {'matrix': [(-0.021916, 0.692201, 0.721372, 0.162791), (-0.997298, 0.035469, -0.064332, 0.045373), (-0.070117, -0.720833, 0.689553, 1.521454), (0.0, 0.0, 0.0, 1.0)], 'head': [0.162791, 0.045373, 1.521454], 'tail': [0.333764, 0.054133, 1.343409], 'parent': 'mCollarLeft'}, 'mElbowLeft': {'matrix': [(-0.167204, 0.681981, 0.712, 0.334457), (-0.982574, -0.174729, -0.063383, 0.054169), (0.081181, -0.710191, 0.699313, 1.342688), (0.0, 0.0, 0.0, 1.0)], 'head': [0.334457, 0.054169, 1.342688], 'tail': [0.474263, 0.018349, 1.197099], 'parent': 'mShoulderLeft'}, 'mWristLeft': {'matrix': [(-0.2505, 0.661761, 0.706628, 0.474263), (-0.953442, -0.295238, -0.061504, 0.018349), (0.167923, -0.689135, 0.704908, 1.197099), (0.0, 0.0, 0.0, 1.0)], 'head': [0.474263, 0.018349, 1.197099], 'tail': [0.513968, 0.000635, 1.155751], 'parent': 'mElbowLeft'}, 'mCollarRight': {'matrix': [(0.173933, -0.984694, -0.01122, -0.085), (0.982651, 0.174294, -0.063387, 0.031603), (0.064373, 0.0, 0.997926, 1.521454), (0.0, 0.0, 0.0, 1.0)], 'head': [-0.085, 0.031603, 1.521454], 'tail': [-0.162791, 0.045373, 1.521454], 'parent': 'mChest'}, 'mShoulderRight': {'matrix': [(0.067204, -0.794174, 0.603963, -0.162791), (0.997298, 0.035469, -0.064332, 0.045373), (0.029669, 0.606654, 0.794412, 1.521454), (0.0, 0.0, 0.0, 1.0)], 'head': [-0.162791, 0.045373, 1.521454], 'tail': [-0.358952, 0.054133, 1.671298], 'parent': 'mCollarRight'}, 'mElbowRight': {'matrix': [(-0.099488, -0.782449, 0.614716, -0.359746), (0.982575, -0.174729, -0.063382, 0.054169), (0.157002, 0.597698, 0.786198, 1.671905), (0.0, 0.0, 0.0, 1.0)], 'head': [-0.359746, 0.054169, 1.671905], 'tail': [-0.520148, 0.018349, 1.794433], 'parent': 'mShoulderRight'}, 'mWristRight': {'matrix': [(-0.195055, -0.75925, 0.620881, -0.520148), (0.953442, -0.295238, -0.061503, 0.018349), (0.230004, 0.579977, 0.781489, 1.794433), (0.0, 0.0, 0.0, 1.0)], 'head': [-0.520148, 0.018349, 1.794433], 'tail': [-0.565703, 0.000635, 1.829231], 'parent': 'mElbowRight'}, 'mHipRight': {'matrix': [(0.974202, -0.210842, 0.080496, -0.129), (-0.093588, -0.052848, 0.994208, -0.034), (-0.205367, -0.976091, -0.071217, 1.026), (0.0, 0.0, 0.0, 1.0)], 'head': [-0.129, -0.034, 1.026], 'tail': [-0.233038, -0.060078, 0.544357], 'parent': 'mPelvis'}, 'mKneeRight': {'matrix': [(0.951742, -0.301271, 0.058529, -0.233038), (0.000484, 0.192184, 0.981359, -0.060078), (-0.306904, -0.93397, 0.183056, 0.544357), (0.0, 0.0, 0.0, 1.0)], 'head': [-0.233038, -0.060078, 0.544357], 'tail': [-0.374604, 0.030229, 0.105488], 'parent': 'mHipRight'}, 'mAnkleRight': {'matrix': [(0.951741, -0.145553, -0.270198, -0.3743), (0.00048, -0.879679, 0.475569, 0.030098), (-0.306908, -0.452747, -0.837154, 0.106432), (0.0, 0.0, 0.0, 1.0)], 'head': [-0.3743, 0.030098, 0.106432], 'tail': [-0.392863, -0.082091, 0.048691], 'parent': 'mKneeRight'}, 'mFootRight': {'matrix': [(-0.947528, -0.096221, 0.304851, -0.392863), (0.065049, -0.991708, -0.110835, -0.082091), (0.312989, -0.085189, 0.945929, 0.048691), (0.0, 0.0, 0.0, 1.0)], 'head': [-0.392863, -0.082091, 0.048691], 'tail': [-0.403012, -0.186692, 0.039705], 'parent': 'mAnkleRight'}, 'mHipLeft': {'matrix': [(0.973489, 0.216408, -0.074075, 0.127), (0.087845, -0.054701, 0.994631, -0.034), (0.211195, -0.974769, -0.072261, 1.026), (0.0, 0.0, 0.0, 1.0)], 'head': [0.127, -0.034, 1.026], 'tail': [0.233722, -0.060976, 0.545291], 'parent': 'mPelvis'}, 'mKneeLeft': {'matrix': [(0.951187, 0.303391, -0.056545, 0.233722), (-0.00237, 0.190399, 0.981704, -0.060976), (0.308606, -0.93365, 0.181824, 0.545291), (0.0, 0.0, 0.0, 1.0)], 'head': [0.233722, -0.060976, 0.545291], 'tail': [0.376284, 0.028492, 0.106572], 'parent': 'mHipLeft'}, 'mAnkleLeft': {'matrix': [(0.951715, 0.145499, 0.270314, 0.37598), (-1e-06, -0.880543, 0.473966, 0.028362), (0.306985, -0.451081, -0.838025, 0.107516), (0.0, 0.0, 0.0, 1.0)], 'head': [0.37598, 0.028362, 0.107516], 'tail': [0.394536, -0.083937, 0.049988], 'parent': 'mKneeLeft'}, 'mFootLeft': {'matrix': [(-0.842078, 0.103872, -0.52926, 0.394536), (-0.047801, -0.991792, -0.118595, -0.083937), (-0.537234, -0.074567, 0.84013, 0.049988), (0.0, 0.0, 0.0, 1.0)], 'head': [0.394536, -0.083937, 0.049988], 'tail': [0.405475, -0.188382, 0.042135], 'parent': 'mAnkleLeft'}}}